66.6148  67.1914  67.2603  67.8971  68.073  68.4156  68.676  68.9926  69.3211  69.4116  69.4891  
66.7233  67.2945  67.3611  67.9949  68.1641  68.5058  68.7694  69.075  69.4075  69.4975  69.5789  
66.564  67.1416  67.212  67.8529  68.034  68.3941  68.6402  68.9683  69.3146  69.4078  69.4629  
66.6918  67.2658  67.3331  67.9678  68.1385  68.476  68.7428  69.0502  69.3768  69.4665  69.5523  
66.6635  67.2358  67.3033  67.9345  68.1054  68.438  68.7055  69.0126  69.3352  69.4246  69.5112  
66.6479  67.2231  67.2903  67.9311  68.1036  68.4584  68.715  69.0282  69.3725  69.464  69.5346  
66.6436  67.2197  67.2869  67.9293  68.1019  68.459  68.7154  69.0288  69.376  69.4676  69.5376  
66.6625  67.238  67.3057  67.9473  68.1212  68.4803  68.7335  69.0496  69.399  69.4918  69.5556  
66.6536  67.2278  67.2955  67.9354  68.1089  68.4668  68.7201  69.0351  69.3852  69.4775  69.5413  
66.6626  67.2459  67.3166  67.9609  68.1421  68.4938  68.7495  69.0763  69.4083  69.5013  69.5707  
66.5765  67.1548  67.2232  67.8697  68.0468  68.4157  68.6625  68.9851  69.3415  69.4343  69.4916  
66.6848  67.2611  67.3292  67.9661  68.1396  68.4801  68.7439  69.0563  69.3824  69.4725  69.5555  
66.7056  67.2794  67.3467  67.9826  68.1529  68.4949  68.7607  69.0676  69.4038  69.4946  69.5749  
66.6397  67.2149  67.2832  67.9216  68.0963  68.447  68.7034  69.0196  69.3592  69.4513  69.5203  
66.7217  67.2924  67.3594  67.9872  68.1554  68.4792  68.7532  69.0543  69.37  69.4585  69.5537  
66.6353  67.2099  67.2768  67.9169  68.0887  68.4418  68.6994  69.011  69.3528  69.4433  69.5174  
66.5702  67.154  67.2235  67.8742  68.0547  68.4231  68.671  68.9991  69.3481  69.441  69.5019  
66.6606  67.2356  67.3037  67.9409  68.1145  68.4606  68.7204  69.0343  69.3693  69.4608  69.5348  
66.5817  67.1559  67.2263  67.8604  68.0397  68.3877  68.6394  68.9627  69.2999  69.3928  69.4538  
66.6179  67.2005  67.2708  67.9191  68.1007  68.4677  68.7141  69.0443  69.3938  69.4882  69.5434  
66.6525  67.2295  67.2976  67.9349  68.108  68.4469  68.7131  69.0244  69.3502  69.4399  69.5256  
66.577  67.1528  67.2203  67.8596  68.0324  68.3806  68.6413  68.9535  69.291  69.381  69.4589  
66.5842  67.1587  67.2272  67.8675  68.0441  68.4062  68.6535  68.9748  69.3274  69.4207  69.4759  
66.6094  67.1817  67.2491  67.8908  68.0652  68.436  68.679  68.998  69.3617  69.4556  69.5047  
66.6068  67.1847  67.2564  67.8956  68.0795  68.4375  68.6818  69.0145  69.3578  69.4527  69.5025  
66.6707  67.2444  67.3119  67.9493  68.1215  68.4708  68.7298  69.0413  69.3826  69.4741  69.5462  
66.6888  67.2634  67.3321  67.9656  68.1401  68.4773  68.7402  69.0538  69.3775  69.468  69.5484  
66.67  67.2485  67.3168  67.9561  68.1303  68.472  68.7361  69.0503  69.3752  69.4658  69.5491  
66.646  67.2248  67.2943  67.9345  68.1118  68.4601  68.7182  69.0379  69.3714  69.4629  69.5362  
66.6017  67.1731  67.2413  67.8751  68.0491  68.3974  68.6525  68.9671  69.3084  69.4001  69.4665  
66.6227  67.1959  67.2622  67.9025  68.0726  68.4291  68.6863  68.9954  69.3454  69.4364  69.5072  
66.6745  67.2534  67.3223  67.9657  68.1427  68.5005  68.7538  69.0749  69.4188  69.5121  69.5764  
66.5889  67.1674  67.2352  67.8828  68.058  68.4274  68.6766  68.9961  69.3548  69.4476  69.5071  
66.6498  67.2293  67.2979  67.94  68.115  68.4639  68.7255  69.0418  69.379  69.4713  69.5458  
66.6804  67.2555  67.3227  67.9632  68.1351  68.4892  68.7475  69.0592  69.4055  69.4978  69.5678  
66.6507  67.2294  67.2966  67.9405  68.1124  68.4648  68.7276  69.0389  69.3815  69.473  69.5502  
66.6055  67.1858  67.2544  67.9015  68.0785  68.443  68.6943  69.0163  69.3679  69.461  69.5228  
66.6565  67.2333  67.3021  67.9389  68.1135  68.4539  68.7178  69.0321  69.3612  69.4525  69.5312  
66.6817  67.2569  67.325  67.9621  68.1356  68.4812  68.7419  69.0554  69.391  69.4831  69.5565  
66.6416  67.2185  67.2872  67.9244  68.0997  68.4418  68.7034  69.019  69.3466  69.4369  69.5163  
66.6903  67.2604  67.3272  67.9597  68.1294  68.4717  68.7339  69.0401  69.3766  69.4669  69.5444  
66.726  67.2993  67.366  67.9997  68.1679  68.5014  68.7735  69.0754  69.4019  69.491  69.5825  
66.6084  67.1811  67.2492  67.8812  68.0547  68.3913  68.6532  68.9648  69.2867  69.3746  69.4595  
66.6433  67.2245  67.2948  67.9385  68.119  68.475  68.7274  69.0536  69.3927  69.4857  69.5503  
66.6749  67.2575  67.3266  67.9713  68.1478  68.4966  68.759  69.0778  69.4099  69.5023  69.5797  
66.5934  67.1681  67.2354  67.876  68.0486  68.4051  68.6608  68.9742  69.3231  69.4146  69.4825  
66.6715  67.2486  67.3165  67.9588  68.1327  68.4883  68.7451  69.0606  69.4053  69.498  69.5666  
66.6712  67.2462  67.3134  67.9482  68.1181  68.4515  68.7229  69.0282  69.3524  69.4417  69.5325  
66.6556  67.2304  67.2983  67.9359  68.11  68.458  68.7157  69.0303  69.3648  69.4557  69.5299  
66.6031  67.1812  67.2486  67.8932  68.0672  68.4261  68.6812  68.9975  69.3422  69.4335  69.5042  
