66.7863  67.5643  67.7233  68.4525  68.7907  69.0632  69.3812  69.8981  70.0629  70.1825  
66.8483  67.6162  67.7697  68.4887  68.8106  69.0651  69.4011  69.8907  70.0518  70.1694  
66.8048  67.5758  67.7301  68.4571  68.7846  69.0567  69.381  69.883  70.0559  70.1747  
66.8197  67.5988  67.758  68.4825  68.8178  69.0733  69.4034  69.9122  70.0632  70.1823  
66.7834  67.5697  67.7304  68.4607  68.7995  69.0551  69.3875  69.901  70.0466  70.166  
66.8383  67.6159  67.7721  68.4971  68.825  69.0768  69.4157  69.9133  70.0643  70.1826  
66.8367  67.6072  67.7632  68.4848  68.8138  69.0764  69.4027  69.9045  70.0684  70.1869  
66.8287  67.6112  67.7724  68.4958  68.8333  69.0817  69.4158  69.9254  70.0689  70.1883  
66.8046  67.5781  67.7336  68.4616  68.7919  69.0633  69.3867  69.8926  70.0616  70.1805  
66.7839  67.5628  67.7209  68.4522  68.789  69.0622  69.3821  69.8978  70.0624  70.1822  
66.8477  67.6198  67.7751  68.4982  68.8264  69.0864  69.4156  69.9159  70.0737  70.1918  
66.8255  67.5958  67.7512  68.4756  68.8048  69.0747  69.3975  69.9015  70.0723  70.1914  
66.8406  67.6115  67.7677  68.4872  68.8159  69.0718  69.4013  69.9011  70.057  70.1752  
66.8288  67.6033  67.7605  68.4829  68.8139  69.071  69.401  69.9038  70.0594  70.1778  
66.7701  67.5511  67.7116  68.4427  68.7848  69.0589  69.3743  69.8972  70.0601  70.1801  
66.7988  67.5783  67.7379  68.4664  68.8045  69.0719  69.3942  69.9095  70.0711  70.1908  
66.7821  67.565  67.7268  68.4549  68.7976  69.0609  69.3819  69.9029  70.0543  70.1742  
66.7936  67.5741  67.734  68.4619  68.7999  69.0638  69.3886  69.9027  70.0603  70.1799  
66.8268  67.6033  67.7602  68.4852  68.8162  69.0739  69.4052  69.9086  70.0628  70.1813  
66.8439  67.6203  67.7789  68.4983  68.8291  69.0755  69.413  69.9126  70.0611  70.1796  
66.775  67.5571  67.7183  68.4485  68.7915  69.0618  69.3788  69.902  70.0601  70.1803  
66.8086  67.5838  67.7431  68.4642  68.7992  69.0568  69.3832  69.8915  70.0479  70.1669  
66.8599  67.6304  67.7852  68.504  68.8284  69.0789  69.4159  69.9082  70.0629  70.1805  
66.8284  67.6077  67.7654  68.4924  68.8261  69.0839  69.4141  69.9219  70.0721  70.1909  
66.836  67.6147  67.776  68.4939  68.8294  69.0728  69.4087  69.9136  70.0582  70.1774  
66.8089  67.5878  67.7468  68.472  68.8066  69.0642  69.3945  69.9024  70.0574  70.1767  
66.8365  67.6152  67.7736  68.4965  68.8273  69.0766  69.4153  69.9153  70.0667  70.1856  
66.8102  67.5854  67.7409  68.4711  68.8027  69.0758  69.3979  69.9067  70.0735  70.1927  
66.7848  67.5606  67.7174  68.4494  68.784  69.0641  69.3809  69.895  70.0694  70.1892  
66.7703  67.5544  67.7157  68.4495  68.7929  69.0679  69.3845  69.9092  70.072  70.1925  
66.8284  67.6027  67.7598  68.4825  68.8134  69.0715  69.4012  69.9043  70.0615  70.1802  
66.8882  67.6549  67.8077  68.5243  68.8429  69.0915  69.4333  69.9167  70.0766  70.1937  
66.8392  67.607  67.7633  68.4798  68.808  69.0645  69.3923  69.891  70.0521  70.1702  
66.8106  67.5952  67.7572  68.4833  68.8253  69.0783  69.4058  69.9238  70.064  70.1836  
66.8229  67.5972  67.7544  68.4776  68.808  69.0673  69.3977  69.9  70.0609  70.1797  
66.8834  67.6534  67.8069  68.5251  68.8461  69.0925  69.4343  69.9212  70.0725  70.1899  
66.8482  67.6202  67.7756  68.4957  68.8206  69.072  69.4101  69.9028  70.0599  70.1779  
66.8363  67.6165  67.778  68.4945  68.8283  69.0641  69.4071  69.9071  70.0465  70.1656  
66.812  67.5869  67.7455  68.4707  68.8067  69.0753  69.395  69.9079  70.0727  70.1922  
66.7927  67.5753  67.7359  68.4648  68.804  69.0663  69.3923  69.9078  70.0624  70.1821  
66.8341  67.6046  67.7614  68.4808  68.8107  69.0697  69.3969  69.8984  70.0598  70.1782  
66.7767  67.5589  67.7195  68.4513  68.7932  69.0663  69.3835  69.9055  70.0673  70.1872  
66.8028  67.5813  67.7406  68.467  68.8034  69.0667  69.3917  69.9034  70.0614  70.1807  
66.8139  67.5956  67.7561  68.4805  68.8169  69.0682  69.4018  69.9102  70.0579  70.1771  
66.7718  67.5567  67.717  68.4533  68.7966  69.0739  69.3893  69.9152  70.076  70.1959  
66.8093  67.583  67.7411  68.4632  68.7969  69.0581  69.3824  69.8901  70.0488  70.1675  
66.7406  67.5332  67.6965  68.4377  68.7876  69.0659  69.3805  69.9153  70.0712  70.192  
66.801  67.5804  67.7397  68.4651  68.8011  69.0587  69.3871  69.897  70.0483  70.1672  
66.7807  67.5621  67.7226  68.4504  68.79  69.0528  69.3765  69.8931  70.0468  70.1666  
66.8548  67.6378  67.7979  68.5209  68.8557  69.0981  69.438  69.9429  70.0808  70.1998  
