65.9896  66.878  67.0148  67.8607  68.1722  68.399  68.8626  69.3593  69.4514  69.5779  69.8354  
66.0836  66.965  67.0974  67.9323  68.2291  68.4327  68.9155  69.3857  69.4638  69.5877  69.8693  
66.0225  66.9051  67.0376  67.8809  68.1819  68.4052  68.8772  69.3587  69.4547  69.5801  69.8461  
66.0039  66.8933  67.031  67.8724  68.182  68.3961  68.8683  69.3582  69.4413  69.5671  69.8351  
65.9964  66.8957  67.0342  67.8839  68.1964  68.4089  68.886  69.38  69.4526  69.5787  69.8547  
66.0398  66.928  67.0633  67.9025  68.2057  68.4109  68.8919  69.371  69.4462  69.5709  69.8508  
66.039  66.9195  67.0543  67.89  68.1937  68.4084  68.8787  69.3613  69.4491  69.5743  69.8399  
66.0171  66.909  67.0493  67.8861  68.1993  68.4023  68.8762  69.368  69.437  69.5628  69.8348  
66.0169  66.9012  67.0349  67.8786  68.1825  68.4058  68.8756  69.3613  69.4544  69.58  69.8442  
65.992  66.8818  67.0174  67.8663  68.176  68.4042  68.8703  69.3655  69.4586  69.5853  69.8446  
66.0391  66.919  67.0536  67.8882  68.1917  68.4045  68.8744  69.3562  69.4398  69.5644  69.8319  
66.0274  66.9065  67.0407  67.8775  68.1813  68.4011  68.8682  69.3527  69.4461  69.5718  69.8319  
66.0554  66.9378  67.0727  67.9079  68.2113  68.4203  68.8941  69.3747  69.454  69.5787  69.8505  
66.0475  66.9338  67.0696  67.9076  68.2133  68.4221  68.8967  69.3804  69.4571  69.5819  69.8552  
65.9703  66.8621  66.9999  67.8496  68.1643  68.3953  68.8567  69.359  69.4528  69.5799  69.8342  
65.9912  66.8806  67.0183  67.8624  68.1744  68.3965  68.8628  69.3585  69.4478  69.5743  69.8344  
65.9963  66.891  67.0303  67.8769  68.193  68.412  68.8781  69.3793  69.4573  69.5839  69.8467  
65.9992  66.8909  67.0289  67.8735  68.1854  68.4032  68.8729  69.3675  69.4503  69.5765  69.8419  
66.0254  66.9121  67.0477  67.8877  68.1934  68.4059  68.8798  69.3643  69.4451  69.5701  69.8419  
66.0431  66.931  67.0687  67.9034  68.2098  68.4101  68.8899  69.3713  69.4435  69.5684  69.8466  
65.9814  66.8745  67.0131  67.8614  68.1773  68.4035  68.8659  69.3689  69.4555  69.5826  69.8393  
66.0273  66.9162  67.0534  67.8941  68.2028  68.4153  68.8884  69.3769  69.458  69.5837  69.8531  
66.0575  66.939  67.0731  67.9069  68.2066  68.4117  68.8914  69.3651  69.4457  69.5697  69.8478  
66.014  66.9023  67.0387  67.8807  68.1888  68.4044  68.8756  69.3645  69.4464  69.572  69.8401  
66.0375  66.9286  67.0688  67.9032  68.2141  68.4121  68.8906  69.3775  69.4454  69.5709  69.8476  
66.015  66.9058  67.0432  67.8853  68.1942  68.4059  68.8808  69.3695  69.4492  69.5751  69.8462  
66.0257  66.9142  67.0522  67.8877  68.1946  68.3962  68.8758  69.3581  69.4324  69.5574  69.8349  
66.0023  66.8857  67.0196  67.8637  68.1691  68.3964  68.8619  69.3509  69.4469  69.5729  69.832  
65.984  66.8688  67.0035  67.8496  68.1576  68.3893  68.8518  69.3454  69.4455  69.5722  69.8264  
65.9673  66.8602  66.9993  67.8475  68.1646  68.3922  68.8528  69.3577  69.4462  69.5734  69.8276  
66.0321  66.9173  67.053  67.8911  68.1966  68.4083  68.8817  69.3657  69.4478  69.573  69.8431  
66.073  66.9487  67.0818  67.909  68.2043  68.4041  68.8865  69.3522  69.435  69.5583  69.8386  
66.0578  66.939  67.0737  67.9084  68.2108  68.4209  68.8954  69.3744  69.4589  69.5836  69.8546  
65.993  66.8872  67.0274  67.8705  68.1868  68.4006  68.8684  69.3677  69.4425  69.5689  69.8339  
66.0251  66.9104  67.0464  67.8841  68.1894  68.4004  68.875  69.3583  69.4418  69.567  69.8377  
66.0804  66.9588  67.0925  67.9208  68.2185  68.4158  68.8972  69.3666  69.4397  69.5632  69.8445  
66.0578  66.9413  67.0761  67.9101  68.2106  68.4126  68.8943  69.3685  69.4455  69.5697  69.8498  
66.0626  66.9575  67.0982  67.9316  68.2414  68.4285  68.9152  69.3975  69.4532  69.5783  69.866  
66.0058  66.8897  67.0267  67.8659  68.1761  68.3976  68.861  69.3545  69.4453  69.5716  69.8282  
65.996  66.8891  67.0279  67.8722  68.1857  68.4014  68.871  69.3673  69.4464  69.5727  69.8386  
66.047  66.9288  67.0644  67.8988  68.2034  68.4136  68.8857  69.368  69.4505  69.5753  69.8442  
65.9711  66.8624  67.0009  67.8481  68.1635  68.391  68.8522  69.3544  69.444  69.5707  69.8264  
66.0169  66.9064  67.0439  67.8855  68.1962  68.411  68.8806  69.373  69.4525  69.5783  69.8449  
66.0126  66.9055  67.0448  67.8846  68.1961  68.4016  68.8775  69.3675  69.4393  69.5648  69.8394  
65.9449  66.8375  66.9754  67.828  68.1442  68.3814  68.8393  69.3449  69.4433  69.5703  69.8212  
66.0268  66.9136  67.0495  67.8908  68.1979  68.4144  68.8854  69.373  69.4577  69.5831  69.8506  
65.9227  66.8229  66.9635  67.8198  68.1429  68.3779  68.8346  69.3497  69.4377  69.5654  69.8169  
66.0183  66.9107  67.0479  67.8922  68.2019  68.415  68.8889  69.3792  69.4561  69.5815  69.8539  
66.001  66.8955  67.0334  67.881  68.1937  68.4122  68.8824  69.3788  69.4587  69.5852  69.8518  
66.0186  66.9092  67.049  67.8843  68.1953  68.3963  68.8729  69.3607  69.4307  69.5562  69.8308  
