66.2633  67.2505  67.4365  68.335  68.7458  68.9781  69.4214  70.0219  70.0251  70.1333  
66.3733  67.3474  67.5274  68.4091  68.7989  69.0046  69.4705  70.0359  70.0331  70.1402  
66.3025  67.281  67.4612  68.3566  68.754  68.9851  69.4366  70.0198  70.0308  70.1385  
66.2756  67.2657  67.4527  68.3452  68.7511  68.9628  69.424  70.013  70.0102  70.1206  
66.2786  67.2772  67.4657  68.3645  68.7749  68.9852  69.4479  70.0407  70.0255  70.1349  
66.3195  67.3044  67.4883  68.3756  68.7732  68.976  69.4438  70.0185  70.0081  70.1166  
66.3142  67.2911  67.4741  68.36  68.7595  68.9773  69.4304  70.0123  70.0155  70.1234  
66.291  67.281  67.4711  68.3552  68.7652  68.964  69.4242  70.0127  69.9949  70.104  
66.295  67.276  67.4579  68.3534  68.7545  68.9838  69.4335  70.021  70.0271  70.1348  
66.2696  67.2588  67.4437  68.345  68.7534  68.985  69.4329  70.0311  70.0338  70.1428  
66.3097  67.2864  67.4691  68.3538  68.7532  68.9676  69.4205  70.001  69.9975  70.1049  
66.302  67.277  67.4592  68.3468  68.7473  68.9727  69.4194  70.0049  70.0118  70.1192  
66.3351  67.3133  67.4966  68.3805  68.7791  68.989  69.4468  70.0251  70.0206  70.1286  
66.3288  67.3103  67.4949  68.381  68.7828  68.9935  69.4501  70.0316  70.0237  70.131  
66.2436  67.2361  67.4237  68.3268  68.7418  68.9769  69.4196  70.0269  70.0308  70.1401  
66.2635  67.2522  67.4393  68.3352  68.7458  68.9705  69.4192  70.0171  70.0179  70.1266  
66.2755  67.2693  67.459  68.3552  68.7711  68.99  69.4384  70.041  70.0292  70.1381  
66.2762  67.2661  67.4535  68.3486  68.7589  68.979  69.4305  70.0261  70.0213  70.1298  
66.3004  67.2849  67.4692  68.3593  68.761  68.9737  69.4325  70.0155  70.0101  70.1185  
66.3211  67.3056  67.4921  68.3744  68.7752  68.9733  69.4403  70.0171  70.0073  70.1162  
66.2574  67.2504  67.4391  68.3389  68.7552  68.9834  69.4272  70.0336  70.0293  70.1383  
66.3091  67.2953  67.4817  68.3719  68.7771  68.9912  69.4486  70.0366  70.035  70.1441  
66.3338  67.312  67.4939  68.3771  68.77  68.9742  69.442  70.0116  70.0105  70.1192  
66.286  67.2748  67.4604  68.353  68.7578  68.9696  69.4292  70.0169  70.0092  70.1188  
66.3165  67.3045  67.4942  68.3753  68.7815  68.9761  69.442  70.0244  70.0108  70.1203  
66.2942  67.2827  67.4693  68.3608  68.7663  68.9783  69.4377  70.0252  70.0197  70.1286  
66.3005  67.2853  67.4719  68.3556  68.7574  68.9585  69.4232  70.0017  69.9929  70.1013  
66.2735  67.256  67.4383  68.3354  68.7385  68.9694  69.4171  70.0084  70.0137  70.1222  
66.2561  67.2387  67.4219  68.3216  68.7289  68.9692  69.4086  70.0071  70.0171  70.1247  
66.2393  67.2313  67.4203  68.3204  68.7388  68.9711  69.4091  70.0184  70.014  70.1216  
66.3092  67.2913  67.4757  68.3634  68.7647  68.9773  69.435  70.0176  70.0148  70.1232  
66.3465  67.3169  67.497  68.3728  68.7595  68.9594  69.4295  69.9893  69.9926  70.1003  
66.3385  67.3155  67.4984  68.3827  68.7798  68.9929  69.4518  70.0293  70.0339  70.1423  
66.264  67.2605  67.4512  68.3443  68.7587  68.9659  69.4236  70.0221  70.0067  70.1175  
66.3015  67.2827  67.4671  68.3546  68.7558  68.9703  69.4271  70.0093  70.0095  70.1174  
66.3584  67.3312  67.5126  68.3869  68.7769  68.9712  69.4396  70.002  69.992  70.0995  
66.339  67.3167  67.4994  68.3809  68.7751  68.9783  69.4442  70.0139  70.0098  70.1174  
66.352  67.3402  67.5303  68.407  68.811  68.9947  69.4669  70.0416  70.0185  70.127  
66.2767  67.2587  67.4446  68.3353  68.7439  68.9696  69.4136  70.0093  70.0125  70.1206  
66.2726  67.2637  67.4522  68.3462  68.7584  68.9754  69.4264  70.0233  70.0135  70.1218  
66.325  67.3017  67.4856  68.3691  68.7696  68.984  69.4371  70.0184  70.0184  70.1257  
66.2412  67.232  67.4201  68.3201  68.7362  68.9687  69.4087  70.0153  70.0137  70.1216  
66.2957  67.2813  67.4681  68.3589  68.7678  68.9861  69.435  70.0276  70.0199  70.1272  
66.2887  67.2788  67.4676  68.3558  68.7642  68.9692  69.4292  70.0171  70.0042  70.1127  
66.2089  67.2052  67.3929  68.3013  68.7184  68.9581  69.3994  70.0112  70.0153  70.1249  
66.3064  67.2906  67.4755  68.3673  68.7713  68.991  69.4451  70.0334  70.0347  70.1433  
66.1894  67.1924  67.3839  68.2941  68.7206  68.9578  69.3936  70.0149  70.0045  70.113  
66.2992  67.2894  67.476  68.3698  68.7768  68.9907  69.4483  70.038  70.0294  70.138  
66.2835  67.2766  67.4645  68.3618  68.7732  68.9923  69.4455  70.0429  70.035  70.1442  
66.2866  67.2782  67.4675  68.3512  68.7572  68.949  69.4185  70.0011  69.9836  70.0941  
