66.5505  67.5145  67.7064  68.5533  68.9733  69.1531  69.5804  
66.6034  67.5605  67.7449  68.5833  68.9807  69.1371  69.5935  
66.5624  67.5205  67.7061  68.5533  68.9595  69.1386  69.5768  
66.5921  67.5544  67.7479  68.5832  68.9984  69.1576  69.5978  
66.5462  67.5202  67.7147  68.5594  68.9784  69.1349  69.5807  
66.6063  67.5708  67.7596  68.6005  69.0059  69.1613  69.6153  
66.6025  67.5587  67.7469  68.5858  68.9936  69.163  69.6021  
66.6027  67.5712  67.7665  68.6038  69.0213  69.1746  69.62  
66.5657  67.5262  67.7135  68.561  68.9708  69.1492  69.5853  
66.5482  67.5137  67.7046  68.5531  68.9709  69.1486  69.5799  
66.6187  67.5757  67.7634  68.6036  69.0108  69.1797  69.6193  
66.5917  67.5485  67.7355  68.58  68.9885  69.1675  69.6026  
66.6032  67.5605  67.749  68.5845  68.9913  69.1511  69.5951  
66.5899  67.5521  67.7415  68.582  68.9915  69.1533  69.5979  
66.5355  67.5018  67.6961  68.5426  68.9674  69.1469  69.5707  
66.5677  67.5327  67.7257  68.5704  68.9898  69.1642  69.5963  
66.546  67.5164  67.7119  68.5556  68.9802  69.146  69.5784  
66.558  67.5255  67.7185  68.5635  68.9823  69.1516  69.5879  
66.5943  67.5563  67.7461  68.5865  68.9967  69.1599  69.6031  
66.6115  67.5738  67.7656  68.5989  69.0075  69.1576  69.6094  
66.5405  67.5092  67.7042  68.5505  68.9759  69.1505  69.5774  
66.5675  67.5292  67.7216  68.5574  68.9716  69.1312  69.5718  
66.6269  67.5818  67.7693  68.6018  69.003  69.1578  69.6091  
66.603  67.5664  67.7581  68.5974  69.0109  69.1726  69.6133  
66.6034  67.5682  67.7633  68.5939  69.0079  69.1539  69.6039  
66.5733  67.539  67.7312  68.5721  68.9861  69.1473  69.5911  
66.6065  67.5713  67.7627  68.6017  69.0109  69.1672  69.6187  
66.5801  67.5404  67.7284  68.5762  68.9882  69.1695  69.6012  
66.55  67.5122  67.7009  68.5539  68.9699  69.161  69.5867  
66.5387  67.5103  67.7047  68.5584  68.9851  69.1694  69.594  
66.5941  67.5544  67.7442  68.5829  68.9925  69.1555  69.5984  
66.6593  67.6102  67.7949  68.627  69.0211  69.1773  69.6342  
66.5972  67.5507  67.7394  68.5709  68.9768  69.1365  69.5794  
66.5876  67.5556  67.7531  68.588  69.0115  69.1661  69.6023  
66.5869  67.5478  67.7372  68.5782  68.9875  69.1539  69.5973  
66.655  67.6112  67.7966  68.631  69.0278  69.1793  69.6374  
66.6111  67.5704  67.7576  68.5953  68.9969  69.1535  69.6079  
66.5959  67.5655  67.76  68.592  69.0028  69.1392  69.6005  
66.5808  67.5411  67.7325  68.5751  68.9923  69.1695  69.5986  
66.5592  67.5293  67.7231  68.5695  68.9899  69.1581  69.5952  
66.5954  67.5524  67.7413  68.5788  68.9872  69.1529  69.5936  
66.5444  67.5126  67.7065  68.5565  68.9814  69.1638  69.5881  
66.5652  67.5319  67.7235  68.5695  68.9863  69.1562  69.5935  
66.5807  67.549  67.743  68.5828  68.999  69.1559  69.6012  
66.547  67.5148  67.7097  68.5595  68.9868  69.1722  69.5916  
66.568  67.5275  67.7185  68.5557  68.9689  69.1334  69.5706  
66.5146  67.4937  67.6915  68.5503  68.9859  69.1731  69.5919  
66.5613  67.5277  67.7202  68.5608  68.9766  69.1368  69.5783  
66.5411  67.5102  67.7041  68.5475  68.9679  69.132  69.5689  
66.6392  67.6048  67.8  68.6318  69.0457  69.1922  69.6419  
