-8.66238  3.4561  0.0435476
-8.48558  3.46861  0.0445065
-8.66122  3.45433  0.0437646
-8.61669  3.46536  0.0421642
-8.53435  3.46287  0.0429993
-8.50977  3.46526  0.044696
-8.62074  3.46383  0.0442751
-8.58025  3.46781  0.0450922
-8.62368  3.45664  0.0440916
-8.5555  3.45869  0.0430955
-8.65328  3.46807  0.0452371
-8.66493  3.45847  0.0453529
-8.5835  3.47346  0.0437021
-8.54178  3.46715  0.0445815
-8.65233  3.45634  0.0423794
-8.60891  3.45467  0.0438609
-8.55678  3.46721  0.0433297
-8.60654  3.45751  0.0439782
-8.60759  3.46527  0.0439298
-8.57489  3.46705  0.0439959
-8.59193  3.46147  0.0431893
-8.59486  3.46603  0.0422162
-8.58296  3.46923  0.0432197
-8.51651  3.46993  0.0432523
-8.56408  3.46883  0.0436671
-8.58237  3.46068  0.0436495
-8.65088  3.45738  0.0454087
-8.62337  3.45952  0.0441438
-8.7217  3.4489  0.0448467
-8.64465  3.45054  0.0454577
-8.60575  3.46549  0.0438832
-8.62033  3.46213  0.0450639
-8.60667  3.46923  0.0422422
-8.55895  3.47586  0.0422637
-8.6829  3.4569  0.0445867
-8.5391  3.47489  0.0459677
-8.59713  3.46246  0.0449779
-8.49537  3.4707  0.0448238
-8.66995  3.45881  0.0444453
-8.60692  3.45825  0.0448085
-8.65376  3.46462  0.0443804
-8.69799  3.45282  0.0444213
-8.5993  3.45997  0.0451597
-8.64466  3.46121  0.0445071
-8.65639  3.45269  0.0425291
-8.62902  3.46649  0.0421097
-8.68117  3.44885  0.044911
-8.57775  3.46626  0.0428733
-8.56513  3.46534  0.042711
-8.51551  3.47226  0.0440767
