-8.67505  3.45133  0.0567077
-8.53367  3.47212  0.0534926
-8.72441  3.46486  0.0560016
-8.64638  3.46636  0.0544839
-8.55186  3.46252  0.0528896
-8.63367  3.45428  0.0570264
-8.55063  3.47485  0.0512147
-8.60962  3.46041  0.0555829
-8.58839  3.45705  0.0559522
-8.63516  3.46436  0.0554327
-8.64088  3.45774  0.0563122
-8.64002  3.46265  0.0554238
-8.60017  3.46767  0.0561267
-8.60331  3.45451  0.0548986
-8.68749  3.46173  0.0560046
-8.64104  3.46618  0.0564417
-8.55897  3.46397  0.056348
-8.64074  3.45915  0.0559378
-8.58726  3.46244  0.0517406
-8.61479  3.46205  0.056804
-8.54381  3.46387  0.055641
-8.6474  3.45444  0.0563488
-8.72709  3.46051  0.0558864
-8.67532  3.45751  0.055951
-8.55869  3.45773  0.0566078
-8.57701  3.45375  0.0542198
-8.63089  3.45205  0.0554466
-8.67087  3.46909  0.0555682
-8.59478  3.462  0.0560641
-8.65472  3.45722  0.0569631
-8.62697  3.46657  0.0560561
-8.58989  3.46569  0.0540056
-8.66133  3.46484  0.0554734
-8.67973  3.45783  0.0560547
-8.72289  3.44502  0.0555488
-8.72874  3.46912  0.0539607
-8.70334  3.45633  0.0554175
-8.67982  3.4602  0.0561689
-8.58212  3.46286  0.0537264
-8.62244  3.46173  0.0543157
-8.64998  3.45418  0.0563992
-8.61624  3.44921  0.0561133
-8.59348  3.46275  0.0558794
-8.60736  3.45618  0.0564338
-8.61934  3.4698  0.0550166
-8.62519  3.46526  0.0560364
-8.61054  3.45454  0.0572588
-8.5287  3.45722  0.0553898
-8.53789  3.47502  0.0548999
-8.68049  3.4613  0.0561272
