8.0000000000e-06
1.4399585095e-02
2.8791170190e-02
4.3182755286e-02
5.7574340381e-02
7.1965925476e-02
8.6357510571e-02
1.0074909567e-01
1.1514068076e-01
1.2953226586e-01
1.4392385095e-01
1.5831543605e-01
1.7270702114e-01
1.8709860624e-01
2.0149019133e-01
2.1588177643e-01
2.3027336152e-01
2.4466494662e-01
2.5905653171e-01
2.7344811681e-01
2.8783970190e-01
3.0223128700e-01
3.1662287210e-01
3.3101445719e-01
3.4540604229e-01
3.5979762738e-01
3.7418921248e-01
3.8858079757e-01
4.0297238267e-01
4.1736396776e-01
4.3175555286e-01
4.4614713795e-01
4.6053872305e-01
4.7493030814e-01
4.8932189324e-01
5.0371347833e-01
5.1810506343e-01
5.3249664852e-01
5.4688823362e-01
5.6127981871e-01
5.7567140381e-01
5.9006298890e-01
6.0445457400e-01
6.1884615909e-01
6.3323774419e-01
6.4762932929e-01
6.6202091438e-01
6.7641249948e-01
6.9080408457e-01
7.0519566967e-01
7.1958725476e-01
7.3397883986e-01
7.4837042495e-01
7.6276201005e-01
7.7715359514e-01
7.9154518024e-01
8.0593676533e-01
8.2032835043e-01
8.3471993552e-01
8.4911152062e-01
8.6350310571e-01
8.7789469081e-01
8.9228627590e-01
9.0667786100e-01
9.2106944609e-01
9.3546103119e-01
9.4985261629e-01
9.6424420138e-01
9.7863578648e-01
9.9302737157e-01
1.0074189567e+00
1.0218105418e+00
1.0362021269e+00
1.0505937120e+00
1.0649852970e+00
1.0793768821e+00
1.0937684672e+00
1.1081600523e+00
1.1225516374e+00
1.1369432225e+00
1.1513348076e+00
1.1657263927e+00
1.1801179778e+00
1.1945095629e+00
1.2089011480e+00
1.2232927331e+00
1.2376843182e+00
1.2520759033e+00
1.2664674884e+00
1.2808590735e+00
1.2952506586e+00
1.3096422437e+00
1.3240338288e+00
1.3384254139e+00
1.3528169990e+00
1.3672085840e+00
1.3816001691e+00
1.3959917542e+00
1.4103833393e+00
1.4247749244e+00
1.4391665095e+00
1.4535580946e+00
1.4679496797e+00
1.4823412648e+00
1.4967328499e+00
1.5111244350e+00
1.5255160201e+00
1.5399076052e+00
1.5542991903e+00
1.5686907754e+00
1.5830823605e+00
1.5974739456e+00
1.6118655307e+00
1.6262571158e+00
1.6406487009e+00
1.6550402860e+00
1.6694318710e+00
1.6838234561e+00
1.6982150412e+00
1.7126066263e+00
1.7269982114e+00
1.7413897965e+00
1.7557813816e+00
1.7701729667e+00
1.7845645518e+00
1.7989561369e+00
1.8133477220e+00
1.8277393071e+00
1.8421308922e+00
1.8565224773e+00
1.8709140624e+00
1.8853056475e+00
1.8996972326e+00
1.9140888177e+00
1.9284804028e+00
1.9428719879e+00
1.9572635730e+00
1.9716551580e+00
1.9860467431e+00
2.0004383282e+00
2.0148299133e+00
2.0292214984e+00
2.0436130835e+00
2.0580046686e+00
2.0723962537e+00
2.0867878388e+00
2.1011794239e+00
2.1155710090e+00
2.1299625941e+00
2.1443541792e+00
2.1587457643e+00
2.1731373494e+00
2.1875289345e+00
2.2019205196e+00
2.2163121047e+00
2.2307036898e+00
2.2450952749e+00
2.2594868600e+00
2.2738784450e+00
2.2882700301e+00
2.3026616152e+00
2.3170532003e+00
2.3314447854e+00
2.3458363705e+00
2.3602279556e+00
2.3746195407e+00
2.3890111258e+00
2.4034027109e+00
2.4177942960e+00
2.4321858811e+00
2.4465774662e+00
2.4609690513e+00
2.4753606364e+00
2.4897522215e+00
2.5041438066e+00
2.5185353917e+00
2.5329269768e+00
2.5473185619e+00
2.5617101470e+00
2.5761017320e+00
2.5904933171e+00
2.6048849022e+00
2.6192764873e+00
2.6336680724e+00
2.6480596575e+00
2.6624512426e+00
2.6768428277e+00
2.6912344128e+00
2.7056259979e+00
2.7200175830e+00
2.7344091681e+00
2.7488007532e+00
2.7631923383e+00
2.7775839234e+00
2.7919755085e+00
2.8063670936e+00
2.8207586787e+00
2.8351502638e+00
2.8495418489e+00
2.8639334340e+00
2.8783250190e+00
2.8927166041e+00
2.9071081892e+00
2.9214997743e+00
2.9358913594e+00
2.9502829445e+00
2.9646745296e+00
2.9790661147e+00
2.9934576998e+00
3.0078492849e+00
3.0222408700e+00
3.0366324551e+00
3.0510240402e+00
3.0654156253e+00
3.0798072104e+00
3.0941987955e+00
3.1085903806e+00
3.1229819657e+00
3.1373735508e+00
3.1517651359e+00
3.1661567210e+00
3.1805483060e+00
3.1949398911e+00
3.2093314762e+00
3.2237230613e+00
3.2381146464e+00
3.2525062315e+00
3.2668978166e+00
3.2812894017e+00
3.2956809868e+00
3.3100725719e+00
3.3244641570e+00
3.3388557421e+00
3.3532473272e+00
3.3676389123e+00
3.3820304974e+00
3.3964220825e+00
3.4108136676e+00
3.4252052527e+00
3.4395968378e+00
3.4539884229e+00
3.4683800080e+00
3.4827715930e+00
3.4971631781e+00
3.5115547632e+00
3.5259463483e+00
3.5403379334e+00
3.5547295185e+00
3.5691211036e+00
3.5835126887e+00
3.5979042738e+00
3.6122958589e+00
3.6266874440e+00
3.6410790291e+00
3.6554706142e+00
3.6698621993e+00
3.6842537844e+00
3.6986453695e+00
3.7130369546e+00
3.7274285397e+00
3.7418201248e+00
3.7562117099e+00
3.7706032950e+00
3.7849948800e+00
3.7993864651e+00
3.8137780502e+00
3.8281696353e+00
3.8425612204e+00
3.8569528055e+00
3.8713443906e+00
3.8857359757e+00
3.9001275608e+00
3.9145191459e+00
3.9289107310e+00
3.9433023161e+00
3.9576939012e+00
3.9720854863e+00
3.9864770714e+00
4.0008686565e+00
4.0152602416e+00
4.0296518267e+00
4.0440434118e+00
4.0584349969e+00
4.0728265820e+00
4.0872181670e+00
4.1016097521e+00
4.1160013372e+00
4.1303929223e+00
4.1447845074e+00
4.1591760925e+00
4.1735676776e+00
4.1879592627e+00
4.2023508478e+00
4.2167424329e+00
4.2311340180e+00
4.2455256031e+00
4.2599171882e+00
4.2743087733e+00
4.2887003584e+00
4.3030919435e+00
4.3174835286e+00
4.3318751137e+00
4.3462666988e+00
4.3606582839e+00
4.3750498690e+00
4.3894414540e+00
4.4038330391e+00
4.4182246242e+00
4.4326162093e+00
4.4470077944e+00
4.4613993795e+00
4.4757909646e+00
4.4901825497e+00
4.5045741348e+00
4.5189657199e+00
4.5333573050e+00
4.5477488901e+00
4.5621404752e+00
4.5765320603e+00
4.5909236454e+00
4.6053152305e+00
4.6197068156e+00
4.6340984007e+00
4.6484899858e+00
4.6628815709e+00
4.6772731559e+00
4.6916647410e+00
4.7060563261e+00
4.7204479112e+00
4.7348394963e+00
4.7492310814e+00
4.7636226665e+00
4.7780142516e+00
4.7924058367e+00
4.8067974218e+00
4.8211890069e+00
4.8355805920e+00
4.8499721771e+00
4.8643637622e+00
4.8787553473e+00
4.8931469324e+00
4.9075385175e+00
4.9219301026e+00
4.9363216877e+00
4.9507132728e+00
4.9651048579e+00
4.9794964429e+00
4.9938880280e+00
5.0082796131e+00
5.0226711982e+00
5.0370627833e+00
5.0514543684e+00
5.0658459535e+00
5.0802375386e+00
5.0946291237e+00
5.1090207088e+00
5.1234122939e+00
5.1378038790e+00
5.1521954641e+00
5.1665870492e+00
5.1809786343e+00
5.1953702194e+00
5.2097618045e+00
5.2241533896e+00
5.2385449747e+00
5.2529365598e+00
5.2673281449e+00
5.2817197299e+00
5.2961113150e+00
5.3105029001e+00
5.3248944852e+00
5.3392860703e+00
5.3536776554e+00
5.3680692405e+00
5.3824608256e+00
5.3968524107e+00
5.4112439958e+00
5.4256355809e+00
5.4400271660e+00
5.4544187511e+00
5.4688103362e+00
5.4832019213e+00
5.4975935064e+00
5.5119850915e+00
5.5263766766e+00
5.5407682617e+00
5.5551598468e+00
5.5695514319e+00
5.5839430169e+00
5.5983346020e+00
5.6127261871e+00
5.6271177722e+00
5.6415093573e+00
5.6559009424e+00
5.6702925275e+00
5.6846841126e+00
5.6990756977e+00
5.7134672828e+00
5.7278588679e+00
5.7422504530e+00
5.7566420381e+00
5.7710336232e+00
5.7854252083e+00
5.7998167934e+00
5.8142083785e+00
5.8285999636e+00
5.8429915487e+00
5.8573831338e+00
5.8717747189e+00
5.8861663039e+00
5.9005578890e+00
5.9149494741e+00
5.9293410592e+00
5.9437326443e+00
5.9581242294e+00
5.9725158145e+00
5.9869073996e+00
6.0012989847e+00
6.0156905698e+00
6.0300821549e+00
6.0444737400e+00
6.0588653251e+00
6.0732569102e+00
6.0876484953e+00
6.1020400804e+00
6.1164316655e+00
6.1308232506e+00
6.1452148357e+00
6.1596064208e+00
6.1739980059e+00
6.1883895909e+00
6.2027811760e+00
6.2171727611e+00
6.2315643462e+00
6.2459559313e+00
6.2603475164e+00
6.2747391015e+00
6.2891306866e+00
6.3035222717e+00
6.3179138568e+00
6.3323054419e+00
6.3466970270e+00
6.3610886121e+00
6.3754801972e+00
6.3898717823e+00
6.4042633674e+00
6.4186549525e+00
6.4330465376e+00
6.4474381227e+00
6.4618297078e+00
6.4762212929e+00
6.4906128779e+00
6.5050044630e+00
6.5193960481e+00
6.5337876332e+00
6.5481792183e+00
6.5625708034e+00
6.5769623885e+00
6.5913539736e+00
6.6057455587e+00
6.6201371438e+00
6.6345287289e+00
6.6489203140e+00
6.6633118991e+00
6.6777034842e+00
6.6920950693e+00
6.7064866544e+00
6.7208782395e+00
6.7352698246e+00
6.7496614097e+00
6.7640529948e+00
6.7784445799e+00
6.7928361649e+00
6.8072277500e+00
6.8216193351e+00
6.8360109202e+00
6.8504025053e+00
6.8647940904e+00
6.8791856755e+00
6.8935772606e+00
6.9079688457e+00
6.9223604308e+00
6.9367520159e+00
6.9511436010e+00
6.9655351861e+00
6.9799267712e+00
6.9943183563e+00
7.0087099414e+00
7.0231015265e+00
7.0374931116e+00
7.0518846967e+00
7.0662762818e+00
7.0806678669e+00
7.0950594519e+00
7.1094510370e+00
7.1238426221e+00
7.1382342072e+00
7.1526257923e+00
7.1670173774e+00
7.1814089625e+00
7.1958005476e+00
7.2101921327e+00
7.2245837178e+00
7.2389753029e+00
7.2533668880e+00
7.2677584731e+00
7.2821500582e+00
7.2965416433e+00
7.3109332284e+00
7.3253248135e+00
7.3397163986e+00
7.3541079837e+00
7.3684995688e+00
7.3828911539e+00
7.3972827389e+00
7.4116743240e+00
7.4260659091e+00
7.4404574942e+00
7.4548490793e+00
7.4692406644e+00
7.4836322495e+00
7.4980238346e+00
7.5124154197e+00
7.5268070048e+00
7.5411985899e+00
7.5555901750e+00
7.5699817601e+00
7.5843733452e+00
7.5987649303e+00
7.6131565154e+00
7.6275481005e+00
7.6419396856e+00
7.6563312707e+00
7.6707228558e+00
7.6851144409e+00
7.6995060259e+00
7.7138976110e+00
7.7282891961e+00
7.7426807812e+00
7.7570723663e+00
7.7714639514e+00
7.7858555365e+00
7.8002471216e+00
7.8146387067e+00
7.8290302918e+00
7.8434218769e+00
7.8578134620e+00
7.8722050471e+00
7.8865966322e+00
7.9009882173e+00
7.9153798024e+00
7.9297713875e+00
7.9441629726e+00
7.9585545577e+00
7.9729461428e+00
7.9873377279e+00
8.0017293129e+00
8.0161208980e+00
8.0305124831e+00
8.0449040682e+00
8.0592956533e+00
8.0736872384e+00
8.0880788235e+00
8.1024704086e+00
8.1168619937e+00
8.1312535788e+00
8.1456451639e+00
8.1600367490e+00
8.1744283341e+00
8.1888199192e+00
8.2032115043e+00
8.2176030894e+00
8.2319946745e+00
8.2463862596e+00
8.2607778447e+00
8.2751694298e+00
8.2895610149e+00
8.3039525999e+00
8.3183441850e+00
8.3327357701e+00
8.3471273552e+00
8.3615189403e+00
8.3759105254e+00
8.3903021105e+00
8.4046936956e+00
8.4190852807e+00
8.4334768658e+00
8.4478684509e+00
8.4622600360e+00
8.4766516211e+00
8.4910432062e+00
8.5054347913e+00
8.5198263764e+00
8.5342179615e+00
8.5486095466e+00
8.5630011317e+00
8.5773927168e+00
8.5917843019e+00
8.6061758869e+00
8.6205674720e+00
8.6349590571e+00
8.6493506422e+00
8.6637422273e+00
8.6781338124e+00
8.6925253975e+00
8.7069169826e+00
8.7213085677e+00
8.7357001528e+00
8.7500917379e+00
8.7644833230e+00
8.7788749081e+00
8.7932664932e+00
8.8076580783e+00
8.8220496634e+00
8.8364412485e+00
8.8508328336e+00
8.8652244187e+00
8.8796160038e+00
8.8940075889e+00
8.9083991739e+00
8.9227907590e+00
8.9371823441e+00
8.9515739292e+00
8.9659655143e+00
8.9803570994e+00
8.9947486845e+00
9.0091402696e+00
9.0235318547e+00
9.0379234398e+00
9.0523150249e+00
9.0667066100e+00
9.0810981951e+00
9.0954897802e+00
9.1098813653e+00
9.1242729504e+00
9.1386645355e+00
9.1530561206e+00
9.1674477057e+00
9.1818392908e+00
9.1962308759e+00
9.2106224609e+00
9.2250140460e+00
9.2394056311e+00
9.2537972162e+00
9.2681888013e+00
9.2825803864e+00
9.2969719715e+00
9.3113635566e+00
9.3257551417e+00
9.3401467268e+00
9.3545383119e+00
9.3689298970e+00
9.3833214821e+00
9.3977130672e+00
9.4121046523e+00
9.4264962374e+00
9.4408878225e+00
9.4552794076e+00
9.4696709927e+00
9.4840625778e+00
9.4984541629e+00
9.5128457479e+00
9.5272373330e+00
9.5416289181e+00
9.5560205032e+00
9.5704120883e+00
9.5848036734e+00
9.5991952585e+00
9.6135868436e+00
9.6279784287e+00
9.6423700138e+00
9.6567615989e+00
9.6711531840e+00
9.6855447691e+00
9.6999363542e+00
9.7143279393e+00
9.7287195244e+00
9.7431111095e+00
9.7575026946e+00
9.7718942797e+00
9.7862858648e+00
9.8006774499e+00
9.8150690349e+00
9.8294606200e+00
9.8438522051e+00
9.8582437902e+00
9.8726353753e+00
9.8870269604e+00
9.9014185455e+00
9.9158101306e+00
9.9302017157e+00
9.9445933008e+00
9.9589848859e+00
9.9733764710e+00
9.9877680561e+00
1.0002159641e+01
1.0016551226e+01
1.0030942811e+01
1.0045334396e+01
1.0059725982e+01
1.0074117567e+01
1.0088509152e+01
1.0102900737e+01
1.0117292322e+01
1.0131683907e+01
1.0146075492e+01
1.0160467077e+01
1.0174858662e+01
1.0189250247e+01
1.0203641833e+01
1.0218033418e+01
1.0232425003e+01
1.0246816588e+01
1.0261208173e+01
1.0275599758e+01
1.0289991343e+01
1.0304382928e+01
1.0318774513e+01
1.0333166098e+01
1.0347557683e+01
1.0361949269e+01
1.0376340854e+01
1.0390732439e+01
1.0405124024e+01
1.0419515609e+01
1.0433907194e+01
1.0448298779e+01
1.0462690364e+01
1.0477081949e+01
1.0491473534e+01
1.0505865120e+01
1.0520256705e+01
1.0534648290e+01
1.0549039875e+01
1.0563431460e+01
1.0577823045e+01
1.0592214630e+01
1.0606606215e+01
1.0620997800e+01
1.0635389385e+01
1.0649780970e+01
1.0664172556e+01
1.0678564141e+01
1.0692955726e+01
1.0707347311e+01
1.0721738896e+01
1.0736130481e+01
1.0750522066e+01
1.0764913651e+01
1.0779305236e+01
1.0793696821e+01
1.0808088407e+01
1.0822479992e+01
1.0836871577e+01
1.0851263162e+01
1.0865654747e+01
1.0880046332e+01
1.0894437917e+01
1.0908829502e+01
1.0923221087e+01
1.0937612672e+01
1.0952004257e+01
1.0966395843e+01
1.0980787428e+01
1.0995179013e+01
1.1009570598e+01
1.1023962183e+01
1.1038353768e+01
1.1052745353e+01
1.1067136938e+01
1.1081528523e+01
1.1095920108e+01
1.1110311694e+01
1.1124703279e+01
1.1139094864e+01
1.1153486449e+01
1.1167878034e+01
1.1182269619e+01
1.1196661204e+01
1.1211052789e+01
1.1225444374e+01
1.1239835959e+01
1.1254227544e+01
1.1268619130e+01
1.1283010715e+01
1.1297402300e+01
1.1311793885e+01
1.1326185470e+01
1.1340577055e+01
1.1354968640e+01
1.1369360225e+01
1.1383751810e+01
1.1398143395e+01
1.1412534981e+01
1.1426926566e+01
1.1441318151e+01
1.1455709736e+01
1.1470101321e+01
1.1484492906e+01
1.1498884491e+01
1.1513276076e+01
