-16.28  0.1505  0.5910087473649507  238.0  37.62  112.8  0.0256  497.479  
-16.28  0.1505  0.5910087473649507  238.0  37.62  112.8  0.025180451524990818  497.479  
-16.28  0.1505  0.5907771985322627  238.0  37.62  112.8  0.025180451524990818  497.479  
-16.28  0.1505  0.5907771985322627  238.0  37.62  112.8  0.024206357329713286  497.479  
-16.28  0.1505  0.5907771985322627  238.0  37.62  112.8  0.02371472968163722  497.479  
-16.28  0.1501686028506852  0.5907771985322627  238.0  37.62  112.8  0.02371472968163722  497.479  
-16.28  0.1501686028506852  0.5906020605237033  238.0  37.62  112.8  0.02371472968163722  497.479  
-16.28  0.1501686028506852  0.5906020605237033  238.04838823491238  37.62  112.8  0.02371472968163722  497.479  
-16.28  0.1501686028506852  0.5906020605237033  238.04838823491238  37.62  112.77419428547854  0.02371472968163722  497.479  
-16.28  0.1501892413291489  0.5906020605237033  238.04838823491238  37.62  112.77419428547854  0.02371472968163722  497.479  
-16.28  0.1501892413291489  0.5906020605237033  238.04838823491238  37.62  112.77419428547854  0.023389561986583488  497.479  
-16.28  0.14972625860994143  0.5906020605237033  238.04838823491238  37.62  112.77419428547854  0.023389561986583488  497.479  
-16.28  0.14972625860994143  0.5966304331806005  238.04838823491238  37.62  112.77419428547854  0.023389561986583488  497.479  
-16.28  0.14972625860994143  0.5966304331806005  238.04838823491238  37.62  112.77419428547854  0.02211295102191449  497.479  
-16.28  0.14972625860994143  0.5918181953771252  238.04838823491238  37.62  112.77419428547854  0.02211295102191449  497.479  
-16.28  0.14972625860994143  0.5918181953771252  238.04838823491238  37.792605891550615  112.77419428547854  0.02211295102191449  497.479  
-16.278625732987084  0.14972625860994143  0.5918181953771252  238.04838823491238  37.792605891550615  112.77419428547854  0.02211295102191449  497.479  
-16.278625732987084  0.14972625860994143  0.5934603699242742  238.04838823491238  37.792605891550615  112.77419428547854  0.02211295102191449  497.479  
-16.278625732987084  0.14972625860994143  0.5934603699242742  238.04838823491238  37.792605891550615  112.77419428547854  0.018896013895030223  497.479  
-16.287253007398153  0.14972625860994143  0.5934603699242742  238.04838823491238  37.792605891550615  112.77419428547854  0.018896013895030223  497.479  
-16.287253007398153  0.1497193911946592  0.5934603699242742  238.04838823491238  37.792605891550615  112.77419428547854  0.018896013895030223  497.479  
-16.287253007398153  0.1497193911946592  0.588094896095231  238.04838823491238  37.792605891550615  112.77419428547854  0.018896013895030223  497.479  
-16.287253007398153  0.1497193911946592  0.588094896095231  238.04838823491238  37.792605891550615  112.77419428547854  0.01868237280704395  497.479  
-16.287253007398153  0.1497193911946592  0.5867035223796626  238.04838823491238  37.792605891550615  112.77419428547854  0.01868237280704395  497.479  
-16.287253007398153  0.1497193911946592  0.5867035223796626  238.55563561491272  37.792605891550615  112.77419428547854  0.01868237280704395  497.479  
-16.287253007398153  0.1497193911946592  0.5867035223796626  238.55563561491272  37.8338766602513  112.77419428547854  0.01868237280704395  497.479  
-16.287253007398153  0.1497193911946592  0.5867035223796626  238.55563561491272  37.8338766602513  112.77419428547854  0.01891671544645253  497.479  
-16.287253007398153  0.1497193911946592  0.586722422779164  238.55563561491272  37.8338766602513  112.77419428547854  0.01891671544645253  497.479  
-16.287253007398153  0.1497193911946592  0.5913659510162312  238.55563561491272  37.8338766602513  112.77419428547854  0.01891671544645253  497.479  
-16.287253007398153  0.14942831129700804  0.5913659510162312  238.55563561491272  37.8338766602513  112.77419428547854  0.01891671544645253  497.479  
-16.287253007398153  0.14942831129700804  0.5858007219935565  238.55563561491272  37.8338766602513  112.77419428547854  0.01891671544645253  497.479  
-16.287253007398153  0.14942831129700804  0.5858007219935565  238.55563561491272  37.8338766602513  112.77419428547854  0.01498583210608299  497.479  
-16.289467422844947  0.14942831129700804  0.5858007219935565  238.55563561491272  37.8338766602513  112.77419428547854  0.01498583210608299  497.479  
-16.289467422844947  0.14942831129700804  0.5891831737015932  238.55563561491272  37.8338766602513  112.77419428547854  0.01498583210608299  497.479  
-16.289467422844947  0.14942831129700804  0.5891831737015932  238.55563561491272  37.8338766602513  112.77419428547854  0.017538735214056706  497.479  
-16.289467422844947  0.14942831129700804  0.5917209034829318  238.55563561491272  37.8338766602513  112.77419428547854  0.017538735214056706  497.479  
-16.289467422844947  0.14942831129700804  0.5917209034829318  239.49216943803685  37.8338766602513  112.77419428547854  0.017538735214056706  497.479  
-16.289467422844947  0.14942831129700804  0.5822239761284178  239.49216943803685  37.8338766602513  112.77419428547854  0.017538735214056706  497.479  
-16.289467422844947  0.14942831129700804  0.5822239761284178  239.66572214518084  37.8338766602513  112.77419428547854  0.017538735214056706  497.479  
-16.289467422844947  0.14942831129700804  0.5822239761284178  239.66572214518084  37.8338766602513  112.77419428547854  0.017327626254426028  497.479  
-16.289467422844947  0.14942831129700804  0.5842024786482034  239.66572214518084  37.8338766602513  112.77419428547854  0.017327626254426028  497.479  
-16.289467422844947  0.14942831129700804  0.5842024786482034  239.66572214518084  37.8338766602513  117.38287165525031  0.017327626254426028  497.479  
-16.289467422844947  0.14950575116315903  0.5842024786482034  239.66572214518084  37.8338766602513  117.38287165525031  0.017327626254426028  497.479  
-16.289467422844947  0.14950575116315903  0.5849320274118103  239.66572214518084  37.8338766602513  117.38287165525031  0.017327626254426028  497.479  
-16.289467422844947  0.14959306710584075  0.5849320274118103  239.66572214518084  37.8338766602513  117.38287165525031  0.017327626254426028  497.479  
-16.289467422844947  0.14959306710584075  0.5849320274118103  239.66572214518084  37.8338766602513  115.99014758952785  0.017327626254426028  497.479  
-16.289467422844947  0.14959306710584075  0.5857857999094315  239.66572214518084  37.8338766602513  115.99014758952785  0.017327626254426028  497.479  
-16.289467422844947  0.14959306710584075  0.5857857999094315  239.66572214518084  37.8338766602513  115.99014758952785  0.017840535548227978  497.479  
-16.289467422844947  0.14959306710584075  0.5900158117995261  239.66572214518084  37.8338766602513  115.99014758952785  0.017840535548227978  497.479  
-16.289467422844947  0.14959306710584075  0.5900158117995261  239.66572214518084  37.99002937994019  115.99014758952785  0.017840535548227978  497.479  
-16.289467422844947  0.14959306710584075  0.5900158117995261  239.66572214518084  37.99002937994019  115.99014758952785  0.019455970898068643  497.479  
-16.289467422844947  0.14959306710584075  0.5900158117995261  239.66572214518084  37.99002937994019  115.99014758952785  0.019455970898068643  497.45346853894586  
-16.289467422844947  0.1495867907318765  0.5900158117995261  239.66572214518084  37.99002937994019  115.99014758952785  0.019455970898068643  497.45346853894586  
-16.289467422844947  0.1495867907318765  0.5900158117995261  239.34728526548614  37.99002937994019  115.99014758952785  0.019455970898068643  497.45346853894586  
-16.289467422844947  0.1495867907318765  0.5900158117995261  239.34728526548614  37.97030583928811  115.99014758952785  0.019455970898068643  497.45346853894586  
-16.289467422844947  0.1495867907318765  0.5872860611537003  239.34728526548614  37.97030583928811  115.99014758952785  0.019455970898068643  497.45346853894586  
-16.289467422844947  0.1495867907318765  0.5872860611537003  239.34728526548614  38.15386673824593  115.99014758952785  0.019455970898068643  497.45346853894586  
-16.289467422844947  0.14946476233567244  0.5872860611537003  239.34728526548614  38.15386673824593  115.99014758952785  0.019455970898068643  497.45346853894586  
-16.289467422844947  0.14946476233567244  0.5911238361891233  239.34728526548614  38.15386673824593  115.99014758952785  0.019455970898068643  497.45346853894586  
-16.289467422844947  0.14946476233567244  0.591039226757686  239.34728526548614  38.15386673824593  115.99014758952785  0.019455970898068643  497.45346853894586  
-16.289467422844947  0.14946476233567244  0.591039226757686  239.34728526548614  38.15386673824593  115.99014758952785  0.022134905744377955  497.45346853894586  
-16.289467422844947  0.14946476233567244  0.593054583000642  239.34728526548614  38.15386673824593  115.99014758952785  0.022134905744377955  497.45346853894586  
-16.289467422844947  0.14946476233567244  0.593054583000642  239.34728526548614  38.15180801089049  115.99014758952785  0.022134905744377955  497.45346853894586  
-16.289467422844947  0.14946476233567244  0.593054583000642  239.34728526548614  38.15180801089049  115.99014758952785  0.023006931341127232  497.45346853894586  
-16.289467422844947  0.14946476233567244  0.593054583000642  239.34728526548614  38.15180801089049  115.99014758952785  0.023006931341127232  497.23245210166715  
-16.289467422844947  0.14946476233567244  0.5902751328174998  239.34728526548614  38.15180801089049  115.99014758952785  0.023006931341127232  497.23245210166715  
-16.289467422844947  0.14946476233567244  0.5902751328174998  239.34728526548614  38.15180801089049  115.99014758952785  0.02016769203266071  497.23245210166715  
-16.289467422844947  0.1494222001830578  0.5902751328174998  239.34728526548614  38.15180801089049  115.99014758952785  0.02016769203266071  497.23245210166715  
-16.289467422844947  0.1494222001830578  0.5836663350971977  239.34728526548614  38.15180801089049  115.99014758952785  0.02016769203266071  497.23245210166715  
-16.289467422844947  0.1494222001830578  0.5836663350971977  239.34728526548614  38.15180801089049  115.99014758952785  0.019441776098749388  497.23245210166715  
-16.289467422844947  0.1494222001830578  0.5836663350971977  239.34728526548614  38.15180801089049  115.99014758952785  0.019441776098749388  497.22229096475394  
-16.289467422844947  0.1494222001830578  0.5836663350971977  239.34728526548614  38.15180801089049  115.99014758952785  0.019792224472263288  497.22229096475394  
-16.289467422844947  0.14957733058865486  0.5836663350971977  239.34728526548614  38.15180801089049  115.99014758952785  0.019792224472263288  497.22229096475394  
-16.289467422844947  0.14957733058865486  0.5836663350971977  239.10215850128856  38.15180801089049  115.99014758952785  0.019792224472263288  497.22229096475394  
-16.289467422844947  0.14957733058865486  0.5834200065178323  239.10215850128856  38.15180801089049  115.99014758952785  0.019792224472263288  497.22229096475394  
-16.289467422844947  0.14957733058865486  0.5834200065178323  239.10215850128856  38.15180801089049  115.99014758952785  0.01960946401575389  497.22229096475394  
-16.289467422844947  0.14957016653355273  0.5834200065178323  239.10215850128856  38.15180801089049  115.99014758952785  0.01960946401575389  497.22229096475394  
-16.289467422844947  0.14957016653355273  0.5860094165024585  239.10215850128856  38.15180801089049  115.99014758952785  0.01960946401575389  497.22229096475394  
-16.289467422844947  0.1495752808274652  0.5860094165024585  239.10215850128856  38.15180801089049  115.99014758952785  0.01960946401575389  497.22229096475394  
-16.289467422844947  0.14905085986354158  0.5860094165024585  239.10215850128856  38.15180801089049  115.99014758952785  0.01960946401575389  497.22229096475394  
-16.289467422844947  0.14905085986354158  0.5912683257426988  239.10215850128856  38.15180801089049  115.99014758952785  0.01960946401575389  497.22229096475394  
-16.289467422844947  0.14905085986354158  0.5912683257426988  239.10215850128856  38.06198517562761  115.99014758952785  0.01960946401575389  497.22229096475394  
-16.289467422844947  0.1494045754673692  0.5912683257426988  239.10215850128856  38.06198517562761  115.99014758952785  0.01960946401575389  497.22229096475394  
-16.289467422844947  0.1494045754673692  0.5934899161149958  239.10215850128856  38.06198517562761  115.99014758952785  0.01960946401575389  497.22229096475394  
-16.289467422844947  0.1494045754673692  0.5934899161149958  239.10215850128856  38.00477840178937  115.99014758952785  0.01960946401575389  497.22229096475394  
-16.292268068942736  0.1494045754673692  0.5934899161149958  239.10215850128856  38.00477840178937  115.99014758952785  0.01960946401575389  497.22229096475394  
-16.292268068942736  0.1494045754673692  0.5913098990347767  239.10215850128856  38.00477840178937  115.99014758952785  0.01960946401575389  497.22229096475394  
-16.292268068942736  0.1494045754673692  0.5913098990347767  239.45891128459365  38.00477840178937  115.99014758952785  0.01960946401575389  497.22229096475394  
-16.292268068942736  0.1494045754673692  0.5924538176752503  239.45891128459365  38.00477840178937  115.99014758952785  0.01960946401575389  497.22229096475394  
-16.292268068942736  0.1494045754673692  0.5924538176752503  239.2118365974235  38.00477840178937  115.99014758952785  0.01960946401575389  497.22229096475394  
-16.292268068942736  0.1494045754673692  0.5872110831772351  239.2118365974235  38.00477840178937  115.99014758952785  0.01960946401575389  497.22229096475394  
-16.292268068942736  0.1494045754673692  0.5896554744974679  239.2118365974235  38.00477840178937  115.99014758952785  0.01960946401575389  497.22229096475394  
-16.292268068942736  0.1494045754673692  0.5896554744974679  239.60304119388343  38.00477840178937  115.99014758952785  0.01960946401575389  497.22229096475394  
-16.292268068942736  0.1494045754673692  0.5896554744974679  239.60304119388343  38.00477840178937  115.99014758952785  0.01960946401575389  497.643867494288  
-16.292268068942736  0.1497006724775289  0.5896554744974679  239.60304119388343  38.00477840178937  115.99014758952785  0.01960946401575389  497.643867494288  
-16.289460824613364  0.1497006724775289  0.5896554744974679  239.60304119388343  38.00477840178937  115.99014758952785  0.01960946401575389  497.643867494288  
-16.289460824613364  0.14953259587577808  0.5896554744974679  239.60304119388343  38.00477840178937  115.99014758952785  0.01960946401575389  497.643867494288  
-16.289460824613364  0.14953259587577808  0.5896554744974679  239.99734265794308  38.00477840178937  115.99014758952785  0.01960946401575389  497.643867494288  
-16.289460824613364  0.14953259587577808  0.5942850957109542  239.99734265794308  38.00477840178937  115.99014758952785  0.01960946401575389  497.643867494288  
-16.289460824613364  0.14933723712953417  0.5942850957109542  239.99734265794308  38.00477840178937  115.99014758952785  0.01960946401575389  497.643867494288  
-16.289460824613364  0.14933723712953417  0.5941134136177834  239.99734265794308  38.00477840178937  115.99014758952785  0.01960946401575389  497.643867494288  
-16.289460824613364  0.14933723712953417  0.5941134136177834  239.99734265794308  38.00477840178937  115.99014758952785  0.0182949158620827  497.643867494288  
-16.288870309199122  0.14933723712953417  0.5941134136177834  239.99734265794308  38.00477840178937  115.99014758952785  0.0182949158620827  497.643867494288  
-16.29139169702056  0.14933723712953417  0.5941134136177834  239.99734265794308  38.00477840178937  115.99014758952785  0.0182949158620827  497.643867494288  
-16.29139169702056  0.14933723712953417  0.5941134136177834  239.99734265794308  38.00477840178937  115.99014758952785  0.02088315055389847  497.643867494288  
-16.29139169702056  0.14971454073218698  0.5941134136177834  239.99734265794308  38.00477840178937  115.99014758952785  0.02088315055389847  497.643867494288  
-16.29139169702056  0.14971454073218698  0.5905847165088227  239.99734265794308  38.00477840178937  115.99014758952785  0.02088315055389847  497.643867494288  
-16.29139169702056  0.14946361550908077  0.5905847165088227  239.99734265794308  38.00477840178937  115.99014758952785  0.02088315055389847  497.643867494288  
-16.29139169702056  0.14946361550908077  0.5905847165088227  239.99734265794308  38.00477840178937  115.99014758952785  0.02088315055389847  497.6184389991418  
-16.28441181492123  0.14946361550908077  0.5905847165088227  239.99734265794308  38.00477840178937  115.99014758952785  0.02088315055389847  497.6184389991418  
-16.28441181492123  0.14946361550908077  0.5924803176717272  239.99734265794308  38.00477840178937  115.99014758952785  0.02088315055389847  497.6184389991418  
-16.28441181492123  0.14946361550908077  0.5924803176717272  239.76924461119242  38.00477840178937  115.99014758952785  0.02088315055389847  497.6184389991418  
-16.28441181492123  0.14946361550908077  0.5892433341478122  239.76924461119242  38.00477840178937  115.99014758952785  0.02088315055389847  497.6184389991418  
-16.28441181492123  0.14946361550908077  0.5892433341478122  239.22902710043857  38.00477840178937  115.99014758952785  0.02088315055389847  497.6184389991418  
-16.28441181492123  0.14946361550908077  0.5892433341478122  239.22902710043857  38.00477840178937  115.99014758952785  0.018098076496521242  497.6184389991418  
-16.28441181492123  0.14946361550908077  0.5834326345484454  239.22902710043857  38.00477840178937  115.99014758952785  0.018098076496521242  497.6184389991418  
-16.28441181492123  0.14946361550908077  0.5834326345484454  239.22902710043857  38.00477840178937  115.99014758952785  0.017994149582379194  497.6184389991418  
-16.28441181492123  0.14946361550908077  0.5857962682339609  239.22902710043857  38.00477840178937  115.99014758952785  0.017994149582379194  497.6184389991418  
-16.28441181492123  0.14946361550908077  0.5857962682339609  238.69841715793436  38.00477840178937  115.99014758952785  0.017994149582379194  497.6184389991418  
-16.28441181492123  0.14946361550908077  0.5857962682339609  238.69841715793436  38.14200271073388  115.99014758952785  0.017994149582379194  497.6184389991418  
-16.28441181492123  0.14946361550908077  0.5857962682339609  238.69841715793436  38.14200271073388  115.99014758952785  0.01765118873113774  497.6184389991418  
-16.28441181492123  0.14946361550908077  0.5826768436162366  238.69841715793436  38.14200271073388  115.99014758952785  0.01765118873113774  497.6184389991418  
-16.28441181492123  0.14946361550908077  0.5826768436162366  238.69841715793436  38.14200271073388  115.99014758952785  0.01698138515443879  497.6184389991418  
-16.28441181492123  0.14946361550908077  0.5826768436162366  238.69841715793436  38.14200271073388  115.99014758952785  0.01698138515443879  497.6307909023919  
-16.28441181492123  0.14946361550908077  0.5826768436162366  239.13631407077136  38.14200271073388  115.99014758952785  0.01698138515443879  497.6307909023919  
-16.28441181492123  0.14946361550908077  0.5826768436162366  239.13631407077136  38.07588654321847  115.99014758952785  0.01698138515443879  497.6307909023919  
-16.28441181492123  0.14946361550908077  0.5826768436162366  239.13631407077136  38.07588654321847  115.99014758952785  0.017588979271748306  497.6307909023919  
-16.28441181492123  0.14946361550908077  0.5826084891526232  239.13631407077136  38.07588654321847  115.99014758952785  0.017588979271748306  497.6307909023919  
-16.28441181492123  0.14946361550908077  0.5844452057002179  239.13631407077136  38.07588654321847  115.99014758952785  0.017588979271748306  497.6307909023919  
-16.28441181492123  0.14946361550908077  0.5844452057002179  239.13631407077136  38.07588654321847  115.99014758952785  0.016382266338255368  497.6307909023919  
-16.28441181492123  0.1493935682292775  0.5844452057002179  239.13631407077136  38.07588654321847  115.99014758952785  0.016382266338255368  497.6307909023919  
-16.28441181492123  0.1493935682292775  0.5854959098660001  239.13631407077136  38.07588654321847  115.99014758952785  0.016382266338255368  497.6307909023919  
-16.28441181492123  0.1493935682292775  0.5854959098660001  238.0449469166685  38.07588654321847  115.99014758952785  0.016382266338255368  497.6307909023919  
-16.28441181492123  0.1493935682292775  0.5854959098660001  238.0449469166685  38.07588654321847  115.99014758952785  0.017327321843131155  497.6307909023919  
-16.28441181492123  0.1493935682292775  0.5830530775527001  238.0449469166685  38.07588654321847  115.99014758952785  0.017327321843131155  497.6307909023919  
-16.28441181492123  0.1493935682292775  0.5830530775527001  238.0449469166685  38.07588654321847  115.99014758952785  0.017006152821702855  497.6307909023919  
-16.28441181492123  0.1493935682292775  0.5879506981879692  238.0449469166685  38.07588654321847  115.99014758952785  0.017006152821702855  497.6307909023919  
-16.279478824230946  0.1493935682292775  0.5879506981879692  238.0449469166685  38.07588654321847  115.99014758952785  0.017006152821702855  497.6307909023919  
-16.279478824230946  0.1493935682292775  0.5846501731866843  238.0449469166685  38.07588654321847  115.99014758952785  0.017006152821702855  497.6307909023919  
-16.279478824230946  0.1493935682292775  0.5846501731866843  238.0449469166685  38.07588654321847  115.90788741411272  0.017006152821702855  497.6307909023919  
-16.279478824230946  0.1495717339574205  0.5846501731866843  238.0449469166685  38.07588654321847  115.90788741411272  0.017006152821702855  497.6307909023919  
-16.279478824230946  0.1495717339574205  0.5842494738173319  238.0449469166685  38.07588654321847  115.90788741411272  0.017006152821702855  497.6307909023919  
-16.279478824230946  0.1495717339574205  0.5842494738173319  238.0449469166685  37.69948481081116  115.90788741411272  0.017006152821702855  497.6307909023919  
-16.279478824230946  0.1495717339574205  0.5866386295108559  238.0449469166685  37.69948481081116  115.90788741411272  0.017006152821702855  497.6307909023919  
-16.279478824230946  0.1495717339574205  0.5866386295108559  238.0449469166685  37.69948481081116  115.90788741411272  0.015928889614580277  497.6307909023919  
-16.279478824230946  0.14947345233719175  0.5866386295108559  238.0449469166685  37.69948481081116  115.90788741411272  0.015928889614580277  497.6307909023919  
-16.279478824230946  0.14947345233719175  0.5866386295108559  238.3858394229542  37.69948481081116  115.90788741411272  0.015928889614580277  497.6307909023919  
-16.279478824230946  0.14947345233719175  0.5866386295108559  238.3858394229542  37.69948481081116  115.90788741411272  0.016331852300092316  497.6307909023919  
-16.279478824230946  0.14947345233719175  0.5866386295108559  238.1963173826531  37.69948481081116  115.90788741411272  0.016331852300092316  497.6307909023919  
-16.279478824230946  0.14947345233719175  0.5866386295108559  238.1963173826531  37.58545297264042  115.90788741411272  0.016331852300092316  497.6307909023919  
-16.279478824230946  0.14947345233719175  0.5866386295108559  238.1963173826531  37.58545297264042  115.90788741411272  0.015572872420182592  497.6307909023919  
-16.279478824230946  0.14947345233719175  0.5866386295108559  238.1963173826531  37.58545297264042  115.90788741411272  0.015572872420182592  497.65396037995384  
-16.279478824230946  0.14947345233719175  0.5887723619069909  238.1963173826531  37.58545297264042  115.90788741411272  0.015572872420182592  497.65396037995384  
-16.279478824230946  0.14937313515061054  0.5887723619069909  238.1963173826531  37.58545297264042  115.90788741411272  0.015572872420182592  497.65396037995384  
-16.279478824230946  0.14937313515061054  0.5887723619069909  238.1963173826531  37.58545297264042  115.90788741411272  0.015778453984600076  497.65396037995384  
-16.279478824230946  0.14937313515061054  0.5887723619069909  238.1963173826531  37.58545297264042  115.90788741411272  0.015778453984600076  497.559742121502  
-16.279478824230946  0.14937313515061054  0.5887723619069909  238.1963173826531  37.58545297264042  115.90788741411272  0.015778453984600076  497.7908104194303  
-16.279478824230946  0.14937313515061054  0.5887723619069909  239.58252298653548  37.58545297264042  115.90788741411272  0.015778453984600076  497.7908104194303  
-16.279478824230946  0.14937313515061054  0.5887723619069909  239.58252298653548  37.58545297264042  115.90788741411272  0.01578392967558361  497.7908104194303  