508.9541649772674  101.23125  164.3625913  388.167584609  4.31182  -0.018757  5.0293e-05  0.0463634
508.1036450098233  101.2625  164.3515697875  379.43970696099996  4.31866  -0.0187796  5.0293e-05  0.0454023
508.123932506935  101.247  164.32217908750002  379.61843284400004  4.31954  -0.0187841  5.0293e-05  0.0454229
508.12393250651525  101.247  164.32217908750002  379.61843284400004  4.31954  -0.0187841  5.0293e-05  0.0454229
507.9338779939024  100.98925  163.78641111875  382.56071497  4.33981  -0.0188728  5.0293e-05  0.0459333
507.9338779941252  100.98925  163.78641111875  382.56071497  4.33981  -0.0188728  5.0293e-05  0.0459333
508.0467920948511  100.98575  163.78763573125  414.098556207  4.33904  -0.0188702  5.0293e-05  0.0475473
508.3545121207876  101.0805  163.99520755  411.542252128  4.33096  -0.0188543  6.18334e-06  0.047359
509.87086167543856  101.86875  165.8015109875  863.2401932  4.24873  -0.0184086  0.000456386  0.050081
509.61573984227454  101.86875  165.8015109875  622.39105621  4.24873  -0.0184086  0.000456386  0.0488004
509.97155808114053  102.52775  167.2294091625  690.17299288  4.19879  -0.0182818  0.000456386  0.0484409
509.59170591511014  102.832  167.80681395625  673.63357159  4.18227  -0.0181963  0.000456386  0.0480114
510.2051023301408  102.80725  167.81538624375003  707.2945831699999  4.17709  -0.0181794  0.000456386  0.0487803
510.12591535823606  102.80725  167.81538624375003  744.68147635  4.17709  -0.0181794  0.000456386  0.0495455
510.25189071056946  103.19775000000001  168.65853195000003  789.7297135700001  4.14885  -0.0181077  0.000456386  0.0494666
509.6349582624678  101.6955  165.33064748125  519.294748  4.27922  -0.0185846  0.000237536  0.046799
508.34957736218314  102.0625  165.82661554375  607.3361658700001  4.30383  -0.0185048  0.000720095  0.0497016
508.63063048254776  102.0595  165.82784015624998  541.345563213  4.30317  -0.0185026  0.000720095  0.0472439
507.85419741301536  102.0595  165.82784015624998  381.019131458  4.30317  -0.0185026  0.000720095  0.0450025
507.6789572440484  102.03825  165.82294170625002  375.631157363  4.29338  -0.0184476  0.000720095  0.044396
508.54663810004087  102.6675  167.2245107125  395.26946424000005  4.24016  -0.0183065  0.000720095  0.0439325
508.7133327892558  102.596  167.12592940625  399.881407058  4.23604  -0.0181942  0.000934013  0.0441603
509.2062995080032  103.2195  168.47177854375  439.26630424599995  4.18974  -0.0180722  0.000934013  0.0437877
509.35009987279335  103.2035  168.47177854375  433.376500473  4.1841  -0.0180438  0.000934013  0.0433501
507.67816964875504  103.65025  169.30145351250002  300.920245255  4.16393  -0.0179849  0.000826183  0.0400379
509.08374864101063  103.416  168.87161452499998  395.136729708  4.17604  -0.018085  0.000749993  0.0427002
509.2199025017724  103.36275  168.86916530000002  396.754577359  4.15622  -0.0179829  0.000749993  0.042908
508.6622659986982  103.36275  168.86916530000002  326.58865863399996  4.15622  -0.0179829  0.000749993  0.0413967
508.6622659973683  103.36275  168.86916530000002  326.58865863399996  4.15622  -0.0179829  0.000749993  0.0413967
507.92920512930726  102.1105  166.19032545624998  297.98902434  4.24074  -0.018174  0.000749993  0.0412269
507.8853230111897  101.80125  165.63067754375  292.679060891  4.24544  -0.0184996  2.33509e-05  0.0410564
507.97915467775164  101.681  165.36861046875  305.908269247  4.25496  -0.0185233  2.33509e-05  0.0416056
507.87998933128983  101.83225  165.79110178125  314.01904775500003  4.21109  -0.0178805  0.000938685  0.0419276
508.57886856194324  103.19075000000001  168.76568554375  344.561962171  4.10072  -0.0174301  0.00125337  0.0413315
508.0566366251971  103.19075000000001  168.76568554375  290.923821356  4.10072  -0.0174301  0.00125337  0.0398291
508.112171189936  103.3195  169.043060275  293.396875268  4.09181  -0.0174086  0.00125337  0.0398375
508.27037530996563  103.82475  170.01968874375  285.290754112  4.06953  -0.0174606  0.000892395  0.0389223
508.74334393065106  103.809  170.02519949999999  285.306472675  4.06633  -0.0174501  0.000892395  0.0389204
508.5471902038334  104.165  170.90263435625  292.938126096  4.00652  -0.0166864  0.00195769  0.0394968
508.73038899122656  104.65775  171.95947494375  302.680724311  3.97495  -0.0166127  0.00195769  0.0395349
508.2093303029871  103.54025  169.55800983125  283.309050836  4.04822  -0.0167837  0.00195769  0.0401487
508.0861388322247  103.64375  169.81640306875  286.73511540100003  4.02988  -0.0165515  0.00227948  0.0408127
508.8728457341129  103.26050000000001  169.1422538875  281.208002915  4.03758  -0.0169545  0.00143894  0.0406182
509.07767193093383  102.75975  167.88886299375002  278.65228100499996  4.13298  -0.0179141  0.000390786  0.0408139
509.2945101145302  102.51950000000001  167.35309502500002  286.93887455099997  4.16328  -0.0180688  0.000390786  0.0413983
509.3403319381777  102.86125  167.79701705624998  382.399454157  4.19732  -0.0182795  0.000390786  0.0437287
509.2866303000607  102.99025  168.112354775  387.395628515  4.17518  -0.0179956  0.000788546  0.0438237
508.67406559810513  102.80600000000001  167.7094572625  380.085332382  4.182  -0.0178228  0.00112416  0.0438856
508.57803673800566  102.82225  167.76762635625  340.938542315  4.17821  -0.0178118  0.00112416  0.043367
509.07619683764995  102.854  167.89376144374998  346.147790527  4.17175  -0.0178275  0.00112416  0.0430093
509.33351150454854  102.85275  167.89437375  373.533020287  4.17149  -0.0178266  0.00112416  0.0436068
509.33341172815386  102.85275  167.89437375  373.54000631499997  4.17149  -0.0178266  0.00112416  0.0436077
508.8428746803237  103.19125  168.53239686249998  371.204344287  4.15414  -0.0177482  0.00109677  0.0432033
509.1746394895162  103.008  168.28441283125  343.349304144  4.14226  -0.0178229  0.000785468  0.0427283
508.8283986421766  102.71249999999999  167.6776173375  330.012394523  4.15606  -0.0180107  0.000425188  0.0416342
508.5378864815652  102.71650000000001  167.65986045625  329.841236837  4.15915  -0.0180305  0.000407015  0.0416314
508.4332346767028  102.859  167.98438276874998  332.047075178  4.13982  -0.0178062  0.000699011  0.0416384
508.1619974382634  102.86824999999999  167.9813212375  332.03426746  4.14175  -0.0178125  0.000699011  0.0416396
508.1644748807246  102.8745  167.984995075  332.122757148  4.14395  -0.0178485  0.000650139  0.0416298
508.7496971235936  102.8745  167.984995075  382.241686358  4.14395  -0.0178485  0.000650139  0.0419133
508.3305391729293  102.90599999999999  167.984995075  402.062212132  4.15521  -0.0179054  0.000650139  0.0440019
508.20310564884153  102.67025  167.4743316625  392.665422303  4.17257  -0.0179483  0.000650139  0.0439895
508.28181520634763  102.6285  167.41248873125002  341.10329614200003  4.17435  -0.018  0.000564168  0.0427848
506.81877220375054  101.2605  164.4311696  249.554310047  4.28128  -0.0182634  0.000564168  0.0405234
507.81132865199044  102.33  166.72425650625  261.960913606  4.21048  -0.0183225  0.000163044  0.0385295
508.14256574706553  102.90725  167.9984658125  270.735946943  4.16184  -0.0181236  0.000304277  0.0383432
507.76649568958317  102.9205  167.99417966875  270.72430356300003  4.16466  -0.0181328  0.000304277  0.0383448
507.13346938282007  102.19675  166.422389525  241.28634590899998  4.21921  -0.0182688  0.000304277  0.0374631
507.1334693828353  102.19675  166.422389525  241.28634590899998  4.21921  -0.0182688  0.000304277  0.0374631
507.05628438428494  102.04175000000001  166.08500878125  239.508983952  4.23125  -0.0182988  0.000304277  0.0374598
507.2206512532906  103.00225  168.2286929625  228.21199450699999  4.14267  -0.0178278  0.000736063  0.0367042
507.90061236047836  103.02275  168.29053589375  228.25565718200002  4.14301  -0.01784  0.000736063  0.036676
507.4702938094227  102.95949999999999  168.1895053625  226.194778922  4.12653  -0.0173763  0.00143187  0.0366469
506.62329936146045  102.9385  167.97336125625  200.897207196  4.16593  -0.0175769  0.00143187  0.0351693
507.38202732530095  103.08775  168.52443688124998  202.632652985  4.10974  -0.0173402  0.00143187  0.0351718
507.62444407957076  102.58025  167.372688825  200.37092642  4.17616  -0.018086  0.000482032  0.0352179
506.7731250325711  101.82575000000001  165.59148994375  194.01946263  4.26287  -0.0183645  0.000482032  0.0355332
507.18383412884396  101.82575000000001  165.59148994375  218.17249010199998  4.26287  -0.0183645  0.000482032  0.0371851
506.67190028882686  102.26625  166.55648459375  222.068947219  4.21854  -0.018017  0.000893767  0.0384938
506.45998210724565  101.85074999999999  165.61904372499998  212.88988859600002  4.26232  -0.0183216  0.000557731  0.0381012
506.8057800293978  100.98125  163.84029406874998  209.03418330899999  4.32277  -0.018535  0.000557731  0.0385287
506.8095655278504  100.95875000000001  163.7833495875  208.821109455  4.32735  -0.0185922  0.000479018  0.0385143
505.7054245481185  100.15325  161.76151435  201.292499947  4.45618  -0.0192095  0.000159799  0.0384408
505.243158380428  100.22525  161.76151435  201.438042197  4.48409  -0.0193543  0.000159799  0.0384515
506.8890365027575  100.42275  162.68487217499998  204.322107423  4.36101  -0.0188139  0.000159799  0.0385795
507.5552275786104  100.59949999999999  163.0730743375  253.55439324600002  4.34594  -0.0187761  0.000159799  0.0422036
506.41145095705264  100.0905  161.87050486249998  263.245760589  4.4003  -0.0189187  0.000159799  0.0429773
506.3870060391227  100.0935  161.87050486249998  263.256239631  4.40143  -0.0189246  0.000159799  0.0429777
506.38777895383714  100.1705  162.05235981875  262.70550775699996  4.38696  -0.0187346  0.000423969  0.0419095
506.25251579195736  100.508  162.69160754375  294.9850323  4.36678  -0.0186266  0.000435743  0.0427938
505.6267298950534  100.51675  162.71120134375002  241.219396474  4.36601  -0.0186247  0.000435743  0.0405268
505.62672989474106  100.51675  162.71120134375002  241.219396474  4.36601  -0.0186247  0.000435743  0.0405268
505.71704344266107  100.51675  162.71120134375002  240.942866199  4.36601  -0.0186247  0.000435743  0.0399814
505.7692352316875  100.51675  162.71120134375002  246.054892188  4.36601  -0.0186247  0.000435743  0.0402394
505.7692352317401  100.51675  162.71120134375002  246.054892188  4.36601  -0.0186247  0.000435743  0.0402394
504.90650697752716  100.65225  162.71120134375002  246.44960276999998  4.41799  -0.0188941  0.000435743  0.0402588
504.1094223567632  100.15050000000001  161.631705425  214.671325736  4.45354  -0.0188257  0.000711031  0.038799
506.54828683208535  100.9115  163.69946363125  274.007154554  4.30255  -0.0182617  0.000711031  0.0412455
506.159308495723  100.94375  163.85009096874998  224.781854759  4.2799  -0.018145  0.000711031  0.0381897
506.08817135419815  100.81025  163.5580208875  223.48885741  4.29086  -0.0181713  0.000711031  0.0381894
506.24917402546606  101.0985  164.188696325  226.313541398  4.2673  -0.0181147  0.000711031  0.0381908
505.477059952089  101.19300000000001  164.1862471  226.522540069  4.30185  -0.0182898  0.000711031  0.038204
506.4261557787502  101.1995  164.23829313125  226.709998487  4.3023  -0.0182867  0.000762881  0.0388354
506.60337184606016  101.507  164.9075438625  229.954426324  4.27827  -0.0182452  0.000731342  0.0388379
506.8238676371877  101.29325  164.44280341875  227.71307567399998  4.30396  -0.0186483  9.89809e-05  0.0387126
507.63017168791305  101.2455  164.3515697875  293.176815386  4.30341  -0.0185721  0.000227416  0.0416366
508.0528484650293  101.955  165.89519384374998  307.598305854  4.24813  -0.0184657  0.000171523  0.0416353
507.7278746515504  102.10425000000001  166.21971615624997  274.418165868  4.23646  -0.0184362  0.000171523  0.0404148
508.0155456348171  102.00224999999999  166.13276866875  274.324436659  4.21712  -0.0183357  0.000171523  0.0404582
508.0155456345607  102.00224999999999  166.13276866875  274.324436659  4.21712  -0.0183357  0.000171523  0.0404582
508.04153793976803  101.9605  166.02806429999998  273.27769679700003  4.22504  -0.018435  3.44392e-05  0.0402902
508.93402621440845  101.9605  166.02806429999998  352.772291578  4.22504  -0.018435  3.44392e-05  0.0421803
507.52146406064287  103.165  168.18766844375  314.986030464  4.22358  -0.0185801  0.000107926  0.0406113
507.6746447261777  103.16025  168.1895053625  314.991269985  4.22262  -0.0185769  0.000107926  0.0406107
508.42859526663017  102.84425  167.58087295  308.542001803  4.23798  -0.0186137  0.000107926  0.0405906
508.09194903972883  102.97425  167.87171841875  311.49534514  4.21931  -0.0183554  0.000479695  0.0407183
509.0168986359183  102.4215  167.05612649375  302.50199842800004  4.18422  -0.0181073  0.000479695  0.0406749
508.46804959617  102.69225  167.48657778749998  297.682221277  4.18756  -0.0183169  2.93106e-05  0.0401694
508.61991949605556  102.57775000000001  167.2685967625  298.209084222  4.19387  -0.0183491  2.93106e-05  0.0403006
508.60936467973954  102.775  167.77681095  290.765471388  4.15554  -0.017878  0.000676003  0.0400556
508.7739312431637  103.223  168.74670405  283.15768689600003  4.12309  -0.017798  0.000676003  0.0389006
508.8613327014231  103.1905  168.70323030625  283.200185233  4.12086  -0.0177869  0.000676003  0.0389239
508.5759894751156  103.1905  168.70323030625  288.543914484  4.12086  -0.0177869  0.000676003  0.0409154
508.8598735218235  103.12325  168.56239986875  287.412760117  4.12912  -0.0179096  0.000496529  0.0408756
508.3070074216735  102.60275  167.44187943125002  271.906106633  4.15519  -0.0178899  0.000496529  0.0404603
508.1666921381882  102.46374999999999  167.04388036875  272.905690806  4.1923  -0.0180793  0.000496529  0.040714
507.7170073427234  102.14850000000001  166.46463865625  248.508734523  4.19978  -0.0179934  0.000765286  0.0401107
508.0079367511232  102.18025  166.69976425625  248.785846967  4.15942  -0.0177877  0.000765286  0.0407771
508.22201744858967  102.18025  166.69976425625  259.899453177  4.15942  -0.0177877  0.000765286  0.0408474
508.81090442199144  102.19375  166.7248688125  317.861363155  4.15868  -0.0177839  0.000765286  0.0428446
508.5031875814915  102.01875  166.34707585625  319.100800956  4.17381  -0.0178537  0.000765286  0.0430896
508.1592894611401  101.32725  164.820596375  302.921160108  4.23433  -0.0181222  0.000555622  0.0430131
508.3455652793237  102.2865  166.76711794375  320.42639976899994  4.18915  -0.018075  0.000555622  0.0422203
508.1415387052522  101.87774999999999  165.8798861875  310.78102377700003  4.22022  -0.0181515  0.000555622  0.0422015
508.13058947558085  102.21424999999999  166.59567219375  317.521376459  4.19674  -0.0181022  0.000555622  0.04178
507.93370099416177  101.9675  166.05439346875  311.771293246  4.21614  -0.0181505  0.000555622  0.0417705
508.24208744185205  102.102  166.309725175  366.239024886  4.20872  -0.0181123  0.000555622  0.0430013
508.15968103248804  102.01525  166.04337195624998  359.626749384  4.23601  -0.0184874  6.29883e-06  0.0427744
508.5268179331419  101.77175  165.58291765624998  361.83375206299996  4.24943  -0.0185563  6.29883e-06  0.0430743
507.73029592126363  101.77175  165.58291765624998  285.743681594  4.24943  -0.0185563  6.29883e-06  0.0413301
507.8748340117377  101.72500000000001  165.49413325  284.254493292  4.25202  -0.0185696  6.29883e-06  0.0407637
507.44577902949726  101.79325  165.49413325  284.489107399  4.27715  -0.0186974  6.29883e-06  0.0407549
508.34600069292554  101.65025  165.49413325  283.894130681  4.22441  -0.0184291  6.29883e-06  0.0407338
508.2306382914437  102.00275  166.16215936875  318.709583388  4.20505  -0.0183298  6.29883e-06  0.0414773
508.3801248444038  101.8665  165.90376613125  320.861862181  4.21251  -0.0183681  6.29883e-06  0.0419317
508.3318241963689  101.86825  165.903153825  320.859533505  4.21291  -0.0183694  6.29883e-06  0.0419319
508.1665935385731  101.9255  166.0219412375  318.01156275700004  4.20543  -0.0182653  0.00013599  0.0418142
508.2021856343092  102.0895  166.412592625  322.158934713  4.18165  -0.0180197  0.000456908  0.0418878
508.190838087269  102.0895  166.412592625  322.57576771699996  4.18165  -0.0180197  0.000456908  0.0419772
508.2023558480466  101.97075  166.11317486875  319.422740413  4.20446  -0.0183045  6.51072e-05  0.0418895
508.3694423193101  101.85225  165.88845847500002  320.156855522  4.21096  -0.0183378  6.51072e-05  0.0420322
