498.757  112.198  189.84  200.314  3.22622  -0.00322983  0.024046  0.0436993
493.98  107.594  185.231  190.295  3.18672  -0.0023361  0.0248533  0.0382658
497.325  111.038  189.045  202.301  3.15122  -0.00109352  0.0276109  0.0423026
496.824  109.175  184.985  210.907  3.38028  -0.00503627  0.0214325  0.0500515
493.429  108.921  187.539  213.716  3.34979  -0.00426365  0.0232015  0.0431618
493.584  107.645  185.241  176.666  3.29091  -0.00347637  0.0238189  0.0423001
498.038  110.213  186.574  181.27  3.24062  -0.00346843  0.023166  0.0427979
496.068  108.478  184.034  163.031  3.45239  -0.00667172  0.0186272  0.0421228
497.056  111.325  190.066  194.796  3.12733  -0.00142378  0.0267679  0.0419978
496.331  111.843  192.523  212.96  3.01011  -0.00111885  0.0265055  0.043923
496.051  110.753  188.844  162.923  3.28896  -0.00339555  0.0239428  0.0421262
498.576  111.282  188.741  167.335  3.11418  -0.00213062  0.0248134  0.0405513
495.217  109.72  187.742  193.764  3.27032  -0.00370253  0.0229886  0.0416898
495.929  109.562  186.804  183.992  3.31527  -0.00416476  0.0226273  0.0394377
498.644  112.457  190.681  221.907  3.18995  -0.00317554  0.0239293  0.0461566
499.391  110.777  186.66  189.027  3.26141  -0.00410618  0.0224135  0.0449991
495.611  111.239  190.951  206.671  3.19796  -0.0039959  0.0222019  0.0414845
497.652  110.323  186.885  192.257  3.31238  -0.00437804  0.0223678  0.042487
495.449  109.666  187.16  187.531  3.33715  -0.00384584  0.0235949  0.0440508
496.44  107.247  180.943  181.381  3.53684  -0.00671432  0.0191156  0.0437705
497.158  112.109  191.624  208.286  3.13927  -0.00324247  0.023275  0.0431686
497.417  109.37  184.927  222.469  3.36534  -0.0050924  0.0210676  0.0438829
495.681  107.787  182.999  193.421  3.41662  -0.00451986  0.022526  0.0463802
494.439  109.894  189.553  194.629  3.16535  -0.00291334  0.0239999  0.0472973
497.348  107.126  179.793  185.827  3.60068  -0.00823766  0.0164971  0.0435105
496.668  108.876  184.785  195.361  3.34438  -0.00465905  0.0218885  0.0433362
497.483  107.269  179.697  159.18  3.61922  -0.00701837  0.0193304  0.0425209
496.317  112.22  192.964  186.937  3.02732  -0.000645322  0.0275447  0.0447936
499.107  113.041  191.613  180.347  3.11368  -0.00138924  0.0268682  0.0422247
498.982  112.428  190.452  170.077  3.18994  -0.00354909  0.023185  0.0402864
496.366  109.469  186.24  188.697  3.30043  -0.00398608  0.0227628  0.0432645
497.739  106.313  178.004  157.769  3.54088  -0.00559662  0.0210447  0.0451389
498.086  109.161  183.795  217.998  3.38408  -0.00486911  0.0214373  0.0443914
494.415  110.159  189.461  208.898  3.27619  -0.00501243  0.0207  0.0487446
498.254  109.102  183.173  177.513  3.45372  -0.00508904  0.0218613  0.0424242
493.026  107.196  184.653  151.312  3.28984  -0.00368562  0.0228968  0.0397585
496.132  107.317  181.551  172.334  3.46082  -0.00501349  0.0218914  0.0407463
495.278  105.627  178.219  178.249  3.69831  -0.00905592  0.0157127  0.0375891
499.867  111.623  187.782  177.577  3.2399  -0.00402648  0.0221881  0.0432802
496.919  110.261  187.38  178.554  3.31113  -0.00457197  0.0219784  0.0408728
498.357  109.886  184.803  182.229  3.40235  -0.005019  0.0214242  0.0408173
499.072  112.488  189.755  183.6  3.29679  -0.00406002  0.0231001  0.0430793
497.316  110.616  187.711  176.359  3.30575  -0.0043369  0.0223435  0.0386677
496.851  108.564  182.772  177.332  3.58366  -0.00691964  0.0194592  0.0423949
498.694  113.202  192.11  212.437  3.19301  -0.0027463  0.0251303  0.0510356
497.268  110.424  187.011  225.433  3.34604  -0.00431092  0.0226338  0.0443315
496.925  113.295  193.712  177.515  3.20234  -0.00329467  0.024247  0.0435539
495.278  109.816  187.5  213.876  3.36705  -0.00449209  0.0226672  0.0427517
495.023  110.517  189.977  220.701  3.20058  -0.00343967  0.0233522  0.0422128
495.063  107.316  182.872  166.906  3.43466  -0.006519  0.0187103  0.0494401
4.97491880e+02  1.19662162e+02  2.13877630e+02  1.14880643e+02  1.71349360e+00  1.57389025e-02  4.85660562e-02  1.67713870e-02
