4.982289999999999850e+02 1.102960000000000065e+02 1.872789999999999964e+02 8.834019999999999584e+01 3.026990000000000069e+00 -5.832819999999999628e-04 2.644499999999999976e-02 2.907160000000000213e-03
4.964460000000000264e+02 1.053649999999999949e+02 1.785790000000000077e+02 1.027099999999999937e+02 3.205779999999999852e+00 -3.622520000000000167e-03 2.065739999999999937e-02 1.105929999999999934e-02
5.006949999999999932e+02 1.096029999999999944e+02 1.829190000000000111e+02 8.327230000000000132e+01 3.234239999999999782e+00 -4.649190000000000093e-03 1.933059999999999987e-02 2.635399999999999982e-03
4.999569999999999936e+02 1.064200000000000017e+02 1.764139999999999873e+02 1.096009999999999991e+02 3.446909999999999918e+00 -4.832450000000000287e-03 2.028380000000000113e-02 7.965859999999999955e-03
4.973740000000000236e+02 1.078649999999999949e+02 1.832330000000000041e+02 1.219869999999999948e+02 3.049350000000000005e+00 -5.659719999999999812e-04 2.606580000000000008e-02 1.333149999999999960e-02
4.992379999999999995e+02 1.096479999999999961e+02 1.860879999999999939e+02 8.464060000000000628e+01 2.844339999999999868e+00 1.226190000000000049e-03 2.783149999999999860e-02 8.874020000000000259e-04
4.958779999999999859e+02 1.080720000000000027e+02 1.841059999999999945e+02 1.304439999999999884e+02 3.225449999999999928e+00 -3.961779999999999816e-03 2.100319999999999965e-02 1.696759999999999935e-02
4.974379999999999882e+02 1.052090000000000032e+02 1.767050000000000125e+02 9.505830000000000268e+01 3.337289999999999868e+00 -3.271420000000000144e-03 2.266260000000000149e-02 5.265299999999999668e-03
4.971100000000000136e+02 1.068750000000000000e+02 1.816140000000000043e+02 9.635420000000000584e+01 3.010959999999999859e+00 4.416150000000000197e-04 2.747240000000000099e-02 4.777090000000000329e-03
4.975819999999999936e+02 1.074560000000000031e+02 1.827040000000000077e+02 8.893609999999999616e+01 2.915859999999999896e+00 6.154840000000000181e-04 2.660589999999999830e-02 4.971680000000000023e-03
4.966630000000000109e+02 1.094230000000000018e+02 1.872740000000000009e+02 7.528679999999999950e+01 2.983740000000000059e+00 -9.574059999999999472e-04 2.519909999999999858e-02 2.243240000000000078e-03
4.986279999999999859e+02 1.088589999999999947e+02 1.837479999999999905e+02 9.577490000000000236e+01 3.109420000000000073e+00 -1.823680000000000049e-03 2.401419999999999944e-02 5.765809999999999685e-03
4.979379999999999882e+02 1.059629999999999939e+02 1.780639999999999930e+02 7.994289999999999452e+01 3.300129999999999786e+00 -4.363419999999999799e-03 2.007340000000000166e-02 1.534060000000000068e-03
4.982640000000000100e+02 1.072510000000000048e+02 1.814869999999999948e+02 9.727620000000000289e+01 3.010660000000000114e+00 1.746460000000000080e-04 2.702250000000000138e-02 8.108189999999999495e-03
4.979390000000000214e+02 1.116710000000000065e+02 1.911959999999999980e+02 8.667700000000000671e+01 2.802649999999999864e+00 1.016989999999999951e-03 2.736970000000000028e-02 3.856870000000000090e-03
4.985579999999999927e+02 1.088100000000000023e+02 1.836630000000000109e+02 7.773239999999999839e+01 3.160610000000000142e+00 -3.804899999999999949e-03 2.051050000000000095e-02 8.376030000000000237e-04
4.972440000000000282e+02 1.061850000000000023e+02 1.800740000000000123e+02 8.280580000000000496e+01 3.086580000000000101e+00 -2.211949999999999854e-03 2.256500000000000172e-02 1.736219999999999907e-03
4.976960000000000264e+02 1.087980000000000018e+02 1.842570000000000050e+02 8.966620000000000346e+01 3.166999999999999815e+00 -2.879200000000000162e-03 2.277150000000000007e-02 4.511989999999999577e-03
4.972559999999999718e+02 1.081269999999999953e+02 1.837019999999999982e+02 1.264039999999999964e+02 3.083670000000000133e+00 -1.492489999999999963e-03 2.467389999999999861e-02 1.666669999999999957e-02
4.980930000000000177e+02 1.063760000000000048e+02 1.787179999999999893e+02 8.417520000000000380e+01 3.304790000000000116e+00 -4.565299999999999567e-03 1.994759999999999936e-02 7.058280000000000326e-04
4.990269999999999868e+02 1.078020000000000067e+02 1.821850000000000023e+02 1.056080000000000041e+02 2.967150000000000176e+00 -8.280359999999999847e-04 2.422689999999999913e-02 5.277150000000000417e-03
4.981610000000000014e+02 1.097249999999999943e+02 1.861920000000000073e+02 9.355129999999999768e+01 3.048169999999999824e+00 -1.403930000000000065e-03 2.480440000000000075e-02 4.010409999999999843e-03
5.005930000000000177e+02 1.084699999999999989e+02 1.818389999999999986e+02 7.409210000000000207e+01 2.996020000000000127e+00 -6.995659999999999899e-04 2.466240000000000099e-02 1.734260000000000055e-03
4.972699999999999818e+02 1.102510000000000048e+02 1.888439999999999941e+02 7.250260000000000105e+01 2.878260000000000041e+00 6.031550000000000214e-05 2.626929999999999890e-02 3.036870000000000108e-03
4.946159999999999854e+02 1.093059999999999974e+02 1.893329999999999984e+02 8.421280000000000143e+01 2.891770000000000174e+00 2.918260000000000076e-05 2.659200000000000105e-02 2.846480000000000191e-03
4.971229999999999905e+02 1.097800000000000011e+02 1.894910000000000139e+02 1.044380000000000024e+02 2.554749999999999854e+00 5.683439999999999673e-03 3.438540000000000346e-02 1.075040000000000023e-02
4.988759999999999764e+02 1.110729999999999933e+02 1.892860000000000014e+02 9.650629999999999598e+01 2.837509999999999977e+00 1.026750000000000102e-03 2.794579999999999981e-02 6.940639999999999657e-03
4.946580000000000155e+02 1.056970000000000027e+02 1.800860000000000127e+02 7.058209999999999695e+01 3.249039999999999928e+00 -1.857350000000000017e-03 2.490650000000000155e-02 2.300060000000000038e-03
4.970350000000000250e+02 1.100520000000000067e+02 1.886289999999999907e+02 9.304399999999999693e+01 2.879039999999999822e+00 -1.021750000000000001e-05 2.595230000000000106e-02 4.264300000000000382e-03
4.987099999999999795e+02 1.109050000000000011e+02 1.887920000000000016e+02 8.486549999999999727e+01 2.879449999999999843e+00 2.755710000000000082e-04 2.655429999999999943e-02 1.185749999999999955e-03
4.957029999999999745e+02 1.058020000000000067e+02 1.798350000000000080e+02 8.609050000000000580e+01 3.185789999999999900e+00 -2.296830000000000139e-03 2.327780000000000127e-02 2.808759999999999989e-03
4.976440000000000055e+02 1.076299999999999955e+02 1.827210000000000036e+02 9.830719999999999459e+01 3.021040000000000170e+00 -1.214100000000000075e-03 2.420459999999999973e-02 1.002480000000000038e-02
4.974850000000000136e+02 1.083070000000000022e+02 1.834480000000000075e+02 9.267900000000000205e+01 3.109690000000000065e+00 -9.028989999999999759e-04 2.575020000000000087e-02 5.287309999999999927e-03
4.982169999999999845e+02 1.112699999999999960e+02 1.902570000000000050e+02 8.537980000000000302e+01 2.785200000000000120e+00 2.012379999999999811e-03 2.921440000000000148e-02 3.850999999999999823e-03
4.989590000000000032e+02 1.122349999999999994e+02 1.918629999999999995e+02 9.018420000000000414e+01 2.736029999999999962e+00 2.510960000000000015e-03 3.029899999999999954e-02 7.039700000000000298e-03
4.970419999999999732e+02 1.130280000000000058e+02 1.946109999999999900e+02 9.893240000000000123e+01 2.757969999999999811e+00 1.882200000000000106e-03 2.880040000000000031e-02 1.019660000000000011e-02
4.989660000000000082e+02 1.063110000000000070e+02 1.784259999999999877e+02 6.895420000000000016e+01 3.148400000000000087e+00 -1.407199999999999944e-03 2.471510000000000026e-02 3.321010000000000108e-03
4.986610000000000014e+02 1.081580000000000013e+02 1.822160000000000082e+02 8.940709999999999980e+01 3.135569999999999968e+00 -2.275119999999999833e-03 2.316889999999999922e-02 3.235379999999999940e-03
4.976949999999999932e+02 1.077300000000000040e+02 1.819459999999999980e+02 1.141250000000000000e+02 3.229379999999999917e+00 -3.428280000000000129e-03 2.200150000000000022e-02 1.097539999999999974e-02
4.973899999999999864e+02 1.088100000000000023e+02 1.850980000000000132e+02 1.089849999999999994e+02 3.017180000000000195e+00 -7.265250000000000007e-04 2.552400000000000155e-02 9.468290000000000733e-03
4.985330000000000155e+02 1.107139999999999986e+02 1.886469999999999914e+02 9.870980000000000132e+01 2.843869999999999898e+00 1.359160000000000099e-03 2.841549999999999979e-02 4.103980000000000128e-03
4.968650000000000091e+02 1.103810000000000002e+02 1.904209999999999923e+02 8.747929999999999495e+01 2.678160000000000096e+00 3.532809999999999943e-03 3.161690000000000333e-02 4.916079999999999756e-03
4.960269999999999868e+02 1.052090000000000032e+02 1.779600000000000080e+02 8.426579999999999870e+01 3.334820000000000118e+00 -3.795890000000000115e-03 2.184940000000000146e-02 3.656739999999999904e-03
4.969089999999999918e+02 1.099989999999999952e+02 1.896200000000000045e+02 8.415080000000000382e+01 2.685900000000000176e+00 2.295680000000000030e-03 2.883449999999999902e-02 2.872260000000000178e-03
4.969180000000000064e+02 1.090960000000000036e+02 1.866270000000000095e+02 9.213060000000000116e+01 2.885899999999999910e+00 4.050880000000000084e-04 2.631230000000000027e-02 6.345619999999999733e-03
4.983340000000000032e+02 1.082049999999999983e+02 1.829530000000000030e+02 8.267730000000000246e+01 3.108070000000000110e+00 -3.343650000000000094e-03 2.081859999999999961e-02 2.728180000000000188e-03
4.979039999999999964e+02 1.088990000000000009e+02 1.859639999999999986e+02 8.381000000000000227e+01 2.785480000000000178e+00 2.609419999999999882e-03 3.001010000000000136e-02 1.179360000000000038e-04
4.968580000000000041e+02 1.089729999999999990e+02 1.872930000000000064e+02 1.029839999999999947e+02 2.787110000000000198e+00 9.035739999999999788e-04 2.690110000000000071e-02 6.956279999999999582e-03
4.938870000000000005e+02 1.029369999999999976e+02 1.735550000000000068e+02 1.002390000000000043e+02 3.770239999999999814e+00 -9.677760000000000529e-03 1.382229999999999917e-02 6.694839999999999645e-03
4.986619999999999777e+02 1.077900000000000063e+02 1.812069999999999936e+02 7.967100000000000648e+01 3.192839999999999900e+00 -1.863150000000000049e-03 2.448840000000000044e-02 2.137229999999999946e-03
