-8.72513  4.24699  0
-8.61966  4.26476  0
-8.76603  4.26282  0
-8.71642  4.26031  0
-8.6376  4.25536  0
-8.68615  4.24989  0
-8.64449  4.26893  0
-8.68121  4.25234  0
-8.66287  4.24972  0
-8.70209  4.25927  0
-8.68742  4.25397  0
-8.7001  4.25847  0
-8.65679  4.26225  0
-8.66979  4.2471  0
-8.73863  4.26025  0
-8.6883  4.26334  0
-8.62748  4.25748  0
-8.69897  4.25437  0
-8.67365  4.255  0
-8.6781  4.25562  0
-8.62676  4.25781  0
-8.70835  4.24949  0
-8.76233  4.25729  0
-8.71493  4.25473  0
-8.62705  4.25258  0
-8.64927  4.24762  0
-8.68663  4.2477  0
-8.71871  4.26462  0
-8.66255  4.25823  0
-8.70474  4.25447  0
-8.70032  4.26019  0
-8.66024  4.26012  0
-8.72052  4.26088  0
-8.72628  4.25557  0
-8.76768  4.24095  0
-8.78265  4.2695  0
-8.73668  4.25065  0
-8.74015  4.25523  0
-8.66311  4.25604  0
-8.70047  4.25608  0
-8.71489  4.24981  0
-8.67461  4.24389  0
-8.65946  4.25527  0
-8.67095  4.25169  0
-8.68528  4.26682  0
-8.68366  4.26105  0
-8.66881  4.24947  0
-8.61414  4.25049  0
-8.63467  4.26503  0
-8.72207  4.25735  0
