-8.71935  4.24804  0
-8.58876  4.25685  0
-8.7309  4.2442  0
-8.69075  4.25448  0
-8.63072  4.25061  0
-8.59796  4.25373  0
-8.68495  4.25552  0
-8.65101  4.25897  0
-8.69172  4.2474  0
-8.63455  4.2486  0
-8.7082  4.26235  0
-8.72174  4.25102  0
-8.6664  4.2652  0
-8.61902  4.25844  0
-8.71569  4.24724  0
-8.66591  4.24519  0
-8.64161  4.25859  0
-8.67513  4.24781  0
-8.6789  4.25627  0
-8.65292  4.25601  0
-8.66547  4.25294  0
-8.68119  4.25504  0
-8.66154  4.25846  0
-8.59629  4.26047  0
-8.64438  4.2577  0
-8.66267  4.24938  0
-8.71137  4.24669  0
-8.68475  4.25169  0
-8.76707  4.24144  0
-8.69362  4.24326  0
-8.68092  4.25606  0
-8.68075  4.25114  0
-8.6869  4.25909  0
-8.64329  4.26702  0
-8.74397  4.24717  0
-8.62274  4.26595  0
-8.67398  4.2514  0
-8.59219  4.25825  0
-8.7197  4.25177  0
-8.6752  4.24918  0
-8.71717  4.25673  0
-8.74352  4.2459  0
-8.66499  4.25195  0
-8.71098  4.25159  0
-8.70038  4.24453  0
-8.70759  4.25693  0
-8.72889  4.24187  0
-8.6628  4.25621  0
-8.65936  4.25479  0
-8.58945  4.26197  0
