8.0000000000e-06
1.7754352796e-02
3.5500705593e-02
5.3247058389e-02
7.0993411185e-02
8.8739763982e-02
1.0648611678e-01
1.2423246957e-01
1.4197882237e-01
1.5972517517e-01
1.7747152796e-01
1.9521788076e-01
2.1296423356e-01
2.3071058635e-01
2.4845693915e-01
2.6620329195e-01
2.8394964474e-01
3.0169599754e-01
3.1944235033e-01
3.3718870313e-01
3.5493505593e-01
3.7268140872e-01
3.9042776152e-01
4.0817411432e-01
4.2592046711e-01
4.4366681991e-01
4.6141317271e-01
4.7915952550e-01
4.9690587830e-01
5.1465223109e-01
5.3239858389e-01
5.5014493669e-01
5.6789128948e-01
5.8563764228e-01
6.0338399508e-01
6.2113034787e-01
6.3887670067e-01
6.5662305347e-01
6.7436940626e-01
6.9211575906e-01
7.0986211185e-01
7.2760846465e-01
7.4535481745e-01
7.6310117024e-01
7.8084752304e-01
7.9859387584e-01
8.1634022863e-01
8.3408658143e-01
8.5183293423e-01
8.6957928702e-01
8.8732563982e-01
9.0507199261e-01
9.2281834541e-01
9.4056469821e-01
9.5831105100e-01
9.7605740380e-01
9.9380375660e-01
1.0115501094e+00
1.0292964622e+00
1.0470428150e+00
1.0647891678e+00
1.0825355206e+00
1.1002818734e+00
1.1180282262e+00
1.1357745790e+00
1.1535209318e+00
1.1712672846e+00
1.1890136374e+00
1.2067599902e+00
1.2245063429e+00
1.2422526957e+00
1.2599990485e+00
1.2777454013e+00
1.2954917541e+00
1.3132381069e+00
1.3309844597e+00
1.3487308125e+00
1.3664771653e+00
1.3842235181e+00
1.4019698709e+00
1.4197162237e+00
1.4374625765e+00
1.4552089293e+00
1.4729552821e+00
1.4907016349e+00
1.5084479877e+00
1.5261943405e+00
1.5439406933e+00
1.5616870461e+00
1.5794333989e+00
1.5971797517e+00
1.6149261045e+00
1.6326724573e+00
1.6504188101e+00
1.6681651629e+00
1.6859115157e+00
1.7036578685e+00
1.7214042212e+00
1.7391505740e+00
1.7568969268e+00
1.7746432796e+00
1.7923896324e+00
1.8101359852e+00
1.8278823380e+00
1.8456286908e+00
1.8633750436e+00
1.8811213964e+00
1.8988677492e+00
1.9166141020e+00
1.9343604548e+00
1.9521068076e+00
1.9698531604e+00
1.9875995132e+00
2.0053458660e+00
2.0230922188e+00
2.0408385716e+00
2.0585849244e+00
2.0763312772e+00
2.0940776300e+00
2.1118239828e+00
2.1295703356e+00
2.1473166884e+00
2.1650630412e+00
2.1828093940e+00
2.2005557467e+00
2.2183020995e+00
2.2360484523e+00
2.2537948051e+00
2.2715411579e+00
2.2892875107e+00
2.3070338635e+00
2.3247802163e+00
2.3425265691e+00
2.3602729219e+00
2.3780192747e+00
2.3957656275e+00
2.4135119803e+00
2.4312583331e+00
2.4490046859e+00
2.4667510387e+00
2.4844973915e+00
2.5022437443e+00
2.5199900971e+00
2.5377364499e+00
2.5554828027e+00
2.5732291555e+00
2.5909755083e+00
2.6087218611e+00
2.6264682139e+00
2.6442145667e+00
2.6619609195e+00
2.6797072723e+00
2.6974536250e+00
2.7151999778e+00
2.7329463306e+00
2.7506926834e+00
2.7684390362e+00
2.7861853890e+00
2.8039317418e+00
2.8216780946e+00
2.8394244474e+00
2.8571708002e+00
2.8749171530e+00
2.8926635058e+00
2.9104098586e+00
2.9281562114e+00
2.9459025642e+00
2.9636489170e+00
2.9813952698e+00
2.9991416226e+00
3.0168879754e+00
3.0346343282e+00
3.0523806810e+00
3.0701270338e+00
3.0878733866e+00
3.1056197394e+00
3.1233660922e+00
3.1411124450e+00
3.1588587978e+00
3.1766051505e+00
3.1943515033e+00
3.2120978561e+00
3.2298442089e+00
3.2475905617e+00
3.2653369145e+00
3.2830832673e+00
3.3008296201e+00
3.3185759729e+00
3.3363223257e+00
3.3540686785e+00
3.3718150313e+00
3.3895613841e+00
3.4073077369e+00
3.4250540897e+00
3.4428004425e+00
3.4605467953e+00
3.4782931481e+00
3.4960395009e+00
3.5137858537e+00
3.5315322065e+00
3.5492785593e+00
3.5670249121e+00
3.5847712649e+00
3.6025176177e+00
3.6202639705e+00
3.6380103233e+00
3.6557566761e+00
3.6735030288e+00
3.6912493816e+00
3.7089957344e+00
3.7267420872e+00
3.7444884400e+00
3.7622347928e+00
3.7799811456e+00
3.7977274984e+00
3.8154738512e+00
3.8332202040e+00
3.8509665568e+00
3.8687129096e+00
3.8864592624e+00
3.9042056152e+00
3.9219519680e+00
3.9396983208e+00
3.9574446736e+00
3.9751910264e+00
3.9929373792e+00
4.0106837320e+00
4.0284300848e+00
4.0461764376e+00
4.0639227904e+00
4.0816691432e+00
4.0994154960e+00
4.1171618488e+00
4.1349082016e+00
4.1526545543e+00
4.1704009071e+00
4.1881472599e+00
4.2058936127e+00
4.2236399655e+00
4.2413863183e+00
4.2591326711e+00
4.2768790239e+00
4.2946253767e+00
4.3123717295e+00
4.3301180823e+00
4.3478644351e+00
4.3656107879e+00
4.3833571407e+00
4.4011034935e+00
4.4188498463e+00
4.4365961991e+00
4.4543425519e+00
4.4720889047e+00
4.4898352575e+00
4.5075816103e+00
4.5253279631e+00
4.5430743159e+00
4.5608206687e+00
4.5785670215e+00
4.5963133743e+00
4.6140597271e+00
4.6318060799e+00
4.6495524326e+00
4.6672987854e+00
4.6850451382e+00
4.7027914910e+00
4.7205378438e+00
4.7382841966e+00
4.7560305494e+00
4.7737769022e+00
4.7915232550e+00
4.8092696078e+00
4.8270159606e+00
4.8447623134e+00
4.8625086662e+00
4.8802550190e+00
4.8980013718e+00
4.9157477246e+00
4.9334940774e+00
4.9512404302e+00
4.9689867830e+00
4.9867331358e+00
5.0044794886e+00
5.0222258414e+00
5.0399721942e+00
5.0577185470e+00
5.0754648998e+00
5.0932112526e+00
5.1109576054e+00
5.1287039581e+00
5.1464503109e+00
5.1641966637e+00
5.1819430165e+00
5.1996893693e+00
5.2174357221e+00
5.2351820749e+00
5.2529284277e+00
5.2706747805e+00
5.2884211333e+00
5.3061674861e+00
5.3239138389e+00
5.3416601917e+00
5.3594065445e+00
5.3771528973e+00
5.3948992501e+00
5.4126456029e+00
5.4303919557e+00
5.4481383085e+00
5.4658846613e+00
5.4836310141e+00
5.5013773669e+00
5.5191237197e+00
5.5368700725e+00
5.5546164253e+00
5.5723627781e+00
5.5901091309e+00
5.6078554837e+00
5.6256018364e+00
5.6433481892e+00
5.6610945420e+00
5.6788408948e+00
5.6965872476e+00
5.7143336004e+00
5.7320799532e+00
5.7498263060e+00
5.7675726588e+00
5.7853190116e+00
5.8030653644e+00
5.8208117172e+00
5.8385580700e+00
5.8563044228e+00
5.8740507756e+00
5.8917971284e+00
5.9095434812e+00
5.9272898340e+00
5.9450361868e+00
5.9627825396e+00
5.9805288924e+00
5.9982752452e+00
6.0160215980e+00
6.0337679508e+00
6.0515143036e+00
6.0692606564e+00
6.0870070092e+00
6.1047533619e+00
6.1224997147e+00
6.1402460675e+00
6.1579924203e+00
6.1757387731e+00
6.1934851259e+00
6.2112314787e+00
6.2289778315e+00
6.2467241843e+00
6.2644705371e+00
6.2822168899e+00
6.2999632427e+00
6.3177095955e+00
6.3354559483e+00
6.3532023011e+00
6.3709486539e+00
6.3886950067e+00
6.4064413595e+00
6.4241877123e+00
6.4419340651e+00
6.4596804179e+00
6.4774267707e+00
6.4951731235e+00
6.5129194763e+00
6.5306658291e+00
6.5484121819e+00
6.5661585347e+00
6.5839048875e+00
6.6016512402e+00
6.6193975930e+00
6.6371439458e+00
6.6548902986e+00
6.6726366514e+00
6.6903830042e+00
6.7081293570e+00
6.7258757098e+00
6.7436220626e+00
6.7613684154e+00
6.7791147682e+00
6.7968611210e+00
6.8146074738e+00
6.8323538266e+00
6.8501001794e+00
6.8678465322e+00
6.8855928850e+00
6.9033392378e+00
6.9210855906e+00
6.9388319434e+00
6.9565782962e+00
6.9743246490e+00
6.9920710018e+00
7.0098173546e+00
7.0275637074e+00
7.0453100602e+00
7.0630564130e+00
7.0808027658e+00
7.0985491185e+00
7.1162954713e+00
7.1340418241e+00
7.1517881769e+00
7.1695345297e+00
7.1872808825e+00
7.2050272353e+00
7.2227735881e+00
7.2405199409e+00
7.2582662937e+00
7.2760126465e+00
7.2937589993e+00
7.3115053521e+00
7.3292517049e+00
7.3469980577e+00
7.3647444105e+00
7.3824907633e+00
7.4002371161e+00
7.4179834689e+00
7.4357298217e+00
7.4534761745e+00
7.4712225273e+00
7.4889688801e+00
7.5067152329e+00
7.5244615857e+00
7.5422079385e+00
7.5599542913e+00
7.5777006440e+00
7.5954469968e+00
7.6131933496e+00
7.6309397024e+00
7.6486860552e+00
7.6664324080e+00
7.6841787608e+00
7.7019251136e+00
7.7196714664e+00
7.7374178192e+00
7.7551641720e+00
7.7729105248e+00
7.7906568776e+00
7.8084032304e+00
7.8261495832e+00
7.8438959360e+00
7.8616422888e+00
7.8793886416e+00
7.8971349944e+00
7.9148813472e+00
7.9326277000e+00
7.9503740528e+00
7.9681204056e+00
7.9858667584e+00
8.0036131112e+00
8.0213594640e+00
8.0391058168e+00
8.0568521696e+00
8.0745985223e+00
8.0923448751e+00
8.1100912279e+00
8.1278375807e+00
8.1455839335e+00
8.1633302863e+00
8.1810766391e+00
8.1988229919e+00
8.2165693447e+00
8.2343156975e+00
8.2520620503e+00
8.2698084031e+00
8.2875547559e+00
8.3053011087e+00
8.3230474615e+00
8.3407938143e+00
8.3585401671e+00
8.3762865199e+00
8.3940328727e+00
8.4117792255e+00
8.4295255783e+00
8.4472719311e+00
8.4650182839e+00
8.4827646367e+00
8.5005109895e+00
8.5182573423e+00
8.5360036951e+00
8.5537500478e+00
8.5714964006e+00
8.5892427534e+00
8.6069891062e+00
8.6247354590e+00
8.6424818118e+00
8.6602281646e+00
8.6779745174e+00
8.6957208702e+00
8.7134672230e+00
8.7312135758e+00
8.7489599286e+00
8.7667062814e+00
8.7844526342e+00
8.8021989870e+00
8.8199453398e+00
8.8376916926e+00
8.8554380454e+00
8.8731843982e+00
8.8909307510e+00
8.9086771038e+00
8.9264234566e+00
8.9441698094e+00
8.9619161622e+00
8.9796625150e+00
8.9974088678e+00
9.0151552206e+00
9.0329015734e+00
9.0506479261e+00
9.0683942789e+00
9.0861406317e+00
9.1038869845e+00
9.1216333373e+00
9.1393796901e+00
9.1571260429e+00
9.1748723957e+00
9.1926187485e+00
9.2103651013e+00
9.2281114541e+00
9.2458578069e+00
9.2636041597e+00
9.2813505125e+00
9.2990968653e+00
9.3168432181e+00
9.3345895709e+00
9.3523359237e+00
9.3700822765e+00
9.3878286293e+00
9.4055749821e+00
9.4233213349e+00
9.4410676877e+00
9.4588140405e+00
9.4765603933e+00
9.4943067461e+00
9.5120530989e+00
9.5297994516e+00
9.5475458044e+00
9.5652921572e+00
9.5830385100e+00
9.6007848628e+00
9.6185312156e+00
9.6362775684e+00
9.6540239212e+00
9.6717702740e+00
9.6895166268e+00
9.7072629796e+00
9.7250093324e+00
9.7427556852e+00
9.7605020380e+00
9.7782483908e+00
9.7959947436e+00
9.8137410964e+00
9.8314874492e+00
9.8492338020e+00
9.8669801548e+00
9.8847265076e+00
9.9024728604e+00
9.9202192132e+00
9.9379655660e+00
9.9557119188e+00
9.9734582716e+00
9.9912046244e+00
1.0008950977e+01
1.0026697330e+01
1.0044443683e+01
1.0062190036e+01
1.0079936388e+01
1.0097682741e+01
1.0115429094e+01
1.0133175447e+01
1.0150921800e+01
1.0168668152e+01
1.0186414505e+01
1.0204160858e+01
1.0221907211e+01
1.0239653564e+01
1.0257399916e+01
1.0275146269e+01
1.0292892622e+01
1.0310638975e+01
1.0328385327e+01
1.0346131680e+01
1.0363878033e+01
1.0381624386e+01
1.0399370739e+01
1.0417117091e+01
1.0434863444e+01
1.0452609797e+01
1.0470356150e+01
1.0488102503e+01
1.0505848855e+01
1.0523595208e+01
1.0541341561e+01
1.0559087914e+01
1.0576834267e+01
1.0594580619e+01
1.0612326972e+01
1.0630073325e+01
1.0647819678e+01
1.0665566031e+01
1.0683312383e+01
1.0701058736e+01
1.0718805089e+01
1.0736551442e+01
1.0754297795e+01
1.0772044147e+01
1.0789790500e+01
1.0807536853e+01
1.0825283206e+01
1.0843029559e+01
1.0860775911e+01
1.0878522264e+01
1.0896268617e+01
1.0914014970e+01
1.0931761323e+01
1.0949507675e+01
1.0967254028e+01
1.0985000381e+01
1.1002746734e+01
1.1020493087e+01
1.1038239439e+01
1.1055985792e+01
1.1073732145e+01
1.1091478498e+01
1.1109224851e+01
1.1126971203e+01
1.1144717556e+01
1.1162463909e+01
1.1180210262e+01
1.1197956615e+01
1.1215702967e+01
1.1233449320e+01
1.1251195673e+01
1.1268942026e+01
1.1286688378e+01
1.1304434731e+01
1.1322181084e+01
1.1339927437e+01
1.1357673790e+01
1.1375420142e+01
1.1393166495e+01
1.1410912848e+01
1.1428659201e+01
1.1446405554e+01
1.1464151906e+01
1.1481898259e+01
1.1499644612e+01
1.1517390965e+01
1.1535137318e+01
1.1552883670e+01
1.1570630023e+01
1.1588376376e+01
1.1606122729e+01
1.1623869082e+01
1.1641615434e+01
1.1659361787e+01
1.1677108140e+01
1.1694854493e+01
1.1712600846e+01
1.1730347198e+01
1.1748093551e+01
1.1765839904e+01
1.1783586257e+01
1.1801332610e+01
1.1819078962e+01
1.1836825315e+01
1.1854571668e+01
1.1872318021e+01
1.1890064374e+01
1.1907810726e+01
1.1925557079e+01
1.1943303432e+01
1.1961049785e+01
1.1978796138e+01
1.1996542490e+01
1.2014288843e+01
1.2032035196e+01
1.2049781549e+01
1.2067527902e+01
1.2085274254e+01
1.2103020607e+01
1.2120766960e+01
1.2138513313e+01
1.2156259666e+01
1.2174006018e+01
1.2191752371e+01
1.2209498724e+01
1.2227245077e+01
1.2244991429e+01
1.2262737782e+01
1.2280484135e+01
1.2298230488e+01
1.2315976841e+01
1.2333723193e+01
1.2351469546e+01
1.2369215899e+01
1.2386962252e+01
1.2404708605e+01
1.2422454957e+01
1.2440201310e+01
1.2457947663e+01
1.2475694016e+01
1.2493440369e+01
1.2511186721e+01
1.2528933074e+01
1.2546679427e+01
1.2564425780e+01
1.2582172133e+01
1.2599918485e+01
1.2617664838e+01
1.2635411191e+01
1.2653157544e+01
1.2670903897e+01
1.2688650249e+01
1.2706396602e+01
1.2724142955e+01
1.2741889308e+01
1.2759635661e+01
1.2777382013e+01
1.2795128366e+01
1.2812874719e+01
1.2830621072e+01
1.2848367425e+01
1.2866113777e+01
1.2883860130e+01
1.2901606483e+01
1.2919352836e+01
1.2937099189e+01
1.2954845541e+01
1.2972591894e+01
1.2990338247e+01
1.3008084600e+01
1.3025830953e+01
1.3043577305e+01
1.3061323658e+01
1.3079070011e+01
1.3096816364e+01
1.3114562717e+01
1.3132309069e+01
1.3150055422e+01
1.3167801775e+01
1.3185548128e+01
1.3203294480e+01
1.3221040833e+01
1.3238787186e+01
1.3256533539e+01
1.3274279892e+01
1.3292026244e+01
1.3309772597e+01
1.3327518950e+01
1.3345265303e+01
1.3363011656e+01
1.3380758008e+01
1.3398504361e+01
1.3416250714e+01
1.3433997067e+01
1.3451743420e+01
1.3469489772e+01
1.3487236125e+01
1.3504982478e+01
1.3522728831e+01
1.3540475184e+01
1.3558221536e+01
1.3575967889e+01
1.3593714242e+01
1.3611460595e+01
1.3629206948e+01
1.3646953300e+01
1.3664699653e+01
1.3682446006e+01
1.3700192359e+01
1.3717938712e+01
1.3735685064e+01
1.3753431417e+01
1.3771177770e+01
1.3788924123e+01
1.3806670476e+01
1.3824416828e+01
1.3842163181e+01
1.3859909534e+01
1.3877655887e+01
1.3895402240e+01
1.3913148592e+01
1.3930894945e+01
1.3948641298e+01
1.3966387651e+01
1.3984134004e+01
1.4001880356e+01
1.4019626709e+01
1.4037373062e+01
1.4055119415e+01
1.4072865768e+01
1.4090612120e+01
1.4108358473e+01
1.4126104826e+01
1.4143851179e+01
1.4161597532e+01
1.4179343884e+01
1.4197090237e+01
