65.935  66.4411  66.4851  67.0547  67.1634  67.4288  67.7466  67.9521  68.305  68.3945  68.4875  68.8139  69.1385  69.2787  69.2519  69.3272  69.7076  69.912  70.0173  70.0864  70.1209  70.19  
66.0364  66.5389  66.5818  67.1456  67.2508  67.5056  67.8274  68.025  68.3589  68.4438  68.5563  68.8686  69.1742  69.309  69.3075  69.36  69.742  69.9334  70.0595  70.1017  70.1373  70.2022  
65.9759  66.4788  66.5218  67.088  67.1936  67.4542  67.7747  67.9738  68.3218  68.4087  68.5107  68.8269  69.1504  69.2881  69.2708  69.3391  69.7129  69.9214  70.0328  70.0934  70.1291  70.1963  
65.9282  66.4371  66.4816  67.0518  67.1608  67.4206  67.7431  67.9479  68.2907  68.3793  68.4822  68.8062  69.1203  69.2594  69.2443  69.3094  69.6949  69.8937  70.0076  70.0675  70.1057  70.1746  
65.9385  66.4504  66.4946  67.0698  67.1793  67.444  67.7663  67.973  68.3189  68.4077  68.5103  68.8377  69.1496  69.2887  69.2761  69.3365  69.7311  69.9197  70.041  70.0931  70.1262  70.1944  
65.9771  66.4839  66.5275  67.0957  67.2028  67.4599  67.7829  67.9842  68.32  68.4064  68.5168  68.835  69.1396  69.276  69.2726  69.3255  69.7146  69.9022  70.0283  70.0724  70.108  70.1744  
65.9802  66.4827  66.5264  67.0904  67.1974  67.4553  67.7743  67.9755  68.3168  68.4041  68.5061  68.8248  69.1389  69.2763  69.2611  69.3265  69.7051  69.9047  70.0176  70.076  70.113  70.1803  
65.9491  66.4575  66.5024  67.0713  67.1817  67.4407  67.7603  67.9679  68.3041  68.3928  68.4954  68.8229  69.1241  69.2623  69.2514  69.3095  69.7049  69.8863  70.0068  70.0579  70.094  70.1619  
65.9667  66.4705  66.5137  67.0809  67.1874  67.4495  67.7689  67.97  68.3186  68.4062  68.5059  68.8253  69.1473  69.2856  69.2665  69.3357  69.7127  69.9174  70.0284  70.0899  70.1245  70.1921  
65.9315  66.4393  66.4831  67.0551  67.1634  67.4299  67.7493  67.9543  68.3083  68.3975  68.4929  68.8188  69.1449  69.2856  69.26  69.3354  69.7155  69.9208  70.0279  70.0963  70.1295  70.1984  
65.9821  66.4832  66.5265  67.0893  67.1958  67.4531  67.7712  67.9718  68.3109  68.3979  68.5004  68.8182  69.1277  69.2643  69.2519  69.3127  69.6944  69.8876  70.0042  70.0576  70.0937  70.1608  
65.9723  66.4737  66.5172  67.0807  67.1876  67.4469  67.7645  67.9658  68.3101  68.3977  68.4966  68.8159  69.1338  69.2719  69.2521  69.322  69.6977  69.9002  70.0092  70.0721  70.1082  70.1756  
66  66.503  66.5465  67.111  67.2178  67.4752  67.7947  67.9957  68.334  68.4208  68.5256  68.8438  69.1526  69.2892  69.2789  69.3386  69.7216  69.9143  70.0327  70.0848  70.1205  70.1873  
65.999  66.503  66.5466  67.1127  67.22  67.4793  67.7982  68.0006  68.3403  68.4274  68.5309  68.8512  69.1595  69.2962  69.2856  69.3446  69.731  69.9205  70.0404  70.0905  70.1251  70.1917  
65.9091  66.4177  66.4621  67.0348  67.1446  67.4125  67.7308  67.9384  68.2953  68.3859  68.4763  68.8063  69.135  69.2767  69.2456  69.3255  69.7065  69.9142  70.016  70.0907  70.1252  70.1953  
65.9272  66.4347  66.4792  67.0493  67.1587  67.4224  67.7415  67.9478  68.297  68.3865  68.4823  68.8092  69.1297  69.2697  69.2463  69.3189  69.7018  69.9035  70.0113  70.0777  70.1137  70.1826  
65.9382  66.4475  66.492  67.0649  67.1754  67.4425  67.7599  67.969  68.3193  68.4094  68.5029  68.8345  69.1511  69.2918  69.2678  69.3388  69.7295  69.921  70.032  70.0958  70.1279  70.197  
65.9429  66.4508  66.495  67.0657  67.1749  67.4387  67.7579  67.964  68.3115  68.4006  68.4982  68.8249  69.1415  69.2809  69.2611  69.3292  69.7158  69.9119  70.0243  70.0852  70.1199  70.1883  
65.9661  66.4715  66.5151  67.0825  67.1898  67.449  67.7697  67.9718  68.3129  68.4003  68.5045  68.8245  69.1357  69.273  69.2617  69.3219  69.7071  69.9009  70.0194  70.0721  70.1079  70.1755  
65.9784  66.4852  66.5295  67.0963  67.2047  67.4599  67.7822  67.9854  68.3184  68.4055  68.5146  68.8349  69.1368  69.2733  69.2688  69.3227  69.7126  69.8999  70.0234  70.07  70.1081  70.1751  
65.921  66.4299  66.4744  67.0473  67.1575  67.4258  67.743  67.9518  68.3062  68.3968  68.4875  68.8192  69.1424  69.2839  69.2549  69.3317  69.7175  69.9169  70.0223  70.0928  70.1255  70.1952  
65.9691  66.4763  66.5206  67.0896  67.1983  67.4587  67.7795  67.9839  68.3273  68.4155  68.5173  68.8407  69.1552  69.2938  69.2781  69.3437  69.728  69.9261  70.0398  70.0989  70.1356  70.2036  
65.9919  66.4957  66.5392  67.1034  67.2095  67.463  67.7863  67.985  68.3188  68.4046  68.5162  68.83  69.1367  69.2722  69.269  69.3232  69.7052  69.9006  70.0233  70.0702  70.1092  70.1757  
65.939  66.4468  66.4908  67.0609  67.1692  67.4305  67.7516  67.9558  68.2991  68.3874  68.4899  68.8135  69.1263  69.2652  69.2506  69.3144  69.7011  69.8953  70.0116  70.0687  70.1039  70.1723  
65.9704  66.479  66.5241  67.0923  67.2024  67.4586  67.7803  67.9866  68.3197  68.4077  68.5144  68.8392  69.1395  69.2769  69.2699  69.3257  69.7192  69.9037  70.0256  70.0746  70.1127  70.1803  
65.954  66.4622  66.5065  67.0765  67.1853  67.4459  67.7672  67.9719  68.3143  68.4026  68.5056  68.8294  69.1415  69.28  69.2665  69.3293  69.7166  69.9109  70.0278  70.0834  70.1194  70.1872  
65.9653  66.4717  66.5161  67.0824  67.1908  67.4459  67.768  67.9711  68.3044  68.3916  68.5  68.8201  69.1223  69.2586  69.2538  69.3075  69.6974  69.885  70.0082  70.0544  70.0931  70.1601  
65.9401  66.4444  66.4877  67.0555  67.1624  67.4255  67.7445  67.9465  68.2967  68.385  68.4825  68.8037  69.1273  69.2667  69.2442  69.3164  69.6933  69.8988  70.0071  70.0727  70.1071  70.1754  
65.9334  66.4372  66.4808  67.0486  67.156  67.421  67.7384  67.9417  68.296  68.3851  68.4778  68.8013  69.1295  69.2695  69.2413  69.3187  69.6937  69.903  70.0063  70.0771  70.1114  70.1801  
65.9131  66.4209  66.4653  67.0372  67.1476  67.4163  67.7319  67.9411  68.2961  68.3869  68.4752  68.8078  69.1303  69.2717  69.2412  69.3183  69.7048  69.9023  70.007  70.0771  70.1096  70.179  
65.9719  66.4769  66.5207  67.0873  67.1949  67.4534  67.7738  67.9762  68.3166  68.4041  68.5079  68.8281  69.1395  69.277  69.2646  69.3266  69.7102  69.9054  70.0221  70.0769  70.1133  70.1808  
66.006  66.5069  66.5503  67.1101  67.2153  67.4638  67.7873  67.9836  68.3107  68.3954  68.5112  68.8203  69.122  69.2557  69.258  69.3077  69.6869  69.8821  70.007  70.0492  70.0912  70.1566  
66.0011  66.5042  66.548  67.1121  67.2189  67.475  67.7959  67.9963  68.3353  68.4221  68.5275  68.8444  69.1575  69.2942  69.2826  69.3453  69.7236  69.9248  70.0396  70.0957  70.1343  70.2014  
65.9122  66.4232  66.4682  67.0413  67.1522  67.4159  67.736  67.9453  68.29  68.3801  68.4779  68.8091  69.1202  69.2608  69.2416  69.3084  69.7017  69.8911  70.0047  70.0663  70.1014  70.1712  
65.9714  66.4758  66.5197  67.0852  67.1927  67.4502  67.7707  67.9727  68.3125  68.3999  68.5039  68.8232  69.1346  69.2717  69.2599  69.3212  69.7039  69.9007  70.0171  70.0713  70.109  70.1762  
66.0169  66.5184  66.5617  67.1229  67.2286  67.4797  67.801  67.9992  68.3259  68.4108  68.5249  68.8374  69.1335  69.2677  69.2701  69.3174  69.7037  69.8867  70.0157  70.0542  70.0915  70.1567  
66.0044  66.508  66.5515  67.1155  67.2219  67.4757  67.7978  67.9973  68.3298  68.4156  68.5269  68.8416  69.1451  69.2802  69.2782  69.3303  69.7151  69.9055  70.0304  70.0739  70.1118  70.1776  
66.0112  66.5202  66.5651  67.1332  67.2432  67.4977  67.82  68.0258  68.3528  68.4397  68.5516  68.8749  69.1656  69.3013  69.3034  69.349  69.7493  69.9221  70.0541  70.0904  70.1266  70.1925  
65.9453  66.4494  66.4936  67.0599  67.1687  67.4307  67.7477  67.9528  68.3002  68.3894  68.4838  68.8091  69.1283  69.2678  69.2433  69.3168  69.6965  69.8982  70.0039  70.0716  70.1079  70.1765  
65.94  66.4482  66.4926  67.0635  67.1733  67.4374  67.7559  67.9631  68.3095  68.3988  68.4958  68.8242  69.1376  69.277  69.2578  69.3244  69.7144  69.9054  70.0195  70.0784  70.1123  70.1807  
65.9976  66.4996  66.5433  67.1065  67.2137  67.4709  67.7893  67.9908  68.33  68.4171  68.5195  68.8383  69.1489  69.2856  69.2726  69.3349  69.7159  69.9116  70.0267  70.0816  70.1187  70.1857  
65.9171  66.424  66.4683  67.039  67.1487  67.4158  67.7324  67.9401  68.2942  68.3847  68.4746  68.8045  69.1279  69.2686  69.2398  69.3155  69.6999  69.9004  70.0053  70.0749  70.1087  70.1783  
65.97  66.4753  66.5193  67.0874  67.1961  67.459  67.7762  67.9815  68.3267  68.4152  68.5127  68.8381  69.1507  69.2891  69.2712  69.3365  69.7238  69.9149  70.0295  70.0865  70.1202  70.1878  
65.9566  66.4645  66.509  67.078  67.1874  67.4466  67.7672  67.9729  68.3115  68.3998  68.5032  68.828  69.1333  69.2709  69.2607  69.3183  69.711  69.8975  70.0181  70.0684  70.1048  70.1727  
65.8746  66.3841  66.4285  67.0026  67.1124  67.3818  67.7005  67.9085  68.2685  68.3597  68.4483  68.7793  69.1112  69.2535  69.2201  69.3017  69.6829  69.8929  69.993  70.0702  70.1048  70.1758  
65.9728  66.4782  66.5221  67.0899  67.1977  67.4585  67.7785  67.9815  68.3269  68.4149  68.5154  68.8371  69.1546  69.2929  69.2757  69.3426  69.7238  69.9249  70.0371  70.0976  70.1339  70.202  
65.8619  66.3735  66.4183  66.9955  67.1072  67.3813  67.697  67.9095  68.2715  68.3638  68.4476  68.7859  69.1129  69.256  69.2205  69.3009  69.6925  69.8892  69.9924  70.0663  70.0968  70.1678  
65.9655  66.4733  66.5172  67.0878  67.1963  67.4587  67.7791  67.9838  68.3286  68.4168  68.5182  68.8424  69.1555  69.2938  69.2795  69.342  69.7305  69.9232  70.0409  70.0955  70.1299  70.1979  
65.9443  66.4539  66.4981  67.0712  67.1807  67.4465  67.7661  67.9731  68.3225  68.4119  68.5092  68.8375  69.1552  69.2954  69.2747  69.3437  69.7321  69.9271  70.0401  70.1017  70.1347  70.2033  
65.9294  66.4395  66.4845  67.0542  67.1643  67.4207  67.7436  67.9501  68.2829  68.3712  68.479  68.8043  69.1037  69.2418  69.2355  69.2905  69.6858  69.8687  69.9918  70.0408  70.0789  70.1471  
