66.9407  67.3815  67.438  67.936  68.0679  68.3749  68.5679  68.8056  69.1712  69.2624  69.2473  69.6101  69.9306  69.9511  70.0673  70.1347  
66.9708  67.4092  67.4636  67.9582  68.0847  68.38  68.5824  68.8094  69.159  69.2456  69.2531  69.5986  69.9083  69.9487  70.0403  70.1132  
66.9489  67.3871  67.442  67.9379  68.0657  68.3684  68.5657  68.7959  69.1585  69.2474  69.2416  69.5932  69.9158  69.943  70.0505  70.1212  
66.9761  67.4182  67.4753  67.9718  68.1042  68.4027  68.6005  68.838  69.1901  69.2805  69.2752  69.6358  69.942  69.9733  70.0776  70.1453  
66.922  67.3682  67.425  67.9272  68.06  68.3628  68.5618  68.8009  69.1553  69.2457  69.242  69.6057  69.9102  69.9449  70.0458  70.1126  
66.9839  67.4261  67.4815  67.9796  68.1084  68.4058  68.6083  68.8396  69.1902  69.2782  69.2832  69.6348  69.9414  69.9819  70.0746  70.1446  
66.9873  67.4252  67.4807  67.9747  68.1037  68.4034  68.6003  68.832  69.1891  69.278  69.2732  69.6261  69.9422  69.9711  70.0764  70.1468  
66.9845  67.4282  67.4852  67.9838  68.1163  68.4156  68.6144  68.8521  69.2034  69.2932  69.2907  69.6514  69.9555  69.9903  70.0901  70.1583  
66.952  67.3912  67.4465  67.9435  68.0723  68.3766  68.5728  68.805  69.1684  69.2578  69.25  69.6047  69.9261  69.9523  70.0613  70.1309  
66.9287  67.3711  67.4274  67.9274  68.059  68.3666  68.5609  68.7986  69.164  69.2551  69.242  69.6049  69.9244  69.9471  70.0619  70.1295  
67.0121  67.4495  67.5045  67.9986  68.1265  68.4262  68.6238  68.8539  69.2105  69.2988  69.2959  69.6467  69.9605  69.9926  70.0938  70.1625  
66.9797  67.4173  67.4725  67.9675  68.0959  68.3991  68.5949  68.826  69.1893  69.2784  69.2705  69.6233  69.9467  69.9716  70.0817  70.1525  
66.9811  67.4194  67.4749  67.9688  68.0978  68.3951  68.5933  68.825  69.1767  69.2651  69.2641  69.6168  69.9252  69.959  70.0587  70.1283  
66.9695  67.4094  67.4648  67.9611  68.0904  68.3904  68.5885  68.8211  69.1755  69.2641  69.2624  69.6165  69.9269  69.9604  70.0603  70.1299  
66.9232  67.3658  67.423  67.9224  68.0562  68.3645  68.5564  68.7976  69.1639  69.2563  69.2376  69.6057  69.9246  69.9428  70.0628  70.1289  
66.9558  67.3977  67.4546  67.9531  68.0854  68.3908  68.5853  68.8235  69.1864  69.2774  69.2649  69.6277  69.9458  69.969  70.0824  70.1507  
66.9221  67.3662  67.4234  67.924  68.0579  68.3645  68.5581  68.7998  69.1601  69.2517  69.2384  69.6066  69.917  69.9418  70.0541  70.1204  
66.9421  67.3848  67.4414  67.9406  68.0727  68.3773  68.573  68.8108  69.1713  69.2619  69.2523  69.6145  69.9291  69.9557  70.065  70.1332  
66.9806  67.421  67.4767  67.9732  68.1028  68.4023  68.601  68.834  69.1885  69.2775  69.2753  69.63  69.9399  69.9735  70.0739  70.1423  
66.9901  67.4315  67.4879  67.9834  68.1139  68.4084  68.6096  68.8432  69.1898  69.2783  69.2816  69.6357  69.9388  69.9774  70.0719  70.1422  
66.9218  67.3653  67.4225  67.9229  68.0569  68.3656  68.5577  68.7995  69.1645  69.2566  69.2394  69.6082  69.9245  69.9447  70.0624  70.1287  
66.9421  67.3832  67.44  67.9357  68.0677  68.3667  68.5636  68.8005  69.1532  69.2433  69.2375  69.5975  69.9058  69.9354  70.041  70.1103  
67.0085  67.4468  67.5021  67.995  68.1231  68.416  68.6177  68.847  69.1938  69.2813  69.2865  69.6346  69.9403  69.9795  70.0726  70.1433  
66.9847  67.4268  67.4831  67.9812  68.1124  68.4133  68.6111  68.8471  69.2019  69.2918  69.2871  69.6464  69.954  69.9864  70.0895  70.1566  
66.9778  67.4206  67.4779  67.9739  68.1066  68.4013  68.6013  68.8385  69.1839  69.2733  69.274  69.633  69.9334  69.9702  70.0673  70.1373  
66.9519  67.3946  67.4511  67.9494  68.0808  68.3814  68.5798  68.816  69.1708  69.2606  69.2567  69.6158  69.9259  69.9576  70.0609  70.1303  
66.9953  67.4371  67.4931  67.9899  68.1197  68.416  68.6179  68.8503  69.2008  69.2892  69.2923  69.6449  69.953  69.9911  70.0859  70.1564  
66.9708  67.4103  67.4657  67.9632  68.0926  68.3983  68.5935  68.8268  69.1922  69.2822  69.2717  69.6283  69.9502  69.9746  70.0863  70.1544  
66.9464  67.3859  67.4415  67.9397  68.0696  68.3786  68.5719  68.8063  69.1777  69.2684  69.2529  69.6115  69.9408  69.9593  70.0775  70.1461  
66.9309  67.3745  67.4313  67.9333  68.0664  68.3786  68.5703  68.8108  69.1823  69.2743  69.2554  69.6228  69.9469  69.9648  70.0846  70.1514  
66.9757  67.4157  67.4716  67.9673  68.0971  68.3962  68.5944  68.8277  69.1819  69.271  69.2682  69.6231  69.9341  69.9662  70.0684  70.1379  
67.0468  67.4832  67.5378  68.0288  68.1546  68.445  68.649  68.8737  69.2198  69.3059  69.316  69.6568  69.9665  70.0086  70.0971  70.1705  
66.9742  67.4115  67.4674  67.9591  68.0886  68.3839  68.5816  68.8138  69.1638  69.2524  69.2505  69.6032  69.9124  69.944  70.0459  70.1168  
66.9665  67.4112  67.4689  67.968  68.1028  68.4043  68.6  68.8423  69.1947  69.2863  69.2769  69.645  69.9459  69.9759  70.0827  70.1475  
66.9753  67.4149  67.4707  67.9662  68.0955  68.3946  68.5933  68.8255  69.1812  69.2701  69.2677  69.6208  69.9353  69.9669  70.069  70.1395  
67.0334  67.4717  67.5261  68.0199  68.146  68.4386  68.6426  68.8686  69.2145  69.3007  69.3114  69.6548  69.9599  70.0045  70.091  70.1624  
66.9917  67.431  67.486  67.9808  68.1084  68.4031  68.6056  68.8343  69.1836  69.2708  69.2771  69.6243  69.9334  69.9732  70.0654  70.1374  
66.9615  67.4059  67.4626  67.9603  68.0919  68.3846  68.5881  68.8235  69.1643  69.2524  69.2608  69.6166  69.9121  69.9565  70.0443  70.1155  
66.9712  67.4106  67.467  67.9629  68.0942  68.3988  68.5922  68.8285  69.1918  69.2824  69.2692  69.6293  69.9496  69.971  70.0856  70.1544  
66.9436  67.3872  67.4438  67.9442  68.0765  68.3819  68.5779  68.8162  69.177  69.2677  69.2584  69.6213  69.9352  69.9627  70.0711  70.139  
66.9804  67.418  67.4736  67.9669  68.096  68.3945  68.5916  68.8233  69.1781  69.2667  69.2632  69.6158  69.9294  69.9596  70.0628  70.1333  
66.9408  67.3829  67.4397  67.9395  68.0722  68.3817  68.5737  68.8133  69.1816  69.2734  69.2557  69.6213  69.9427  69.9619  70.0798  70.1461  
66.9499  67.3913  67.4473  67.9459  68.0767  68.3815  68.5771  68.8129  69.1738  69.2636  69.2554  69.6148  69.9304  69.958  70.0653  70.134  
66.9677  67.4106  67.4673  67.9653  68.097  68.3962  68.5953  68.8316  69.1839  69.2735  69.2713  69.63  69.9364  69.9709  70.0704  70.1388  
66.9471  67.3903  67.4476  67.9483  68.0822  68.3928  68.5841  68.8258  69.1956  69.2884  69.2674  69.6366  69.9572  69.9743  70.0957  70.1597  
66.9487  67.3882  67.4446  67.9394  68.0705  68.3702  68.5662  68.8017  69.1564  69.2463  69.2393  69.5978  69.9081  69.9365  70.0431  70.1116  
66.9128  67.3597  67.4172  67.9232  68.0584  68.3752  68.5654  68.8105  69.1858  69.2794  69.2553  69.63  69.9526  69.9685  70.0919  70.155  
66.9404  67.3828  67.4392  67.9373  68.0689  68.37  68.5673  68.8041  69.1584  69.2483  69.2433  69.6036  69.9107  69.9426  70.0456  70.1132  
66.9144  67.3584  67.4153  67.9155  68.0486  68.3532  68.5487  68.7886  69.147  69.238  69.2282  69.5935  69.9034  69.9308  70.0402  70.1074  
67.0205  67.4646  67.5218  68.0196  68.1521  68.4478  68.6487  68.8859  69.2319  69.3215  69.3229  69.6821  69.9807  70.0199  70.1151  70.1828  
