67.0099  67.4386  67.4872  67.9797  68.0935  68.3949  68.5991  68.8052  69.1714  69.2523  69.269  69.5861  69.9231  69.9675  70.0486  70.1268  
67.0528  67.4804  67.53  68.0165  68.1314  68.4189  68.6276  68.8335  69.1792  69.2588  69.2871  69.6012  69.9197  69.9744  70.0433  70.1244  
67.0517  67.4787  67.5284  68.0162  68.1317  68.427  68.6304  68.8386  69.1962  69.2774  69.2941  69.6131  69.9417  69.9859  70.0671  70.1452  
67.0378  67.459  67.507  67.9885  68.0997  68.3873  68.5934  68.7931  69.1416  69.2192  69.2478  69.5531  69.8788  69.9314  69.9995  70.083  
66.9972  67.4231  67.4721  67.9594  68.0735  68.368  68.5722  68.7779  69.134  69.2139  69.2347  69.5499  69.8795  69.9259  70.0038  70.0855  
67.0453  67.4697  67.5172  68.0053  68.116  68.4134  68.6189  68.819  69.1829  69.262  69.2836  69.5917  69.9315  69.9778  70.0553  70.1363  
66.9825  67.4133  67.4646  67.9544  68.0741  68.3684  68.5709  68.7863  69.1372  69.2196  69.2353  69.5642  69.8816  69.9263  70.0084  70.0864  
67.0554  67.4804  67.5282  68.0141  68.1248  68.4126  68.6233  68.8223  69.1709  69.2484  69.2819  69.5863  69.9108  69.9693  70.0317  70.1141  
67.0395  67.4636  67.5108  67.9975  68.1073  68.3994  68.6081  68.8061  69.1618  69.2394  69.2691  69.5729  69.9054  69.9595  70.0271  70.1099  
67.0754  67.4982  67.5458  68.0302  68.1405  68.4308  68.6387  68.8372  69.1916  69.2697  69.2974  69.6019  69.9338  69.9854  70.0563  70.1385  
67.056  67.4876  67.5371  68.031  68.1466  68.4456  68.652  68.8608  69.2229  69.3046  69.3228  69.6434  69.9736  70.0211  70.1004  70.1764  
67.0356  67.4609  67.5094  67.9965  68.1095  68.4041  68.6089  68.8128  69.1702  69.2498  69.2713  69.584  69.9148  69.9623  70.0385  70.1187  
67.0972  67.5233  67.5717  68.0578  68.17  68.4574  68.6677  68.8691  69.2166  69.2951  69.3264  69.6343  69.9554  70.0133  70.0775  70.1576  
67.0401  67.4657  67.5139  68.0015  68.1134  68.4068  68.6143  68.8158  69.1733  69.2523  69.2775  69.5865  69.9201  69.97  70.0436  70.1256  
67.0335  67.4598  67.5085  67.9981  68.1118  68.4122  68.6145  68.8205  69.1868  69.2679  69.2816  69.5987  69.937  69.9773  70.0634  70.1415  
67.0673  67.4961  67.5456  68.0354  68.1506  68.4453  68.6512  68.8588  69.2146  69.2955  69.3162  69.6342  69.9595  70.0087  70.0846  70.162  
67.0723  67.4993  67.5475  68.0356  68.1477  68.4379  68.6479  68.8495  69.2008  69.2795  69.3096  69.6183  69.9433  69.9996  70.0662  70.147  
67.0218  67.4518  67.5012  67.9931  68.1085  68.406  68.6115  68.8199  69.1788  69.2598  69.2794  69.5988  69.9269  69.975  70.0523  70.1302  
66.983  67.4122  67.4627  67.9522  68.0696  68.3655  68.5687  68.7801  69.1366  69.2184  69.2344  69.558  69.8853  69.9282  70.0119  70.0919  
67.0536  67.4815  67.5301  68.0189  68.1318  68.4227  68.6322  68.8354  69.1863  69.2653  69.2946  69.6055  69.9288  69.9851  70.0515  70.1317  
67.0131  67.436  67.4838  67.9689  68.0802  68.3739  68.5786  68.7792  69.1355  69.2138  69.2384  69.5463  69.879  69.9277  70.0014  70.0851  
66.9962  67.4254  67.4744  67.9668  68.0814  68.3821  68.586  68.7935  69.1575  69.2385  69.2555  69.5743  69.9086  69.9533  70.0342  70.113  
67.1121  67.5348  67.583  68.067  68.1782  68.4693  68.6761  68.876  69.2331  69.3122  69.3357  69.6423  69.9771  70.0248  70.1007  70.1815  
67.0669  67.4977  67.5474  68.0407  68.1565  68.4564  68.6616  68.8708  69.2353  69.3176  69.3326  69.654  69.9877  70.0315  70.1154  70.1913  
67.0143  67.4474  67.4966  67.993  68.1085  68.41  68.6164  68.8257  69.1891  69.2706  69.2896  69.6112  69.9413  69.99  70.068  70.1445  
67.0275  67.4511  67.4987  67.9861  68.0968  68.3946  68.5993  68.7994  69.1651  69.2444  69.2641  69.5723  69.916  69.959  70.0408  70.1234  
66.9972  67.4256  67.4747  67.9667  68.0816  68.3847  68.5865  68.7946  69.1638  69.2455  69.2574  69.5776  69.9186  69.9571  70.0455  70.1245  
67.1494  67.5746  67.6224  68.1077  68.218  68.5028  68.7159  68.9139  69.2597  69.3375  69.3729  69.6758  69.9955  70.0578  70.1169  70.1953  
67.0132  67.4412  67.4899  67.9809  68.095  68.3946  68.5983  68.8048  69.1676  69.2483  69.2658  69.5833  69.9168  69.9616  70.0424  70.1213  
67.0295  67.4559  67.5042  67.9943  68.1072  68.4076  68.6109  68.8153  69.1813  69.2618  69.2783  69.593  69.9314  69.9745  70.0567  70.1355  
67.0733  67.4991  67.5469  68.0335  68.1445  68.4323  68.6434  68.8431  69.1914  69.2693  69.3025  69.608  69.9307  69.9899  70.0525  70.1333  
67.0492  67.4758  67.525  68.0121  68.1263  68.4187  68.6247  68.8302  69.1843  69.2645  69.2869  69.6014  69.9291  69.9774  70.0538  70.1343  
67.0633  67.4864  67.5341  68.019  68.1298  68.4212  68.6281  68.8278  69.1825  69.2608  69.287  69.5935  69.9233  69.9749  70.0456  70.1262  
67.0473  67.4724  67.5205  68.0092  68.1214  68.4207  68.6242  68.8273  69.1937  69.2741  69.2903  69.6031  69.9436  69.9855  70.069  70.148  
66.9943  67.424  67.4733  67.9674  68.0828  68.389  68.5904  68.7996  69.1746  69.2574  69.2651  69.5877  69.9348  69.9691  70.0635  70.1417  
67.0305  67.4553  67.5044  67.9918  68.1066  68.4068  68.6063  68.8141  69.1803  69.2622  69.2713  69.5912  69.9292  69.9647  70.0564  70.1338  
67.1361  67.5617  67.6102  68.0962  68.2078  68.4965  68.7071  68.9073  69.2603  69.3393  69.3679  69.6743  70.0038  70.0578  70.127  70.207  
67.0392  67.4652  67.5136  68.0013  68.114  68.4077  68.6142  68.8173  69.1739  69.2533  69.277  69.5884  69.919  69.9686  70.0426  70.1231  
66.9875  67.4166  67.4665  67.9564  68.0727  68.3681  68.5724  68.7821  69.137  69.2179  69.2376  69.5584  69.8835  69.9306  70.0086  70.0886  
66.9978  67.4245  67.4735  67.9621  68.0764  68.3728  68.5768  68.7829  69.1418  69.2221  69.2413  69.5576  69.8891  69.9344  70.014  70.0946  
66.9929  67.418  67.4659  67.9553  68.0673  68.3683  68.571  68.7739  69.1411  69.221  69.2378  69.5505  69.8919  69.9341  70.0166  70.0976  
67.0211  67.4495  67.4978  67.9906  68.1033  68.4052  68.6104  68.8146  69.1838  69.2645  69.2816  69.5963  69.9388  69.982  70.0652  70.1446  
67.0754  67.5039  67.5524  68.0412  68.1537  68.4418  68.6539  68.856  69.2035  69.282  69.3154  69.6242  69.944  70.0047  70.0663  70.146  
67.0305  67.4588  67.5073  67.9991  68.1123  68.4124  68.6177  68.8225  69.1883  69.269  69.2871  69.6024  69.9409  69.9853  70.0671  70.1465  
67.0632  67.4872  67.5354  68.0211  68.1332  68.4262  68.6315  68.8338  69.1901  69.2695  69.2919  69.6024  69.933  69.981  70.057  70.1371  
67.052  67.4811  67.5306  68.0206  68.1359  68.4304  68.6366  68.8444  69.1998  69.2806  69.3019  69.62  69.9459  69.9949  70.0712  70.1497  
67.0584  67.4815  67.5282  68.0153  68.1241  68.4195  68.627  68.8236  69.1857  69.2636  69.2898  69.5925  69.932  69.9824  70.0545  70.1364  
66.9821  67.4114  67.4605  67.9529  68.0676  68.368  68.5722  68.7797  69.1431  69.224  69.2418  69.5606  69.8956  69.94  70.0217  70.1024  
67.0271  67.4608  67.5112  68.0021  68.1188  68.4019  68.6164  68.8252  69.1596  69.2388  69.2772  69.5941  69.8957  69.9638  70.018  70.0972  
67.0986  67.5224  67.5701  68.0553  68.166  68.4562  68.6646  68.8638  69.2178  69.2962  69.3239  69.6293  69.9587  70.012  70.0809  70.1608  
