66.234  66.7105  66.7518  67.2878  67.3896  67.6377  67.9373  68.1286  68.4485  68.5293  68.6314  68.9334  69.2216  69.3467  69.3486  69.3977  69.7645  69.9414  70.0627  70.0968  70.134  70.193  
66.2529  66.7321  66.7737  67.3096  67.4109  67.6502  67.9571  68.1456  68.4524  68.5315  68.6481  68.9438  69.2214  69.3468  69.36  69.3986  69.7679  69.9418  70.0735  70.0963  70.1373  70.1955  
66.2373  66.7117  66.7541  67.2855  67.389  67.6331  67.9299  68.1234  68.4364  68.5177  68.6182  68.9221  69.2039  69.3274  69.331  69.381  69.7464  69.922  70.0382  70.0773  70.1193  70.1788  
66.3408  66.8115  66.8521  67.3798  67.4785  67.7158  68.0179  68.2018  68.5081  68.5853  68.7  68.9886  69.268  69.39  69.4037  69.4418  69.802  69.98  70.1097  70.1298  70.171  70.2273  
66.2654  66.7446  66.7851  67.3239  67.4234  67.6678  67.9751  68.1618  68.4793  68.5584  68.6714  68.9662  69.2558  69.3818  69.3896  69.4327  69.7984  69.9797  70.109  70.1349  70.1709  70.2291  
66.2745  66.7453  66.786  67.3155  67.4152  67.6588  67.9571  68.1438  68.4596  68.5387  68.6437  68.9381  69.227  69.3521  69.3524  69.404  69.7602  69.9443  70.0634  70.0978  70.138  70.1958  
66.2116  66.698  66.74  67.2855  67.3889  67.6363  67.9448  68.1389  68.4568  68.5386  68.6484  68.9542  69.2387  69.3677  69.3723  69.4161  69.7951  69.9659  70.0958  70.1245  70.159  70.2192  
66.3026  66.7756  66.8164  67.3464  67.4454  67.683  67.9868  68.1712  68.4764  68.5537  68.6709  68.9601  69.2375  69.3599  69.3764  69.4121  69.7752  69.9513  70.0841  70.1018  70.1443  70.2008  
66.3036  66.7757  66.8159  67.3463  67.4444  67.6846  67.9875  68.1709  68.4815  68.5588  68.6733  68.9619  69.2458  69.3688  69.3809  69.421  69.7804  69.961  70.0906  70.1123  70.1523  70.2089  
66.2779  66.7488  66.7893  67.3178  67.4163  67.6553  67.9572  68.141  68.451  68.5288  68.6413  68.9305  69.2157  69.3396  69.3477  69.393  69.7482  69.9332  70.057  70.0861  70.1288  70.1863  
66.1748  66.6544  66.6965  67.2347  67.3381  67.5855  67.8866  68.0803  68.3978  68.4796  68.5827  68.8879  69.1733  69.2997  69.3018  69.3516  69.7215  69.8972  70.0176  70.0549  70.0949  70.1553  
66.2724  66.7465  66.7875  67.3199  67.4205  67.6635  67.9643  68.1526  68.4661  68.5456  68.653  68.9495  69.2337  69.3591  69.3631  69.4095  69.773  69.9507  70.0746  70.1044  70.1436  70.2017  
66.2729  66.7453  66.787  67.3153  67.4163  67.6541  67.9545  68.1423  68.4459  68.5243  68.6368  68.9308  69.2053  69.3288  69.3402  69.3812  69.7447  69.9188  70.0458  70.0707  70.1157  70.1733  
66.2555  66.7312  66.7718  67.3061  67.4052  67.6472  67.9523  68.1377  68.452  68.5306  68.6437  68.9357  69.2242  69.3492  69.3573  69.4017  69.7618  69.9468  70.0733  70.1008  70.1412  70.1991  
66.2266  66.7012  66.7424  67.2763  67.3778  67.625  67.9236  68.1143  68.4348  68.5159  68.6159  68.9173  69.2084  69.3298  69.3364  69.3862  69.7478  69.9294  70.045  70.0863  70.1239  70.1835  
66.2292  66.7046  66.7469  67.2794  67.383  67.6269  67.9246  68.118  68.4291  68.5101  68.6132  68.9168  69.1955  69.3223  69.3223  69.3724  69.7406  69.9126  70.0326  70.0678  70.1098  70.1691  
66.2707  66.7443  66.7857  67.3161  67.4169  67.6566  67.9576  68.1455  68.4519  68.5305  68.6426  68.9373  69.2146  69.3389  69.3488  69.3913  69.7548  69.93  70.0569  70.0826  70.1256  70.1831  
66.2291  66.7076  66.7495  67.2864  67.3894  67.6355  67.9365  68.1294  68.4445  68.5254  68.6304  68.9339  69.2159  69.3429  69.3448  69.3919  69.7636  69.9351  70.0596  70.0906  70.1291  70.1882  
66.2088  66.6932  66.7346  67.2787  67.3803  67.6274  67.9367  68.1274  68.4485  68.5295  68.6402  68.9412  69.2334  69.3619  69.3653  69.4123  69.7827  69.9645  70.0913  70.1229  70.1587  70.2185  
66.2801  66.7539  66.7957  67.326  67.4279  67.6682  67.9676  68.1575  68.4632  68.5422  68.6523  68.9497  69.2241  69.3482  69.3576  69.3993  69.7665  69.937  70.0643  70.0889  70.1316  70.1891  
66.3344  66.8058  66.8463  67.3758  67.475  67.716  68.0164  68.202  68.513  68.591  68.7012  68.9935  69.2765  69.4002  69.4077  69.4517  69.8118  69.9896  70.1157  70.1411  70.1792  70.2355  
66.2432  66.7207  66.7623  67.2991  67.4015  67.6493  67.9492  68.1415  68.46  68.5409  68.6438  68.947  69.2329  69.3592  69.36  69.4089  69.7782  69.9522  70.0749  70.1075  70.1441  70.2029  
66.2349  66.7047  66.7459  67.2727  67.3725  67.612  67.9113  68.0972  68.4088  68.4878  68.595  68.8871  69.1756  69.3008  69.3015  69.3551  69.706  69.8972  70.0121  70.0516  70.0983  70.157  
66.151  66.6305  66.6727  67.211  67.3143  67.5622  67.8635  68.0572  68.3772  68.4595  68.5609  68.8663  69.1562  69.2797  69.2857  69.3363  69.7026  69.884  69.9999  70.0432  70.0839  70.1449  
66.2001  66.6813  66.7231  67.2637  67.367  67.6163  67.9179  68.1121  68.4305  68.512  68.6161  68.9223  69.2057  69.3341  69.3344  69.3825  69.7575  69.9267  70.0523  70.0838  70.1198  70.1794  
66.2443  66.7196  66.7593  67.295  67.3923  67.637  67.9433  68.1261  68.4484  68.527  68.6382  68.9278  69.2278  69.354  69.3564  69.4072  69.7603  69.9554  70.0774  70.1116  70.1488  70.2071  
66.2159  66.6944  66.7356  67.2744  67.3761  67.6257  67.9274  68.1188  68.4434  68.5248  68.626  68.9288  69.2238  69.3464  69.3524  69.4021  69.7666  69.9497  70.0677  70.1073  70.1428  70.2024  
66.2301  66.7026  66.7436  67.2723  67.3713  67.6072  67.9113  68.0952  68.3984  68.476  68.5938  68.8821  69.1588  69.2819  69.2979  69.3352  69.6958  69.8751  70.005  70.0276  70.0746  70.1327  
66.25  66.7264  66.7677  67.3033  67.405  67.6519  67.9517  68.1429  68.4605  68.5411  68.6446  68.9462  69.232  69.3583  69.3592  69.4085  69.7757  69.9503  70.0725  70.1059  70.1422  70.2009  
66.2522  66.7254  66.7666  67.2989  67.4003  67.6469  67.9441  68.1345  68.4529  68.5334  68.6341  68.9345  69.2228  69.3454  69.3495  69.3995  69.7613  69.9405  70.058  70.0955  70.1337  70.1924  
66.2841  66.7568  66.7978  67.327  67.4268  67.6646  67.9667  68.1524  68.4568  68.5346  68.6498  68.941  69.2165  69.3397  69.3538  69.3918  69.7552  69.9294  70.0599  70.081  70.124  70.1811  
66.2362  66.7139  66.7552  67.2908  67.3915  67.6338  67.9387  68.127  68.4403  68.52  68.6312  68.9276  69.2132  69.3396  69.3454  69.3913  69.7556  69.9363  70.0614  70.0921  70.1322  70.191  
66.287  66.7584  66.7988  67.3282  67.427  67.6673  67.9685  68.1533  68.4639  68.5421  68.6532  68.9441  69.2273  69.3511  69.3595  69.4025  69.762  69.9419  70.068  70.0941  70.1349  70.1925  
66.2325  66.7059  66.7467  67.2794  67.3795  67.6254  67.9251  68.1131  68.4333  68.5135  68.6162  68.9134  69.2065  69.3294  69.3335  69.3844  69.7422  69.928  70.0447  70.0841  70.1228  70.182  
66.1659  66.6461  66.6875  67.2286  67.3307  67.5825  67.8849  68.0773  68.4069  68.4894  68.5877  68.8925  69.1944  69.3129  69.3248  69.3749  69.737  69.9267  70.0395  70.0868  70.1226  70.1834  
66.2079  66.6841  66.725  67.2612  67.362  67.6101  67.9112  68.101  68.4254  68.5069  68.607  68.9078  69.2043  69.3247  69.3334  69.3829  69.7433  69.9293  70.0437  70.0882  70.1239  70.1844  
66.1936  66.6675  66.7088  67.2393  67.3391  67.5774  67.8816  68.067  68.3764  68.4553  68.5686  68.8598  69.146  69.271  69.2785  69.3259  69.6811  69.8716  69.9926  70.0263  70.0748  70.1339  
66.2702  66.7436  66.7849  67.3158  67.4168  67.6589  67.9587  68.1474  68.4588  68.5381  68.6457  68.9423  69.2245  69.3496  69.354  69.4007  69.7635  69.9409  70.064  70.0942  70.1352  70.1932  
66.2505  66.7318  66.7733  67.3134  67.4155  67.6611  67.9664  68.1579  68.4735  68.5539  68.6637  68.9651  69.2487  69.3755  69.3816  69.4247  69.7981  69.9706  70.0999  70.1261  70.1622  70.2209  
66.2583  66.7362  66.7772  67.3142  67.4149  67.66  67.964  68.1528  68.47  68.5499  68.6585  68.9565  69.2442  69.3707  69.3745  69.4208  69.7872  69.9655  70.0913  70.1208  70.1572  70.2156  
66.2809  66.7543  66.7948  67.3281  67.4281  67.6747  67.974  68.1621  68.4821  68.5617  68.6651  68.9624  69.2534  69.3779  69.3794  69.4293  69.7902  69.9711  70.0919  70.1253  70.161  70.2189  
66.2073  66.6848  66.7256  67.2634  67.3637  67.6118  67.9147  68.1034  68.4265  68.5069  68.6119  68.9104  69.2059  69.3312  69.3337  69.3848  69.746  69.9321  70.052  70.0894  70.1264  70.1857  
66.2574  66.7335  66.7749  67.3075  67.4084  67.6472  67.9511  68.1387  68.4434  68.5218  68.6378  68.9318  69.2061  69.3299  69.3453  69.3815  69.7499  69.9216  70.0543  70.0739  70.117  70.1747  
66.2203  66.6965  66.7377  67.2732  67.3745  67.6212  67.9219  68.1119  68.4312  68.5118  68.6157  68.9157  69.2063  69.3311  69.334  69.3851  69.7471  69.9292  70.048  70.0861  70.1243  70.1834  
66.2628  66.7358  66.7766  67.3077  67.4074  67.6492  67.9506  68.1372  68.4501  68.5292  68.6379  68.932  69.2175  69.343  69.347  69.3945  69.7544  69.9352  70.0579  70.0898  70.1296  70.188  
66.2307  66.7073  66.7496  67.2833  67.3867  67.6303  67.9298  68.1228  68.4341  68.5149  68.6198  68.9229  69.2024  69.3294  69.3305  69.3799  69.7482  69.9212  70.0424  70.0767  70.1181  70.1773  
66.2935  66.7624  66.8025  67.3301  67.4283  67.67  67.969  68.1526  68.4663  68.5441  68.6528  68.9424  69.2304  69.3541  69.3589  69.4067  69.7604  69.9455  70.0677  70.0975  70.1383  70.1953  
66.2462  66.7258  66.767  67.3062  67.4078  67.6555  67.9587  68.1497  68.4691  68.5496  68.656  68.9576  69.246  69.3736  69.3744  69.4236  69.7921  69.9685  70.0932  70.1249  70.1597  70.2183  
66.2789  66.7618  66.8046  67.3421  67.4462  67.6831  67.9902  68.1833  68.4791  68.5581  68.6793  68.98  69.2382  69.3622  69.3866  69.411  69.7974  69.9488  70.0933  70.1006  70.141  70.1984  
66.2644  66.735  66.7758  67.3036  67.403  67.6423  67.9425  68.1277  68.4369  68.5151  68.6256  68.9167  69.1993  69.323  69.3307  69.3755  69.7329  69.9152  70.0386  70.0675  70.1118  70.1697  
