66.217  67.0763  67.2042  68.0122  68.2946  68.4739  68.9613  69.4064  69.4736  69.5943  69.884  
66.2346  67.0785  67.2037  68.0006  68.2776  68.4603  68.9391  69.3778  69.4562  69.5759  69.8551  
66.1689  67.0328  67.1621  67.9794  68.2687  68.4639  68.942  69.4015  69.4799  69.6028  69.8782  
66.2358  67.085  67.2109  68.0105  68.288  68.4657  68.9506  69.3884  69.4605  69.58  69.867  
66.2567  67.1059  67.2302  68.0311  68.3047  68.4812  68.9708  69.4025  69.4741  69.5928  69.8865  
66.1966  67.0503  67.177  67.9849  68.2679  68.458  68.9357  69.3857  69.4646  69.5862  69.8618  
66.1801  67.036  67.1624  67.9739  68.2564  68.4492  68.9287  69.3785  69.4602  69.5819  69.8591  
66.1799  67.0318  67.1591  67.9666  68.2519  68.4476  68.9191  69.374  69.4589  69.5814  69.8479  
66.1806  67.0323  67.1589  67.9669  68.2502  68.4458  68.9201  69.3716  69.4589  69.581  69.8506  
66.1558  67.0193  67.1519  67.9611  68.2549  68.4396  68.9162  69.3784  69.4466  69.5694  69.8444  
66.1558  67.0194  67.1492  67.966  68.2573  68.4537  68.9285  69.3921  69.4709  69.5945  69.8645  
66.2234  67.0768  67.2061  68.0051  68.2892  68.4644  68.9464  69.3926  69.4589  69.5796  69.8627  
66.21  67.0568  67.1809  67.9841  68.259  68.4468  68.93  69.3665  69.4534  69.5732  69.8553  
66.2026  67.0559  67.1827  67.9898  68.2726  68.4621  68.9398  69.3892  69.4673  69.5889  69.8648  
66.2823  67.1233  67.2473  68.038  68.3088  68.4794  68.9675  69.3933  69.4651  69.5828  69.8753  
66.2113  67.0666  67.1933  68.0011  68.2835  68.4696  68.9507  69.3985  69.4726  69.5937  69.8745  
66.139  67.011  67.1429  67.9644  68.2604  68.4533  68.9309  69.3998  69.4682  69.592  69.8677  
66.2157  67.0673  67.1936  67.9982  68.2792  68.4655  68.9449  69.3906  69.4674  69.5883  69.8671  
66.1943  67.0525  67.1783  67.9935  68.2742  68.4686  68.9522  69.3988  69.4823  69.6035  69.8862  
66.1345  66.9992  67.1312  67.9471  68.2435  68.4409  68.9104  69.381  69.4577  69.5818  69.8464  
66.2288  67.0852  67.2133  68.0165  68.2978  68.4725  68.9608  69.4028  69.4691  69.5893  69.8799  
66.2283  67.0883  67.2147  68.026  68.3062  68.4882  68.9779  69.4212  69.4917  69.6123  69.9034  
66.1853  67.0423  67.1682  67.984  68.268  68.4685  68.9437  69.3983  69.484  69.6066  69.8779  
66.1692  67.0213  67.1476  67.9599  68.246  68.4515  68.9181  69.3777  69.4696  69.5932  69.852  
66.1602  67.0199  67.1502  67.9631  68.255  68.4529  68.9232  69.3871  69.4687  69.5921  69.8577  
66.2062  67.0552  67.1815  67.9845  68.2654  68.4541  68.9312  69.3773  69.46  69.5812  69.8553  
66.2317  67.0827  67.2102  68.0099  68.2906  68.4685  68.951  69.3931  69.463  69.583  69.8676  
66.2179  67.0741  67.2037  68.0053  68.2909  68.4663  68.9482  69.3973  69.4598  69.5809  69.8643  
66.1842  67.044  67.1743  67.9815  68.2691  68.4515  68.9331  69.386  69.4568  69.5786  69.8595  
66.2236  67.075  67.1995  68.0077  68.2855  68.4766  68.9582  69.4006  69.4841  69.6049  69.8851  
66.2103  67.0628  67.1881  67.9966  68.2766  68.4678  68.9478  69.3941  69.4769  69.5984  69.8752  
66.1589  67.0144  67.1439  67.952  68.2414  68.4351  68.906  69.3657  69.4461  69.5689  69.8354  
66.1492  67.0119  67.1401  67.9587  68.2472  68.4464  68.9228  69.3832  69.4662  69.5896  69.861  
66.1859  67.0426  67.1704  67.9792  68.2632  68.4508  68.9316  69.3818  69.4591  69.5809  69.8595  
66.1842  67.0342  67.1597  67.9668  68.2476  68.4422  68.918  69.3658  69.4532  69.5747  69.8467  
66.1842  67.0409  67.1673  67.9781  68.2599  68.449  68.9319  69.3794  69.4591  69.5806  69.8613  
66.1509  67.0135  67.1429  67.9588  68.2491  68.4448  68.9203  69.3821  69.4615  69.5849  69.8558  
66.2206  67.0736  67.201  68.0043  68.2855  68.4669  68.9499  69.394  69.4678  69.5885  69.8714  
66.2064  67.056  67.1814  67.9864  68.2658  68.4555  68.9338  69.3782  69.4599  69.5807  69.8577  
66.2279  67.0841  67.2141  68.0153  68.3011  68.4763  68.959  69.4077  69.4724  69.5935  69.8769  
66.2406  67.0841  67.2085  68.0068  68.2823  68.4673  68.9473  69.3843  69.4676  69.5873  69.8665  
66.2326  67.0779  67.2025  67.9995  68.2729  68.4505  68.9379  69.369  69.4479  69.5667  69.8555  
66.2662  67.1231  67.2532  68.0511  68.3345  68.4998  68.9891  69.4313  69.4869  69.6071  69.9005  
66.1479  67.0106  67.1424  67.9535  68.2461  68.435  68.9111  69.373  69.4467  69.5697  69.843  
66.1692  67.0288  67.159  67.9667  68.2553  68.4394  68.9185  69.374  69.4446  69.5668  69.8443  
66.2015  67.0578  67.1832  67.996  68.2766  68.4694  68.9515  69.3989  69.4811  69.6027  69.8823  
66.1693  67.0229  67.15  67.9587  68.243  68.4368  68.9118  69.3644  69.4476  69.5697  69.8411  
66.2452  67.0956  67.2205  68.0216  68.2962  68.472  68.9624  69.3952  69.4674  69.5864  69.8798  
66.2116  67.0657  67.1936  67.998  68.2816  68.4648  68.9444  69.3929  69.4642  69.5852  69.8652  
66.1927  67.0545  67.182  67.9968  68.2823  68.4718  68.9533  69.4069  69.4785  69.6004  69.8817  
