66.8971  67.6459  67.7922  68.5002  68.8031  69.0589  69.3999  69.8613  70.0439  70.16  
66.955  67.6979  67.8395  68.5476  68.8428  69.1023  69.4437  69.8965  70.083  70.1981  
66.8518  67.604  67.753  68.4668  68.7785  69.0497  69.3771  69.8546  70.0471  70.1649  
66.9421  67.687  67.8298  68.5371  68.8332  69.0878  69.4329  69.8852  70.0684  70.1835  
66.9437  67.6836  67.8255  68.5281  68.8216  69.0745  69.419  69.8666  70.0525  70.1667  
66.8937  67.6435  67.7879  68.5037  68.8061  69.0759  69.4113  69.8765  70.0687  70.1857  
66.8859  67.6379  67.782  68.5008  68.803  69.0747  69.4116  69.8769  70.0703  70.1873  
66.8961  67.6465  67.7913  68.5086  68.8133  69.0875  69.4186  69.8885  70.0827  70.2004  
66.8947  67.6431  67.7874  68.5031  68.8061  69.0804  69.4121  69.879  70.077  70.1943  
66.8964  67.6575  67.8078  68.5241  68.8372  69.0935  69.4332  69.9101  70.081  70.199  
66.8334  67.5903  67.7389  68.4603  68.7724  69.0509  69.3787  69.8588  70.0555  70.1745  
66.9285  67.6784  67.8246  68.5326  68.8351  69.0873  69.431  69.8914  70.0689  70.1853  
66.9457  67.6896  67.8306  68.5419  68.8357  69.099  69.4423  69.8935  70.0871  70.2021  
66.9002  67.6476  67.7924  68.5043  68.8073  69.0743  69.408  69.8733  70.0637  70.1805  
66.9855  67.721  67.8615  68.5592  68.8483  69.0956  69.4435  69.8837  70.0677  70.1811  
66.8901  67.6397  67.7842  68.4987  68.8006  69.0678  69.4049  69.8683  70.0591  70.1758  
66.8252  67.5905  67.7414  68.4666  68.7832  69.0547  69.3877  69.8728  70.0554  70.1745  
66.9185  67.6647  67.8088  68.519  68.8197  69.0829  69.4198  69.8811  70.069  70.1852  
66.8841  67.6285  67.774  68.4819  68.7855  69.0519  69.3832  69.8484  70.0424  70.1584  
66.8564  67.6183  67.7687  68.4911  68.8078  69.0807  69.4093  69.8956  70.079  70.1981  
66.9172  67.6663  67.8118  68.5201  68.8205  69.0734  69.4192  69.8762  70.0577  70.1735  
66.8721  67.6199  67.7649  68.4764  68.7773  69.042  69.3811  69.8412  70.0357  70.152  
66.864  67.6115  67.7569  68.4722  68.7782  69.0573  69.3822  69.8546  70.0556  70.1731  
66.8589  67.6065  67.7514  68.47  68.7769  69.0642  69.3841  69.8603  70.0671  70.1858  
66.8779  67.6292  67.779  68.4904  68.8044  69.0741  69.3979  69.8792  70.0671  70.1852  
66.9157  67.6613  67.805  68.5164  68.8165  69.084  69.4196  69.8807  70.0749  70.1915  
66.9457  67.691  67.8359  68.5404  68.8405  69.0922  69.4343  69.8914  70.0699  70.1853  
66.9162  67.669  67.8156  68.5261  68.8302  69.0827  69.4264  69.8898  70.0635  70.1803  
66.8975  67.6516  67.7996  68.5119  68.819  69.0769  69.4171  69.8852  70.0661  70.1832  
66.8953  67.6352  67.7786  68.4853  68.7847  69.0546  69.3851  69.8451  70.0461  70.1621  
66.8814  67.6279  67.771  68.4867  68.7864  69.0619  69.3956  69.8576  70.0605  70.1775  
66.8977  67.6534  67.8002  68.5186  68.8272  69.0956  69.4294  69.9037  70.0875  70.2055  
66.8374  67.5948  67.7414  68.4661  68.775  69.056  69.3865  69.863  70.0621  70.1807  
66.8999  67.6524  67.7977  68.5134  68.8169  69.0814  69.4209  69.8862  70.0734  70.1905  
66.9112  67.6601  67.8028  68.52  68.8199  69.0918  69.4281  69.8907  70.0854  70.2023  
66.8919  67.6454  67.7892  68.509  68.8098  69.0783  69.4201  69.8825  70.074  70.1909  
66.8519  67.61  67.7577  68.4801  68.7905  69.0656  69.3976  69.8751  70.0673  70.1859  
66.9226  67.6691  67.8141  68.522  68.8229  69.0809  69.421  69.8806  70.0665  70.1826  
66.9302  67.6761  67.819  68.5304  68.8296  69.0938  69.4314  69.8912  70.0795  70.1955  
66.9083  67.6575  67.8051  68.5116  68.8166  69.071  69.4108  69.8747  70.0559  70.1728  
66.9442  67.683  67.8246  68.5304  68.825  69.089  69.4264  69.8785  70.0749  70.19  
66.9623  67.7054  67.8462  68.5537  68.8449  69.0987  69.4487  69.8936  70.0806  70.195  
66.9016  67.6461  67.7942  68.4933  68.7963  69.0438  69.3856  69.8436  70.0245  70.1407  
66.8818  67.6409  67.7906  68.5074  68.8198  69.0819  69.4183  69.8954  70.0742  70.1923  
66.9028  67.6619  67.809  68.5274  68.8345  69.0929  69.4363  69.9059  70.0808  70.1984  
66.8695  67.6168  67.7608  68.4762  68.7776  69.0527  69.3855  69.8496  70.0517  70.1687  
66.8997  67.6524  67.7968  68.5154  68.8188  69.0887  69.4251  69.8925  70.0816  70.1989  
66.9387  67.6822  67.8242  68.5308  68.8243  69.0782  69.426  69.8738  70.0605  70.1751  
66.9083  67.6572  67.8027  68.5131  68.8163  69.0769  69.4146  69.8784  70.062  70.1785  
66.8643  67.6193  67.7651  68.4847  68.7904  69.0607  69.3968  69.8665  70.0553  70.1727  
