66.2407  66.8241  66.8803  67.5215  67.6703  67.9561  68.2859  68.5602  68.8524  68.937  69.0832  69.4975  69.7035  69.843  69.8846  69.9043  
66.2522  66.8253  66.8803  67.512  67.6581  67.9436  68.2664  68.5363  68.8317  68.9151  69.0548  69.4635  69.6773  69.815  69.8492  69.8788  
66.1918  66.7786  66.8354  67.4829  67.6345  67.9314  68.2569  68.5382  68.8456  68.9328  69.0655  69.4925  69.711  69.8546  69.8784  69.9148  
66.2544  66.8314  66.8869  67.5214  67.668  67.9507  68.2782  68.5482  68.8388  68.9222  69.0682  69.4761  69.6842  69.8218  69.8635  69.8851  
66.2737  66.852  66.907  67.5427  67.6875  67.9674  68.2999  68.5664  68.8549  68.9379  69.0904  69.493  69.7003  69.8375  69.8861  69.9002  
66.2217  66.7993  66.855  67.4937  67.6424  67.938  68.2574  68.5334  68.8384  68.9236  69.0554  69.4745  69.692  69.8323  69.8585  69.8942  
66.2051  66.784  66.8394  67.4806  67.6289  67.9267  68.2471  68.5225  68.8307  68.9158  69.0484  69.4671  69.6877  69.8281  69.8551  69.8906  
66.1993  66.777  66.8331  67.472  67.6219  67.9192  68.2369  68.5155  68.8245  68.9108  69.0367  69.4604  69.6824  69.8244  69.842  69.886  
66.2013  66.7789  66.8347  67.4736  67.6224  67.9187  68.2385  68.5147  68.8242  68.91  69.0389  69.459  69.6843  69.8258  69.8455  69.8889  
66.1692  66.7573  66.8152  67.4601  67.6143  67.903  68.2298  68.5146  68.8085  68.8954  69.0318  69.4617  69.666  69.8085  69.8373  69.8687  
66.1903  66.7722  66.829  67.4736  67.6261  67.9301  68.2456  68.5291  68.8425  68.9296  69.0524  69.4834  69.7048  69.8477  69.8637  69.9086  
66.2464  66.8251  66.8818  67.5166  67.6664  67.9491  68.2742  68.5498  68.8382  68.9224  69.0643  69.4796  69.6836  69.8221  69.8592  69.8848  
66.2191  66.797  66.8519  67.489  67.6343  67.9201  68.2497  68.518  68.8175  68.9013  69.0456  69.4524  69.6735  69.8122  69.8485  69.8772  
66.221  66.8009  66.8568  67.4965  67.6454  67.9372  68.2607  68.5367  68.8384  68.9241  69.059  69.4779  69.6927  69.8339  69.8619  69.8948  
66.2932  66.8677  66.9228  67.5519  67.696  67.9682  68.3014  68.5654  68.8466  68.9288  69.0838  69.4814  69.6864  69.822  69.8725  69.8863  
66.2425  66.8196  66.8752  67.5133  67.6617  67.9566  68.2759  68.5509  68.8535  68.9381  69.0724  69.4894  69.7036  69.8428  69.8736  69.9047  
66.1718  66.7597  66.817  67.467  67.6216  67.9257  68.2439  68.5313  68.8397  68.927  69.0539  69.4898  69.7003  69.8434  69.8664  69.902  
66.2319  66.8112  66.867  67.5052  67.6535  67.942  68.2673  68.5415  68.8395  68.9246  69.0631  69.4787  69.6913  69.8315  69.8637  69.8928  
66.2069  66.7933  66.849  67.4956  67.6432  67.934  68.2674  68.5407  68.8449  68.9309  69.0741  69.4896  69.7102  69.8527  69.8862  69.914  
66.1534  66.7403  66.798  67.4455  67.6006  67.9014  68.2203  68.5087  68.8173  68.9056  69.0287  69.4665  69.6812  69.8258  69.8405  69.8846  
66.2529  66.8338  66.8901  67.5278  67.6763  67.9592  68.2882  68.5613  68.8501  68.934  69.0813  69.4929  69.6976  69.8356  69.8791  69.8984  
66.2617  66.8427  66.8984  67.5396  67.6874  67.979  68.305  68.5779  68.8771  68.9614  69.1042  69.5173  69.7292  69.8681  69.9079  69.9299  
66.2074  66.7889  66.8446  67.489  67.6381  67.9389  68.26  68.5376  68.8513  68.9382  69.0663  69.4898  69.7143  69.8575  69.8775  69.9172  
66.1962  66.772  66.8277  67.4677  67.6175  67.9236  68.2354  68.5153  68.836  68.9234  69.0394  69.4672  69.6987  69.8425  69.8489  69.903  
66.1693  66.7571  66.8146  67.4612  67.6144  67.9076  68.2344  68.5185  68.8236  68.9121  69.0418  69.4732  69.6907  69.8362  69.8535  69.8953  
66.2249  66.8014  66.8573  67.4932  67.6414  67.9315  68.2538  68.5279  68.8299  68.9149  69.0492  69.4649  69.6843  69.8245  69.8508  69.8879  
66.2456  66.8257  66.8818  67.5181  67.6663  67.9467  68.2766  68.5494  68.8373  68.9216  69.0678  69.4796  69.6845  69.8234  69.8638  69.8853  
66.2409  66.8212  66.878  67.515  67.6656  67.9504  68.2747  68.5524  68.8406  68.9253  69.0662  69.4848  69.6845  69.8236  69.8612  69.8844  
66.2053  66.7892  66.8462  67.4875  67.6387  67.9261  68.2532  68.532  68.8268  68.9123  69.0522  69.4731  69.6824  69.823  69.8558  69.8855  
66.2435  66.8226  66.878  67.5174  67.6639  67.9547  68.2815  68.5528  68.8568  68.9421  69.0808  69.4931  69.7146  69.8554  69.886  69.9175  
66.2416  66.8169  66.8721  67.5095  67.657  67.9546  68.2724  68.546  68.8552  68.94  69.0707  69.4866  69.71  69.8497  69.8748  69.9127  
66.1732  66.7548  66.8116  67.453  67.605  67.8999  68.2202  68.5022  68.8067  68.8935  69.0214  69.4492  69.6654  69.808  69.8272  69.869  
66.1813  66.7628  66.8189  67.4644  67.6153  67.9215  68.2373  68.5186  68.8352  68.9218  69.0457  69.4739  69.6988  69.8413  69.8588  69.9026  
66.2004  66.7835  66.8399  67.482  67.6318  67.9222  68.2488  68.5259  68.8256  68.9114  69.0494  69.4692  69.6826  69.8238  69.8548  69.8853  
66.1998  66.7772  66.8326  67.4713  67.6191  67.914  68.2353  68.5097  68.8173  68.9026  69.0345  69.4518  69.675  69.8159  69.8398  69.8788  
66.2059  66.7863  66.8419  67.4834  67.6318  67.9267  68.2498  68.5249  68.8293  68.9142  69.0508  69.468  69.6857  69.8256  69.857  69.8883  
66.1765  66.76  66.8168  67.4621  67.6143  67.9156  68.2343  68.5172  68.8278  68.9148  69.0411  69.4708  69.6902  69.8331  69.8522  69.8938  
66.2339  66.8157  66.8721  67.5107  67.6596  67.943  68.2728  68.5471  68.8394  68.9245  69.0682  69.4826  69.6917  69.8317  69.8686  69.8936  
66.2153  66.795  66.8505  67.4896  67.6371  67.9256  68.2526  68.5257  68.8253  68.9105  69.0496  69.4642  69.6795  69.8202  69.8519  69.8815  
66.2536  66.8342  66.8914  67.5278  67.6787  67.9619  68.2877  68.565  68.8538  68.9388  69.0799  69.4977  69.7013  69.8407  69.8766  69.9025  
66.2581  66.8317  66.8868  67.5191  67.6647  67.9501  68.2748  68.5436  68.8417  68.9255  69.0654  69.4728  69.6921  69.8304  69.8629  69.895  
66.2459  66.8216  66.8767  67.5094  67.6542  67.9337  68.2642  68.5303  68.8208  68.9032  69.0533  69.455  69.6688  69.8052  69.8494  69.8714  
66.3076  66.8853  66.9423  67.5747  67.7241  68.003  68.3293  68.6028  68.8852  68.9685  69.1157  69.5264  69.725  69.8619  69.9064  69.9248  
66.1653  66.7519  66.8095  67.4542  67.6076  67.8995  68.2247  68.5083  68.8079  68.8948  69.0286  69.4575  69.669  69.8118  69.8367  69.8732  
66.1833  66.7679  66.8249  67.4675  67.6195  67.9089  68.2343  68.5153  68.8105  68.8964  69.0338  69.4583  69.6644  69.8057  69.8371  69.8664  
66.2297  66.8089  66.8643  67.5058  67.6535  67.9511  68.2729  68.547  68.8563  68.9416  69.0752  69.4922  69.7146  69.8554  69.883  69.9173  
66.1856  66.7652  66.8211  67.4617  67.6111  67.9065  68.2276  68.505  68.8112  68.897  69.0281  69.4496  69.669  69.8105  69.8339  69.8724  
66.2622  66.841  66.8963  67.5323  67.6778  67.9583  68.2901  68.5578  68.8467  68.9298  69.0814  69.4854  69.6934  69.8305  69.8782  69.894  
66.2361  66.8147  66.8707  67.5082  67.6573  67.9468  68.2694  68.5451  68.8417  68.9265  69.0638  69.4812  69.6906  69.8303  69.8626  69.8918  
66.225  66.806  66.8618  67.5053  67.655  67.955  68.274  68.5523  68.8583  68.9437  69.0762  69.4988  69.711  69.8515  69.8818  69.9111  
