66.4186  67.0412  67.1002  67.7862  67.9468  68.2571  68.5974  68.8964  69.184  69.2751  69.4306  69.874  70.0056  70.1323  70.1518  70.249  
66.4229  67.0337  67.0924  67.7641  67.9222  68.2246  68.5599  68.8535  69.1375  69.2281  69.3788  69.8142  69.9528  70.0788  70.1027  70.1861  
66.3617  66.9882  67.0474  67.7424  67.9059  68.2341  68.5667  68.8741  69.1829  69.2769  69.4149  69.8744  70.0188  70.149  70.1657  70.2482  
66.4293  67.0445  67.1035  67.7792  67.9377  68.2386  68.5786  68.8724  69.1527  69.243  69.4002  69.8351  69.9684  70.0941  70.117  70.2092  
66.45  67.0676  67.1257  67.8048  67.9612  68.2622  68.6074  68.8977  69.1801  69.2699  69.4327  69.8632  69.9984  70.124  70.1453  70.245  
66.403  67.0192  67.0781  67.7584  67.919  68.2323  68.5647  68.8647  69.158  69.2501  69.3939  69.8401  69.9778  70.1051  70.1247  70.2093  
66.382  66.9998  67.0585  67.7417  67.9018  68.2182  68.5516  68.8512  69.1487  69.2409  69.3849  69.8313  69.9728  70.1006  70.1204  70.2048  
66.3712  66.9873  67.0467  67.7273  67.8893  68.2058  68.535  68.8383  69.1366  69.2301  69.3664  69.8184  69.9612  70.0903  70.1103  70.1847  
66.372  66.9881  67.0471  67.7285  67.8892  68.2066  68.5374  68.8383  69.1396  69.2327  69.3708  69.8197  69.9677  70.0965  70.1174  70.1921  
66.3214  66.9476  67.0091  67.6977  67.8652  68.1813  68.5138  68.8254  69.1145  69.2083  69.351  69.8121  69.9421  70.0722  70.0942  70.1734  
66.3791  67  67.0594  67.7475  67.9116  68.2371  68.5638  68.8721  69.1753  69.2687  69.403  69.8623  70.0004  70.1284  70.1452  70.227  
66.4231  67.0393  67.0994  67.7751  67.9371  68.2393  68.5749  68.8747  69.1522  69.2429  69.3959  69.8381  69.9657  70.0914  70.1147  70.2035  
66.3797  66.996  67.0546  67.7335  67.8908  68.1967  68.5382  68.8307  69.1231  69.2146  69.3677  69.8029  69.9521  70.0799  70.1045  70.1868  
66.3954  67.0142  67.0733  67.7562  67.9171  68.2305  68.5654  68.8661  69.16  69.2527  69.3974  69.8451  69.9833  70.1118  70.1308  70.2155  
66.4676  67.0801  67.1388  67.8087  67.9645  68.2548  68.6008  68.8879  69.1601  69.249  69.4152  69.8391  69.9728  70.0972  70.1223  70.2185  
66.4328  67.0486  67.1072  67.787  67.9468  68.2585  68.5918  68.8902  69.18  69.2711  69.4188  69.8621  69.9952  70.121  70.1398  70.2314  
66.354  66.9812  67.0413  67.7357  67.9025  68.2299  68.5581  68.8712  69.1699  69.2635  69.4015  69.8665  69.994  70.1226  70.1384  70.2273  
66.4046  67.0227  67.0818  67.7628  67.923  68.2324  68.5693  68.868  69.1577  69.2499  69.3984  69.8425  69.9792  70.1072  70.1273  70.214  
66.3663  66.9929  67.0511  67.7464  67.9057  68.2294  68.5705  68.8698  69.1806  69.2742  69.4204  69.8692  70.0239  70.1551  70.1734  70.2574  
66.3161  66.9418  67.0027  67.6944  67.8624  68.1893  68.5153  68.8304  69.1323  69.2276  69.3583  69.8272  69.9626  70.0937  70.1117  70.1856  
66.4354  67.0547  67.1141  67.794  67.9543  68.257  68.5979  68.8949  69.1741  69.2643  69.4232  69.8618  69.9903  70.1155  70.1373  70.2348  
66.4637  67.0843  67.1425  67.8275  67.9862  68.2968  68.6373  68.9335  69.2227  69.3131  69.4694  69.9091  70.0408  70.1656  70.1825  70.2863  
66.3853  67.0066  67.0648  67.755  67.9156  68.2414  68.5737  68.8763  69.1862  69.2802  69.4168  69.8705  70.0178  70.1478  70.1628  70.2452  
66.3773  66.9921  67.0506  67.7338  67.8952  68.2218  68.5458  68.8503  69.1616  69.2562  69.3825  69.8392  69.9887  70.1187  70.1345  70.2054  
66.3191  66.946  67.0063  67.7005  67.8664  68.1944  68.5248  68.8364  69.1459  69.2417  69.3733  69.8392  69.9863  70.1193  70.1375  70.2076  
66.3991  67.0139  67.073  67.7505  67.9106  68.2201  68.5541  68.8523  69.1446  69.2367  69.3814  69.8248  69.9676  70.0952  70.1173  70.1966  
66.4092  67.0276  67.0872  67.7665  67.927  68.2313  68.5705  68.8683  69.1508  69.242  69.3965  69.8375  69.9703  70.0974  70.12  70.2093  
66.4211  67.0395  67.0997  67.7775  67.9404  68.2432  68.5791  68.8809  69.1564  69.2475  69.4008  69.8458  69.9674  70.0936  70.1148  70.2075  
66.3719  66.994  67.0543  67.7392  67.9028  68.2154  68.5506  68.8549  69.1441  69.2363  69.3842  69.8349  69.9694  70.0972  70.1195  70.2042  
66.4234  67.0422  67.1001  67.785  67.9428  68.258  68.5966  68.8922  69.1935  69.2857  69.433  69.875  70.0227  70.1509  70.169  70.2565  
66.4384  67.0524  67.1106  67.7892  67.9478  68.2602  68.5936  68.8902  69.1853  69.2768  69.4216  69.8633  70.0042  70.1301  70.1487  70.2364  
66.3319  66.9516  67.0121  67.6956  67.8603  68.1777  68.5067  68.8145  69.1105  69.2047  69.3407  69.7983  69.9376  70.0679  70.0893  70.1612  
66.3674  66.9881  67.0471  67.7355  67.8982  68.2235  68.5522  68.8579  69.1632  69.2566  69.3924  69.8486  69.9903  70.1188  70.1356  70.2179  
66.3711  66.993  67.0528  67.7374  67.8995  68.2104  68.5483  68.8502  69.1408  69.2338  69.3818  69.8302  69.9671  70.0959  70.1165  70.2018  
66.3674  66.9833  67.0422  67.7222  67.8821  68.1953  68.5291  68.8278  69.125  69.2179  69.36  69.8054  69.9516  70.0806  70.1021  70.179  
66.3858  67.0049  67.0641  67.7466  67.9069  68.2177  68.555  68.8538  69.1453  69.2373  69.3865  69.8304  69.9687  70.0961  70.1167  70.2046  
66.3546  66.9771  67.0369  67.7253  67.8895  68.212  68.5417  68.8497  69.1502  69.2441  69.381  69.8395  69.9777  70.107  70.125  70.2055  
66.4063  67.0268  67.0865  67.7681  67.929  68.2345  68.5751  68.8739  69.1592  69.2512  69.4045  69.8474  69.9823  70.11  70.1313  70.2206  
66.3773  66.996  67.055  67.7369  67.8966  68.2065  68.5448  68.8427  69.1353  69.2282  69.376  69.8198  69.9614  70.0908  70.1116  70.1945  
66.4389  67.0575  67.1176  67.7964  67.9591  68.2636  68.5996  68.9013  69.1805  69.2714  69.4239  69.869  69.995  70.1205  70.1417  70.2338  
66.4336  67.0454  67.1038  67.7776  67.9348  68.2391  68.5763  68.8687  69.158  69.2488  69.3992  69.8338  69.9785  70.1046  70.1277  70.2111  
66.4137  67.027  67.086  67.7587  67.9154  68.2121  68.5552  68.8447  69.1251  69.2148  69.3754  69.8037  69.9453  70.0707  70.0976  70.1856  
66.5119  67.1274  67.1866  67.8621  68.0225  68.323  68.6601  68.957  69.2302  69.3185  69.4786  69.9152  70.0353  70.1573  70.1779  70.2819  
66.32  66.9449  67.0058  67.6949  67.8612  68.1814  68.5123  68.8226  69.1187  69.2125  69.3521  69.8126  69.9497  70.0798  70.1017  70.1779  
66.3473  66.97  67.031  67.7147  67.8795  68.189  68.5245  68.8307  69.1151  69.2082  69.3554  69.8083  69.9376  70.0668  70.0888  70.1721  
66.4214  67.0401  67.0982  67.7832  67.9421  68.2587  68.5947  68.8925  69.1922  69.2843  69.4301  69.8745  70.0168  70.144  70.161  70.2515  
66.3503  66.9684  67.0279  67.7101  67.8719  68.187  68.5194  68.8217  69.118  69.2114  69.3521  69.8022  69.9445  70.074  70.0951  70.1718  
66.443  67.0605  67.1192  67.7968  67.954  68.2521  68.5977  68.8886  69.1676  69.2575  69.4211  69.8515  69.9851  70.1104  70.1328  70.2319  
66.4128  67.0298  67.089  67.7689  67.93  68.2403  68.574  68.8742  69.1616  69.2531  69.4009  69.8463  69.9785  70.1053  70.1257  70.2137  
66.4173  67.0379  67.0965  67.7827  67.944  68.2613  68.5946  68.8968  69.1897  69.2816  69.428  69.8773  70.0064  70.1331  70.1489  70.245  
