66.5455  67.4718  67.6445  68.484  68.8545  69.0534  69.4989  70.0312  70.0357  70.1339  
66.5557  67.4641  67.6329  68.4603  68.8238  69.0275  69.4624  69.9876  70.0042  70.1013  
66.4895  67.425  67.5999  68.4535  68.8351  69.0534  69.4866  70.0396  70.0488  70.1476  
66.5617  67.4755  67.6454  68.4746  68.8381  69.0352  69.4781  70.001  70.0124  70.1099  
66.5839  67.4992  67.6671  68.4993  68.8579  69.053  69.5039  70.0205  70.0323  70.1298  
66.5232  67.4418  67.6131  68.4523  68.825  69.0396  69.4682  70.008  70.021  70.1182  
66.5035  67.4258  67.5966  68.4411  68.8136  69.0311  69.4623  70.0028  70.0172  70.1147  
66.4995  67.4183  67.5904  68.4307  68.8069  69.0267  69.4494  69.996  70.0121  70.1099  
66.4992  67.4182  67.5893  68.4314  68.805  69.0261  69.4522  69.9956  70.0161  70.1139  
66.4678  67.4031  67.5821  68.4238  68.8088  69.0077  69.4445  69.9939  69.996  70.0939  
66.4864  67.4149  67.5903  68.4393  68.8239  69.0492  69.4689  70.0259  70.0363  70.1332  
66.5521  67.4686  67.6426  68.4693  68.8407  69.0355  69.4729  70.0043  70.0105  70.108  
66.5243  67.4399  67.6075  68.445  68.8062  69.014  69.4578  69.9821  70.0054  70.1036  
66.5253  67.4462  67.6178  68.4575  68.83  69.0407  69.4736  70.0129  70.0241  70.1223  
66.6097  67.5141  67.6812  68.5004  68.854  69.0419  69.4923  70  70.0163  70.1134  
66.5444  67.4624  67.6336  68.4713  68.8428  69.0544  69.485  70.0215  70.0317  70.1281  
66.467  67.4068  67.5853  68.4388  68.8287  69.0448  69.4715  70.0288  70.0325  70.1266  
66.5382  67.457  67.628  68.4645  68.834  69.0401  69.4765  70.0106  70.0218  70.1199  
66.5097  67.4427  67.6131  68.4675  68.8376  69.0519  69.4986  70.0374  70.0535  70.1534  
66.4493  67.3854  67.5641  68.414  68.8047  69.0221  69.4446  70.0088  70.0107  70.1098  
66.5615  67.4814  67.6538  68.4857  68.8536  69.0485  69.4932  70.02  70.0268  70.1242  
66.5711  67.4933  67.6639  68.5051  68.8733  69.0811  69.5218  70.0525  70.0623  70.1585  
66.5076  67.4343  67.6052  68.4572  68.8331  69.059  69.4865  70.0351  70.0502  70.1483  
66.4908  67.4096  67.5807  68.4281  68.8074  69.0434  69.4549  70.0104  70.0312  70.1285  
66.4677  67.4031  67.5796  68.4303  68.8152  69.031  69.4614  70.0197  70.0284  70.1289  
66.5292  67.4435  67.6141  68.4488  68.8182  69.0304  69.461  69.9964  70.0154  70.113  
66.5505  67.4697  67.6417  68.4727  68.8404  69.0345  69.4787  70.0068  70.0137  70.1122  
66.5489  67.4685  67.6433  68.4718  68.8455  69.0388  69.476  70.01  70.0101  70.1078  
66.5052  67.4329  67.6084  68.4474  68.8245  69.0263  69.465  70.0063  70.0128  70.1114  
66.5498  67.469  67.6376  68.4805  68.8469  69.0624  69.4997  70.0328  70.0526  70.1504  
66.5465  67.4603  67.6296  68.4686  68.8377  69.0586  69.4847  70.021  70.0411  70.1371  
66.4713  67.3968  67.5719  68.4133  68.7942  69.0073  69.4335  69.9846  69.9938  70.0928  
66.4773  67.4058  67.5791  68.4312  68.8123  69.0405  69.4626  70.0165  70.0298  70.1269  
66.5083  67.4329  67.6057  68.4465  68.8196  69.0266  69.4643  70.0032  70.0136  70.1123  
66.5013  67.419  67.5888  68.4296  68.7996  69.017  69.4471  69.9856  70.0051  70.1032  
66.5118  67.4336  67.6045  68.4465  68.8171  69.0294  69.465  70.0012  70.0151  70.1127  
66.4756  67.4054  67.5804  68.4291  68.8118  69.0323  69.4573  70.0115  70.0209  70.1189  
66.5453  67.4655  67.6375  68.4717  68.8405  69.0401  69.4823  70.0132  70.0238  70.1222  
66.5211  67.4408  67.6107  68.4496  68.8174  69.0248  69.4634  69.9968  70.0104  70.1093  
66.5623  67.4811  67.6561  68.4848  68.8586  69.0546  69.4912  70.0257  70.0308  70.1281  
66.5644  67.4724  67.6403  68.4702  68.8322  69.0407  69.4761  70.0006  70.0237  70.1206  
66.5548  67.4644  67.6322  68.4597  68.8173  69.0147  69.4619  69.9772  69.9982  70.0956  
66.614  67.5286  67.7029  68.5258  68.8955  69.0856  69.5257  70.0514  70.0546  70.1503  
66.46  67.3942  67.572  68.4171  68.8014  69.0084  69.4422  69.9951  69.9993  70.0989  
66.4889  67.4167  67.5925  68.4306  68.8089  69.009  69.4459  69.9891  69.9913  70.0905  
66.5345  67.4554  67.6251  68.4706  68.8409  69.0612  69.4929  70.0312  70.0485  70.1453  
66.4851  67.4073  67.5793  68.4215  68.796  69.011  69.4408  69.9842  69.998  70.0966  
66.5763  67.4907  67.6592  68.4898  68.8491  69.0444  69.4939  70.0108  70.0242  70.1215  
66.5369  67.4566  67.6292  68.4642  68.8368  69.0412  69.4751  70.0118  70.0188  70.1164  
66.5265  67.4529  67.6254  68.4709  68.8471  69.0611  69.4919  70.0352  70.0388  70.1355  
