67.1603  67.8625  67.9562  68.7008  68.9426  69.2996  69.5979  70.0199  70.2729  70.3725  70.5002  
67.1945  67.8876  67.9795  68.7165  68.9532  69.3096  69.6054  70.0196  70.2778  70.3774  70.501  
67.1159  67.8205  67.9154  68.6673  68.9151  69.2938  69.5763  70.0119  70.2828  70.3844  70.4915  
67.1898  67.8867  67.9791  68.7178  68.9552  69.306  69.6077  70.0216  70.2734  70.3727  70.5036  
67.2079  67.903  67.9945  68.7308  68.9649  69.3099  69.617  70.0247  70.2741  70.3726  70.5097  
67.1425  67.8427  67.9357  68.6827  68.9246  69.2952  69.5844  70.0097  70.2772  70.3787  70.4924  
67.1347  67.8358  67.9286  68.6779  68.9193  69.2932  69.5824  70.0073  70.2782  70.3796  70.4937  
67.1353  67.8347  67.9283  68.6755  68.9194  69.2957  69.5789  70.0086  70.2812  70.3837  70.4889  
67.1395  67.8375  67.9306  68.6768  68.9189  69.2947  69.5794  70.0057  70.281  70.3828  70.4898  
67.1229  67.8309  67.9276  68.6782  68.9299  69.2995  69.5842  70.0241  70.2783  70.3791  70.4934  
67.0877  67.7944  67.8894  68.6456  68.8948  69.282  69.5603  70.0002  70.278  70.3808  70.4811  
67.169  67.8696  67.964  68.7055  68.9487  69.3035  69.5994  70.0233  70.2731  70.3727  70.4982  
67.1888  67.8836  67.9752  68.7148  68.9497  69.307  69.6073  70.0183  70.282  70.3819  70.5082  
67.1521  67.8516  67.9449  68.6896  68.9315  69.2975  69.5883  70.013  70.2764  70.3779  70.4931  
67.2372  67.9285  68.0198  68.7493  68.981  69.3155  69.6272  70.0292  70.2724  70.3703  70.5121  
67.1463  67.847  67.9399  68.687  68.9283  69.2963  69.588  70.012  70.2763  70.3773  70.495  
67.0739  67.7872  67.8834  68.6448  68.8982  69.2848  69.5638  70.01  70.2778  70.3801  70.4861  
67.1684  67.8668  67.9599  68.7023  68.9427  69.3033  69.5978  70.019  70.2781  70.379  70.4992  
67.157  67.8564  67.9493  68.6948  68.9351  69.3017  69.5949  70.0162  70.283  70.3835  70.5023  
67.0894  67.7984  67.8949  68.6513  68.9052  69.2916  69.5661  70.0131  70.2831  70.3859  70.4848  
67.1714  67.8734  67.9671  68.71  68.9509  69.3026  69.6049  70.0242  70.274  70.3733  70.5052  
67.1504  67.8538  67.9467  68.6944  68.9342  69.2946  69.5955  70.0152  70.2757  70.3762  70.503  
67.1299  67.8303  67.9234  68.673  68.916  69.2953  69.5792  70.0082  70.2846  70.3873  70.4923  
67.1114  67.8092  67.9023  68.6521  68.8965  69.2861  69.5602  69.9938  70.2806  70.3846  70.4762  
67.1244  67.8271  67.923  68.6714  68.9217  69.3  69.5775  70.0171  70.286  70.3881  70.489  
67.161  67.8578  67.9508  68.6929  68.9331  69.2981  69.5896  70.011  70.2775  70.3786  70.4937  
67.1909  67.8883  67.9817  68.7199  68.9603  69.3119  69.6096  70.0284  70.2776  70.3767  70.5046  
67.1577  67.8612  67.9558  68.7  68.9446  69.2996  69.596  70.0226  70.2692  70.3695  70.4955  
67.1403  67.8442  67.9393  68.6863  68.9326  69.2976  69.5881  70.0184  70.2762  70.3763  70.4953  
67.1682  67.864  67.956  68.6977  68.9354  69.299  69.5934  70.0107  70.2789  70.3799  70.4974  
67.1429  67.842  67.9342  68.6812  68.9205  69.2915  69.5835  70.0049  70.2783  70.3803  70.4937  
67.1256  67.8281  67.923  68.6718  68.9194  69.2955  69.5768  70.012  70.2788  70.3809  70.4869  
67.0906  67.7968  67.8908  68.6478  68.8943  69.2818  69.5629  69.9985  70.2788  70.3818  70.4846  
67.1442  67.8477  67.9417  68.6891  68.9322  69.2958  69.5908  70.0164  70.2769  70.3785  70.4982  
67.1509  67.8488  67.9413  68.6866  68.9265  69.2972  69.587  70.009  70.28  70.3818  70.4946  
67.1388  67.8422  67.9352  68.6848  68.9256  69.2927  69.5889  70.0115  70.277  70.3786  70.4992  
67.0977  67.8047  67.8996  68.6548  68.9031  69.2852  69.5675  70.0049  70.278  70.3808  70.4858  
67.1733  67.8735  67.9672  68.7088  68.9497  69.3034  69.603  70.0232  70.277  70.3774  70.5033  
67.1742  67.8714  67.964  68.7057  68.9447  69.3053  69.6003  70.0193  70.2799  70.3809  70.5012  
67.1598  67.8622  67.9572  68.7001  68.9451  69.3005  69.5962  70.023  70.2737  70.3738  70.4973  
67.1954  67.8875  67.9792  68.7156  68.9511  69.3078  69.6048  70.0171  70.2806  70.3805  70.5024  
67.2036  67.898  67.9896  68.7257  68.9594  69.3063  69.6129  70.0197  70.2737  70.3723  70.5079  
67.1728  67.8733  67.9678  68.7074  68.9504  69.2994  69.5988  70.0209  70.2666  70.365  70.4955  
67.1142  67.8204  67.9165  68.6677  68.9183  69.2937  69.5755  70.0145  70.2773  70.3782  70.4879  
67.1321  67.8389  67.9341  68.6836  68.9306  69.2947  69.5871  70.019  70.2727  70.3741  70.4941  
67.138  67.8388  67.9313  68.68  68.9199  69.291  69.5839  70.0062  70.2787  70.3806  70.4954  
67.1357  67.8363  67.9297  68.6774  68.9204  69.2933  69.5803  70.0077  70.2762  70.378  70.4894  
67.1962  67.8942  67.9862  68.7249  68.9598  69.3046  69.6141  70.0229  70.2726  70.3717  70.5098  
67.1569  67.8565  67.95  68.6939  68.9366  69.3002  69.591  70.0161  70.2743  70.3746  70.4935  
67.1237  67.8295  67.9229  68.6761  68.9202  69.2937  69.5838  70.0133  70.2783  70.38  70.4961  
