-8.07575  2.70627  0
-7.87142  2.72331  0
-8.08381  2.7026  0
-7.99794  2.71714  0
-7.91196  2.72109  0
-7.86701  2.72369  0
-8.0169  2.71462  0
-7.93223  2.72808  0
-8.03085  2.70679  0
-7.93934  2.70954  0
-8.03378  2.72057  0
-8.05292  2.70908  0
-7.97202  2.72519  0
-7.93975  2.72238  0
-8.06057  2.70545  0
-8.00617  2.70768  0
-7.9326  2.72224  0
-8.0038  2.71223  0
-7.99409  2.71896  0
-7.95914  2.72405  0
-7.97607  2.714  0
-8.00754  2.71712  0
-7.97504  2.72125  0
-7.86756  2.72405  0
-7.94961  2.72695  0
-7.96962  2.71595  0
-8.03647  2.71634  0
-8.00118  2.70929  0
-8.13172  2.69827  0
-8.03035  2.70643  0
-7.99189  2.71843  0
-8.01135  2.71618  0
-8.03444  2.71723  0
-7.90111  2.73062  0
-8.09115  2.7104  0
-7.87641  2.7327  0
-7.99046  2.71855  0
-7.88335  2.73439  0
-8.06772  2.70972  0
-7.98687  2.7155  0
-8.07051  2.71615  0
-8.10418  2.70565  0
-7.99701  2.71597  0
-8.03853  2.71934  0
-8.05511  2.70211  0
-8.05343  2.71521  0
-8.04706  2.70618  0
-7.98167  2.72014  0
-7.94867  2.71904  0
-7.84153  2.73227  0
