-8.07519  2.71197  0
-7.90804  2.7323  0
-8.11325  2.72357  0
-8.11905  2.72158  0
-7.98865  2.71854  0
-8.03135  2.71169  0
-7.95702  2.73354  0
-8.02488  2.72079  0
-8.00029  2.71558  0
-8.01468  2.71996  0
-7.97108  2.72093  0
-8.0536  2.72025  0
-7.97068  2.7292  0
-8.01035  2.71217  0
-8.06069  2.71799  0
-7.99713  2.7282  0
-7.91782  2.72618  0
-8.02397  2.72165  0
-8.00431  2.71898  0
-7.99666  2.72568  0
-7.97502  2.72093  0
-8.04711  2.71578  0
-8.09784  2.71485  0
-7.99483  2.71828  0
-7.89092  2.7236  0
-7.97885  2.7065  0
-8.03236  2.70992  0
-8.00456  2.72888  0
-7.97285  2.72198  0
-8.04306  2.71573  0
-7.99353  2.72756  0
-7.9711  2.72316  0
-8.07176  2.72095  0
-8.06388  2.7132  0
-8.10543  2.70184  0
-8.11231  2.72036  0
-8.05024  2.71415  0
-8.07662  2.71919  0
-8.00483  2.72306  0
-8.0361  2.71905  0
-8.07286  2.71099  0
-7.9832  2.70801  0
-7.96172  2.7267  0
-7.95399  2.71573  0
-7.99515  2.72537  0
-7.97987  2.72713  0
-8.00391  2.71185  0
-7.90892  2.71818  0
-7.91402  2.74572  0
-8.075  2.71871  0
