-8.07516  2.7119  0
-7.90802  2.73222  0
-8.11323  2.72349  0
-8.11903  2.72151  0
-7.98863  2.71846  0
-8.03132  2.71162  0
-7.9568  2.73354  0
-8.02486  2.72072  0
-8.00027  2.7155  0
-8.01466  2.71989  0
-7.97105  2.72086  0
-8.05357  2.72018  0
-7.97066  2.72912  0
-8.01032  2.7121  0
-8.06066  2.71792  0
-7.99711  2.72812  0
-7.91779  2.72611  0
-8.02394  2.72157  0
-8.00428  2.71891  0
-7.99664  2.72561  0
-7.97499  2.72086  0
-8.04708  2.7157  0
-8.09781  2.71478  0
-7.9948  2.7182  0
-7.89089  2.72352  0
-7.97883  2.70643  0
-8.03233  2.70985  0
-8.00453  2.72881  0
-7.97282  2.72191  0
-8.04303  2.71565  0
-7.99351  2.72748  0
-7.97107  2.72308  0
-8.07174  2.72088  0
-8.06386  2.71313  0
-8.10541  2.70177  0
-8.11229  2.72029  0
-8.05021  2.71408  0
-8.07659  2.71912  0
-8.0048  2.72299  0
-8.03607  2.71898  0
-8.07284  2.71092  0
-7.98318  2.70794  0
-7.96169  2.72663  0
-7.95396  2.71566  0
-7.99512  2.7253  0
-7.97984  2.72705  0
-8.00389  2.71178  0
-7.90889  2.7181  0
-7.91399  2.74564  0
-8.07498  2.71863  0
