8.00000e-06
9.98656e-03
1.99651e-02
2.99437e-02
3.99223e-02
4.99008e-02
5.98794e-02
6.98580e-02
7.98365e-02
8.98151e-02
9.97936e-02
1.09772e-01
1.19751e-01
1.29729e-01
1.39708e-01
1.49686e-01
1.59665e-01
1.69644e-01
1.79622e-01
1.89601e-01
1.99579e-01
2.09558e-01
2.19536e-01
2.29515e-01
2.39494e-01
2.49472e-01
2.59451e-01
2.69429e-01
2.79408e-01
2.89386e-01
2.99365e-01
3.09344e-01
3.19322e-01
3.29301e-01
3.39279e-01
3.49258e-01
3.59236e-01
3.69215e-01
3.79193e-01
3.89172e-01
3.99151e-01
4.09129e-01
4.19108e-01
4.29086e-01
4.39065e-01
4.49043e-01
4.59022e-01
4.69001e-01
4.78979e-01
4.88958e-01
4.98936e-01
5.08915e-01
5.18893e-01
5.28872e-01
5.38850e-01
5.48829e-01
5.58808e-01
5.68786e-01
5.78765e-01
5.88743e-01
5.98722e-01
6.08700e-01
6.18679e-01
6.28658e-01
6.38636e-01
6.48615e-01
6.58593e-01
6.68572e-01
6.78550e-01
6.88529e-01
6.98508e-01
7.08486e-01
7.18465e-01
7.28443e-01
7.38422e-01
7.48400e-01
7.58379e-01
7.68357e-01
7.78336e-01
7.88315e-01
7.98293e-01
8.08272e-01
8.18250e-01
8.28229e-01
8.38207e-01
8.48186e-01
8.58165e-01
8.68143e-01
8.78122e-01
8.88100e-01
8.98079e-01
9.08057e-01
9.18036e-01
9.28015e-01
9.37993e-01
9.47972e-01
9.57950e-01
9.67929e-01
9.77907e-01
9.87886e-01
9.97864e-01
1.00784e+00
1.01782e+00
1.02780e+00
1.03778e+00
1.04776e+00
1.05774e+00
1.06771e+00
1.07769e+00
1.08767e+00
1.09765e+00
1.10763e+00
1.11761e+00
1.12759e+00
1.13756e+00
1.14754e+00
1.15752e+00
1.16750e+00
1.17748e+00
1.18746e+00
1.19744e+00
1.20741e+00
1.21739e+00
1.22737e+00
1.23735e+00
1.24733e+00
1.25731e+00
1.26729e+00
1.27726e+00
1.28724e+00
1.29722e+00
1.30720e+00
1.31718e+00
1.32716e+00
1.33714e+00
1.34711e+00
1.35709e+00
1.36707e+00
1.37705e+00
1.38703e+00
1.39701e+00
1.40699e+00
1.41696e+00
1.42694e+00
1.43692e+00
1.44690e+00
1.45688e+00
1.46686e+00
1.47684e+00
1.48681e+00
1.49679e+00
1.50677e+00
1.51675e+00
1.52673e+00
1.53671e+00
1.54669e+00
1.55666e+00
1.56664e+00
1.57662e+00
1.58660e+00
1.59658e+00
1.60656e+00
1.61654e+00
1.62651e+00
1.63649e+00
1.64647e+00
1.65645e+00
1.66643e+00
1.67641e+00
1.68639e+00
1.69636e+00
1.70634e+00
1.71632e+00
1.72630e+00
1.73628e+00
1.74626e+00
1.75624e+00
1.76621e+00
1.77619e+00
1.78617e+00
1.79615e+00
1.80613e+00
1.81611e+00
1.82609e+00
1.83606e+00
1.84604e+00
1.85602e+00
1.86600e+00
1.87598e+00
1.88596e+00
1.89594e+00
1.90591e+00
1.91589e+00
1.92587e+00
1.93585e+00
1.94583e+00
1.95581e+00
1.96579e+00
1.97576e+00
1.98574e+00
1.99572e+00
2.00570e+00
2.01568e+00
2.02566e+00
2.03564e+00
2.04561e+00
2.05559e+00
2.06557e+00
2.07555e+00
2.08553e+00
2.09551e+00
2.10549e+00
2.11546e+00
2.12544e+00
2.13542e+00
2.14540e+00
2.15538e+00
2.16536e+00
2.17534e+00
2.18531e+00
2.19529e+00
2.20527e+00
2.21525e+00
2.22523e+00
2.23521e+00
2.24519e+00
2.25516e+00
2.26514e+00
2.27512e+00
2.28510e+00
2.29508e+00
2.30506e+00
2.31504e+00
2.32501e+00
2.33499e+00
2.34497e+00
2.35495e+00
2.36493e+00
2.37491e+00
2.38488e+00
2.39486e+00
2.40484e+00
2.41482e+00
2.42480e+00
2.43478e+00
2.44476e+00
2.45473e+00
2.46471e+00
2.47469e+00
2.48467e+00
2.49465e+00
2.50463e+00
2.51461e+00
2.52458e+00
2.53456e+00
2.54454e+00
2.55452e+00
2.56450e+00
2.57448e+00
2.58446e+00
2.59443e+00
2.60441e+00
2.61439e+00
2.62437e+00
2.63435e+00
2.64433e+00
2.65431e+00
2.66428e+00
2.67426e+00
2.68424e+00
2.69422e+00
2.70420e+00
2.71418e+00
2.72416e+00
2.73413e+00
2.74411e+00
2.75409e+00
2.76407e+00
2.77405e+00
2.78403e+00
2.79401e+00
2.80398e+00
2.81396e+00
2.82394e+00
2.83392e+00
2.84390e+00
2.85388e+00
2.86386e+00
2.87383e+00
2.88381e+00
2.89379e+00
2.90377e+00
2.91375e+00
2.92373e+00
2.93371e+00
2.94368e+00
2.95366e+00
2.96364e+00
2.97362e+00
2.98360e+00
2.99358e+00
3.00356e+00
3.01353e+00
3.02351e+00
3.03349e+00
3.04347e+00
3.05345e+00
3.06343e+00
3.07341e+00
3.08338e+00
3.09336e+00
3.10334e+00
3.11332e+00
3.12330e+00
3.13328e+00
3.14326e+00
3.15323e+00
3.16321e+00
3.17319e+00
3.18317e+00
3.19315e+00
3.20313e+00
3.21311e+00
3.22308e+00
3.23306e+00
3.24304e+00
3.25302e+00
3.26300e+00
3.27298e+00
3.28296e+00
3.29293e+00
3.30291e+00
3.31289e+00
3.32287e+00
3.33285e+00
3.34283e+00
3.35281e+00
3.36278e+00
3.37276e+00
3.38274e+00
3.39272e+00
3.40270e+00
3.41268e+00
3.42266e+00
3.43263e+00
3.44261e+00
3.45259e+00
3.46257e+00
3.47255e+00
3.48253e+00
3.49251e+00
3.50248e+00
3.51246e+00
3.52244e+00
3.53242e+00
3.54240e+00
3.55238e+00
3.56236e+00
3.57233e+00
3.58231e+00
3.59229e+00
3.60227e+00
3.61225e+00
3.62223e+00
3.63221e+00
3.64218e+00
3.65216e+00
3.66214e+00
3.67212e+00
3.68210e+00
3.69208e+00
3.70206e+00
3.71203e+00
3.72201e+00
3.73199e+00
3.74197e+00
3.75195e+00
3.76193e+00
3.77191e+00
3.78188e+00
3.79186e+00
3.80184e+00
3.81182e+00
3.82180e+00
3.83178e+00
3.84176e+00
3.85173e+00
3.86171e+00
3.87169e+00
3.88167e+00
3.89165e+00
3.90163e+00
3.91161e+00
3.92158e+00
3.93156e+00
3.94154e+00
3.95152e+00
3.96150e+00
3.97148e+00
3.98146e+00
3.99143e+00
4.00141e+00
4.01139e+00
4.02137e+00
4.03135e+00
4.04133e+00
4.05131e+00
4.06128e+00
4.07126e+00
4.08124e+00
4.09122e+00
4.10120e+00
4.11118e+00
4.12116e+00
4.13113e+00
4.14111e+00
4.15109e+00
4.16107e+00
4.17105e+00
4.18103e+00
4.19101e+00
4.20098e+00
4.21096e+00
4.22094e+00
4.23092e+00
4.24090e+00
4.25088e+00
4.26086e+00
4.27083e+00
4.28081e+00
4.29079e+00
4.30077e+00
4.31075e+00
4.32073e+00
4.33071e+00
4.34068e+00
4.35066e+00
4.36064e+00
4.37062e+00
4.38060e+00
4.39058e+00
4.40056e+00
4.41053e+00
4.42051e+00
4.43049e+00
4.44047e+00
4.45045e+00
4.46043e+00
4.47040e+00
4.48038e+00
4.49036e+00
4.50034e+00
4.51032e+00
4.52030e+00
4.53028e+00
4.54025e+00
4.55023e+00
4.56021e+00
4.57019e+00
4.58017e+00
4.59015e+00
4.60013e+00
4.61010e+00
4.62008e+00
4.63006e+00
4.64004e+00
4.65002e+00
4.66000e+00
4.66998e+00
4.67995e+00
4.68993e+00
4.69991e+00
4.70989e+00
4.71987e+00
4.72985e+00
4.73983e+00
4.74980e+00
4.75978e+00
4.76976e+00
4.77974e+00
4.78972e+00
4.79970e+00
4.80968e+00
4.81965e+00
4.82963e+00
4.83961e+00
4.84959e+00
4.85957e+00
4.86955e+00
4.87953e+00
4.88950e+00
4.89948e+00
4.90946e+00
4.91944e+00
4.92942e+00
4.93940e+00
4.94938e+00
4.95935e+00
4.96933e+00
4.97931e+00
4.98929e+00
4.99927e+00
5.00925e+00
5.01923e+00
5.02920e+00
5.03918e+00
5.04916e+00
5.05914e+00
5.06912e+00
5.07910e+00
5.08908e+00
5.09905e+00
5.10903e+00
5.11901e+00
5.12899e+00
5.13897e+00
5.14895e+00
5.15893e+00
5.16890e+00
5.17888e+00
5.18886e+00
5.19884e+00
5.20882e+00
5.21880e+00
5.22878e+00
5.23875e+00
5.24873e+00
5.25871e+00
5.26869e+00
5.27867e+00
5.28865e+00
5.29863e+00
5.30860e+00
5.31858e+00
5.32856e+00
5.33854e+00
5.34852e+00
5.35850e+00
5.36848e+00
5.37845e+00
5.38843e+00
5.39841e+00
5.40839e+00
5.41837e+00
5.42835e+00
5.43833e+00
5.44830e+00
5.45828e+00
5.46826e+00
5.47824e+00
5.48822e+00
5.49820e+00
5.50818e+00
5.51815e+00
5.52813e+00
5.53811e+00
5.54809e+00
5.55807e+00
5.56805e+00
5.57803e+00
5.58800e+00
5.59798e+00
5.60796e+00
5.61794e+00
5.62792e+00
5.63790e+00
5.64788e+00
5.65785e+00
5.66783e+00
5.67781e+00
5.68779e+00
5.69777e+00
5.70775e+00
5.71773e+00
5.72770e+00
5.73768e+00
5.74766e+00
5.75764e+00
5.76762e+00
5.77760e+00
5.78758e+00
5.79755e+00
5.80753e+00
5.81751e+00
5.82749e+00
5.83747e+00
5.84745e+00
5.85743e+00
5.86740e+00
5.87738e+00
5.88736e+00
5.89734e+00
5.90732e+00
5.91730e+00
5.92728e+00
5.93725e+00
5.94723e+00
5.95721e+00
5.96719e+00
5.97717e+00
5.98715e+00
5.99713e+00
6.00710e+00
6.01708e+00
6.02706e+00
6.03704e+00
6.04702e+00
6.05700e+00
6.06698e+00
6.07695e+00
6.08693e+00
6.09691e+00
6.10689e+00
6.11687e+00
6.12685e+00
6.13683e+00
6.14680e+00
6.15678e+00
6.16676e+00
6.17674e+00
6.18672e+00
6.19670e+00
6.20668e+00
6.21665e+00
6.22663e+00
6.23661e+00
6.24659e+00
6.25657e+00
6.26655e+00
6.27653e+00
6.28650e+00
6.29648e+00
6.30646e+00
6.31644e+00
6.32642e+00
6.33640e+00
6.34638e+00
6.35635e+00
6.36633e+00
6.37631e+00
6.38629e+00
6.39627e+00
6.40625e+00
6.41623e+00
6.42620e+00
6.43618e+00
6.44616e+00
6.45614e+00
6.46612e+00
6.47610e+00
6.48608e+00
6.49605e+00
6.50603e+00
6.51601e+00
6.52599e+00
6.53597e+00
6.54595e+00
6.55593e+00
6.56590e+00
6.57588e+00
6.58586e+00
6.59584e+00
6.60582e+00
6.61580e+00
6.62577e+00
6.63575e+00
6.64573e+00
6.65571e+00
6.66569e+00
6.67567e+00
6.68565e+00
6.69562e+00
6.70560e+00
6.71558e+00
6.72556e+00
6.73554e+00
6.74552e+00
6.75550e+00
6.76547e+00
6.77545e+00
6.78543e+00
6.79541e+00
6.80539e+00
6.81537e+00
6.82535e+00
6.83532e+00
6.84530e+00
6.85528e+00
6.86526e+00
6.87524e+00
6.88522e+00
6.89520e+00
6.90517e+00
6.91515e+00
6.92513e+00
6.93511e+00
6.94509e+00
6.95507e+00
6.96505e+00
6.97502e+00
6.98500e+00
6.99498e+00
7.00496e+00
7.01494e+00
7.02492e+00
7.03490e+00
7.04487e+00
7.05485e+00
7.06483e+00
7.07481e+00
7.08479e+00
7.09477e+00
7.10475e+00
7.11472e+00
7.12470e+00
7.13468e+00
7.14466e+00
7.15464e+00
7.16462e+00
7.17460e+00
7.18457e+00
7.19455e+00
7.20453e+00
7.21451e+00
7.22449e+00
7.23447e+00
7.24445e+00
7.25442e+00
7.26440e+00
7.27438e+00
7.28436e+00
7.29434e+00
7.30432e+00
7.31430e+00
7.32427e+00
7.33425e+00
7.34423e+00
7.35421e+00
7.36419e+00
7.37417e+00
7.38415e+00
7.39412e+00
7.40410e+00
7.41408e+00
7.42406e+00
7.43404e+00
7.44402e+00
7.45400e+00
7.46397e+00
7.47395e+00
7.48393e+00
7.49391e+00
7.50389e+00
7.51387e+00
7.52385e+00
7.53382e+00
7.54380e+00
7.55378e+00
7.56376e+00
7.57374e+00
7.58372e+00
7.59370e+00
7.60367e+00
7.61365e+00
7.62363e+00
7.63361e+00
7.64359e+00
7.65357e+00
7.66355e+00
7.67352e+00
7.68350e+00
7.69348e+00
7.70346e+00
7.71344e+00
7.72342e+00
7.73340e+00
7.74337e+00
7.75335e+00
7.76333e+00
7.77331e+00
7.78329e+00
7.79327e+00
7.80325e+00
7.81322e+00
7.82320e+00
7.83318e+00
7.84316e+00
7.85314e+00
7.86312e+00
7.87310e+00
7.88307e+00
7.89305e+00
7.90303e+00
7.91301e+00
7.92299e+00
7.93297e+00
7.94295e+00
7.95292e+00
7.96290e+00
7.97288e+00
7.98286e+00
