66.5243  67.1153  67.195  67.8426  68.0481  68.4211  68.6436  69.0144  69.3556  69.4567  69.4748  
66.5623  67.1511  67.2283  67.8697  68.0659  68.413  68.6587  69.0101  69.33  69.4278  69.4774  
66.5341  67.1219  67.1996  67.844  68.0429  68.4072  68.6399  68.9982  69.3373  69.4373  69.4671  
66.5638  67.1565  67.2373  67.8812  68.0871  68.4436  68.6762  69.0447  69.3666  69.4669  69.4993  
66.5077  67.1056  67.1861  67.8368  68.044  68.4053  68.6383  69.0099  69.3318  69.4318  69.467  
66.5766  67.1704  67.2489  67.8951  68.0952  68.4466  68.69  69.0483  69.3675  69.4661  69.5134  
66.5766  67.1645  67.2429  67.885  68.0854  68.4443  68.6779  69.0378  69.3689  69.4683  69.5011  
66.5761  67.1718  67.2522  67.8997  68.1057  68.463  68.6977  69.0664  69.3863  69.4853  69.5234  
66.5385  67.1278  67.2059  67.8519  68.0524  68.4187  68.6496  69.011  69.3498  69.4501  69.478  
66.5153  67.1086  67.1884  67.8373  68.0425  68.4118  68.6392  69.0091  69.3469  69.4488  69.4706  
66.603  67.1906  67.2682  67.9113  68.1102  68.4707  68.7041  69.062  69.3925  69.491  69.5268  
66.5698  67.1577  67.2356  67.8799  68.0794  68.444  68.676  69.0354  69.375  69.475  69.5035  
66.5706  67.1589  67.2373  67.8784  68.0789  68.4329  68.6685  69.0282  69.351  69.4497  69.4877  
66.5578  67.1481  67.2266  67.871  68.0723  68.4308  68.6652  69.0267  69.3528  69.4513  69.4886  
66.5056  67.0985  67.1795  67.8281  68.0367  68.4111  68.6311  69.0073  69.3476  69.4498  69.4635  
66.5419  67.1347  67.215  67.8629  68.0689  68.4376  68.6642  69.0347  69.3716  69.4725  69.4953  
66.5081  67.1034  67.1844  67.8338  68.0428  68.4113  68.6357  69.0119  69.3419  69.4429  69.4655  
66.5276  67.1212  67.2013  67.8497  68.0555  68.4225  68.6506  69.0206  69.3539  69.4541  69.4807  
66.5692  67.16  67.2388  67.8836  68.0853  68.4441  68.6784  69.0406  69.3666  69.4657  69.5022  
66.5801  67.1724  67.2521  67.8949  68.0975  68.4469  68.6869  69.0486  69.3647  69.4629  69.5073  
66.5068  67.1014  67.1823  67.8321  68.041  68.4139  68.6356  69.0123  69.3492  69.4511  69.4678  
66.5266  67.1177  67.198  67.8407  68.0461  68.4031  68.6344  69.0023  69.3262  69.426  69.4569  
66.5989  67.1871  67.2654  67.9048  68.1036  68.4505  68.6924  69.0476  69.3651  69.4632  69.5092  
66.5763  67.1697  67.2495  67.8956  68.0998  68.4577  68.6921  69.0584  69.3815  69.4819  69.5164  
66.5667  67.1606  67.2416  67.8847  68.0907  68.4405  68.6777  69.045  69.3589  69.4574  69.4986  
66.5394  67.1331  67.2131  67.8596  68.064  68.4228  68.6571  69.0236  69.3493  69.4491  69.4835  
66.585  67.1781  67.2572  67.9028  68.1044  68.4589  68.6985  69.0588  69.3814  69.4793  69.5234  
66.56  67.15  67.2285  67.8754  68.0767  68.445  68.6745  69.0378  69.3776  69.4787  69.5039  
66.5316  67.1213  67.1998  67.8487  68.0508  68.4276  68.6515  69.0172  69.3675  69.4689  69.4861  
66.5164  67.1115  67.1916  67.8452  68.0529  68.4337  68.6537  69.029  69.376  69.4775  69.4923  
66.5648  67.1552  67.2342  67.8778  68.0796  68.4367  68.6717  69.0338  69.3598  69.4591  69.4948  
66.6405  67.227  67.3041  67.9422  68.137  68.4804  68.7281  69.0755  69.3946  69.4915  69.5446  
66.5598  67.1461  67.2252  67.863  68.0642  68.4159  68.6504  69.0106  69.3334  69.4323  69.4677  
66.5563  67.1525  67.2343  67.8812  68.0913  68.4509  68.6793  69.0556  69.3738  69.4749  69.5036  
66.5622  67.1521  67.2308  67.8749  68.076  68.4355  68.6699  69.0307  69.3611  69.4598  69.4953  
66.6314  67.2208  67.2979  67.9392  68.1347  68.4783  68.7271  69.0766  69.3912  69.4884  69.5439  
66.5822  67.172  67.2499  67.8923  68.0904  68.4402  68.6834  69.0376  69.3588  69.4564  69.5042  
66.5512  67.1472  67.2275  67.8721  68.0766  68.4215  68.6649  69.0288  69.3362  69.4332  69.485  
66.5584  67.148  67.2276  67.8729  68.0771  68.4458  68.6712  69.039  69.378  69.4787  69.5001  
66.5307  67.1257  67.2058  67.856  68.0622  68.4302  68.6586  69.0294  69.3623  69.4625  69.4902  
66.5673  67.1545  67.2329  67.8743  68.0749  68.4336  68.666  69.0261  69.3557  69.4541  69.4879  
66.524  67.1168  67.1968  67.8474  68.0545  68.4332  68.6523  69.0264  69.371  69.472  69.4872  
66.5365  67.1288  67.2079  67.8561  68.0599  68.4277  68.6561  69.0231  69.3575  69.4569  69.4857  
66.5541  67.148  67.228  67.875  68.08  68.44  68.6727  69.04  69.3637  69.4622  69.4989  
66.5302  67.1241  67.205  67.8561  68.0651  68.4448  68.6622  69.0398  69.384  69.4866  69.4975  
66.532  67.121  67.2006  67.8426  68.0467  68.4067  68.6356  69.002  69.3294  69.4291  69.4577  
66.4966  67.0959  67.177  67.8358  68.0473  68.4363  68.6506  69.0338  69.3831  69.4856  69.4942  
66.525  67.1177  67.1976  67.8436  68.0487  68.4097  68.6402  69.0085  69.3332  69.4327  69.465  
66.4997  67.0947  67.1754  67.8238  68.0312  68.3957  68.624  68.997  69.3248  69.4258  69.4523  
66.6159  67.2123  67.2932  67.9389  68.1446  68.4937  68.734  69.1008  69.4122  69.5115  69.5558  
