66.0596  66.7128  66.7752  67.5069  67.6821  68.0529  68.3796  68.7129  69.0713  69.1738  69.2816  69.7862  69.9705  70.1164  70.1367  70.1707  
66.1736  66.8238  66.8852  67.6071  67.7759  68.1185  68.4639  68.7815  69.1093  69.2082  69.3471  69.8247  69.9882  70.1295  70.1494  70.2165  
66.1056  66.7553  66.8164  67.5431  67.7129  68.0732  68.409  68.731  69.0838  69.1849  69.3047  69.7928  69.9793  70.1239  70.1443  70.1887  
66.0547  66.7113  66.7746  67.5055  67.6809  68.0396  68.3759  68.7068  69.0511  69.153  69.2745  69.773  69.9505  70.0967  70.1207  70.1607  
66.0683  66.7298  66.7928  67.5303  67.7069  68.0706  68.4068  68.7408  69.0838  69.1852  69.3095  69.8123  69.9777  70.1229  70.1425  70.1967  
66.1093  66.7646  66.827  67.5543  67.7267  68.0745  68.4177  68.742  69.0713  69.1712  69.3068  69.7937  69.9546  70.0975  70.1184  70.1813  
66.1085  66.7577  66.8198  67.543  67.715  68.0693  68.4042  68.7292  69.0709  69.1717  69.2934  69.7836  69.9595  70.1032  70.1251  70.1703  
66.076  66.7328  66.7969  67.5254  67.7034  68.057  68.3912  68.726  69.0552  69.156  69.2816  69.7827  69.9381  70.0815  70.1035  70.1567  
66.0956  66.7466  66.8081  67.536  67.7074  68.0693  68.4031  68.7285  69.0803  69.1818  69.2994  69.7921  69.9744  70.1191  70.1388  70.183  
66.0611  66.7172  66.7797  67.5136  67.6883  68.0562  68.3886  68.7204  69.0778  69.1811  69.2927  69.7957  69.9797  70.127  70.1457  70.1836  
66.1073  66.7547  66.8165  67.5381  67.7097  68.0636  68.3964  68.7209  69.0586  69.1586  69.2816  69.7707  69.9395  70.082  70.1035  70.1535  
66.1006  66.7486  66.8106  67.5333  67.7052  68.0615  68.3944  68.7199  69.0652  69.1667  69.284  69.7757  69.954  70.0981  70.1188  70.1612  
66.1301  66.7802  66.8422  67.5658  67.7376  68.0895  68.426  68.7504  69.0864  69.1865  69.3132  69.8018  69.9699  70.113  70.134  70.1868  
66.1286  66.7802  66.8423  67.568  67.741  68.0958  68.4307  68.7574  69.0936  69.1935  69.3196  69.8112  69.9755  70.1177  70.1378  70.194  
66.0335  66.6899  66.7529  67.4886  67.6655  68.0409  68.3668  68.7036  69.0678  69.1715  69.275  69.7856  69.9748  70.1228  70.1433  70.1706  
66.0528  66.708  66.771  67.5027  67.6788  68.0448  68.3749  68.7087  69.061  69.1635  69.2757  69.7798  69.96  70.1059  70.1273  70.1638  
66.0661  66.7244  66.7877  67.5228  67.7011  68.07  68.3981  68.7365  69.0857  69.1883  69.3001  69.8104  69.9796  70.1256  70.1441  70.1867  
66.0698  66.7257  66.7886  67.5208  67.6969  68.0619  68.3927  68.7263  69.0744  69.1762  69.2923  69.7952  69.9688  70.1137  70.1342  70.1779  
66.0934  66.7461  66.8083  67.5357  67.7086  68.0651  68.4008  68.7275  69.0676  69.1681  69.2931  69.7853  69.9556  70.0993  70.1208  70.1717  
66.1077  66.7623  66.8255  67.5512  67.7254  68.0734  68.4135  68.7406  69.0688  69.1685  69.3016  69.7917  69.9535  70.0961  70.1196  70.1761  
66.0475  66.7049  66.7681  67.5036  67.6816  68.0541  68.3805  68.7189  69.0759  69.1794  69.2857  69.7975  69.976  70.1231  70.142  70.1766  
66.0987  66.7537  66.8166  67.5464  67.721  68.0803  68.4154  68.7453  69.09  69.1913  69.3124  69.8097  69.9857  70.1307  70.153  70.1966  
66.1217  66.7725  66.8345  67.5572  67.7274  68.0733  68.4161  68.7362  69.0683  69.1677  69.3024  69.7838  69.9548  70.0977  70.1216  70.1766  
66.0674  66.7236  66.7864  67.5168  67.6914  68.0488  68.3857  68.7156  69.057  69.1589  69.2816  69.779  69.9499  70.0957  70.1168  70.1638  
66.0993  66.7561  66.8202  67.5478  67.7248  68.0747  68.4126  68.7446  69.0722  69.1724  69.3027  69.7992  69.9582  70.1012  70.1251  70.1786  
66.0836  66.7401  66.8031  67.5338  67.7088  68.0664  68.403  68.7334  69.0743  69.1756  69.2995  69.7967  69.9672  70.1117  70.1332  70.1823  
66.0922  66.746  66.8091  67.5345  67.7088  68.0581  68.3965  68.7239  69.0528  69.1523  69.2843  69.7745  69.9362  70.078  70.1021  70.1585  
66.0671  66.7186  66.7804  67.5089  67.6812  68.0446  68.3771  68.7044  69.0581  69.1605  69.2745  69.7705  69.9542  70.1003  70.12  70.1593  
66.0582  66.7087  66.7706  67.4999  67.6732  68.0429  68.3702  68.7001  69.061  69.1638  69.2705  69.771  69.9595  70.1054  70.1247  70.1586  
66.0368  66.6927  66.7559  67.4902  67.6687  68.043  68.3659  68.7056  69.0623  69.1655  69.2693  69.7825  69.9578  70.1035  70.1219  70.158  
66.1009  66.7533  66.8157  67.542  67.715  68.0695  68.4059  68.7326  69.0719  69.1726  69.2973  69.7893  69.9606  70.1045  70.1262  70.1754  
66.1357  66.7828  66.8447  67.561  67.7295  68.0664  68.4121  68.7276  69.0512  69.1494  69.2904  69.7633  69.9318  70.0725  70.0985  70.1576  
66.1309  66.7807  66.8427  67.5662  67.7375  68.0901  68.4275  68.7507  69.0918  69.192  69.3176  69.8048  69.9835  70.1272  70.1507  70.196  
66.0382  66.6981  66.7623  67.4966  67.6757  68.0387  68.3706  68.709  69.0516  69.1543  69.271  69.7801  69.9475  70.0947  70.1164  70.1567  
66.0984  66.7497  66.812  67.5373  67.7101  68.0653  68.4005  68.7266  69.0667  69.1669  69.2914  69.7823  69.9552  70.0982  70.121  70.1696  
66.1497  66.7986  66.8607  67.5782  67.7482  68.0841  68.4291  68.7476  69.0642  69.1627  69.3047  69.7815  69.9352  70.0759  70.0978  70.166  
66.1357  66.7865  66.8486  67.5708  67.7417  68.0865  68.4286  68.7497  69.0775  69.1764  69.3128  69.7944  69.9582  70.0994  70.122  70.1836  
66.1442  66.8022  66.8662  67.5932  67.7698  68.1133  68.455  68.7854  69.1008  69.1994  69.34  69.8316  69.9755  70.1159  70.1379  70.2085  
66.0699  66.7208  66.7836  67.5104  67.6856  68.0493  68.3772  68.7093  69.0597  69.1619  69.2724  69.774  69.9537  70.0989  70.1203  70.1553  
66.0668  66.7234  66.7865  67.5189  67.6959  68.0603  68.3904  68.7258  69.0702  69.172  69.2886  69.7934  69.9606  70.1051  70.1249  70.1718  
66.1249  66.7733  66.8354  67.5579  67.7302  68.0847  68.4177  68.7432  69.0824  69.1823  69.3051  69.7952  69.967  70.1093  70.1315  70.1797  
66.0385  66.6928  66.7555  67.4889  67.6661  68.041  68.3635  68.7009  69.0599  69.1626  69.2668  69.777  69.9574  70.103  70.123  70.1564  
66.0971  66.7502  66.8127  67.5417  67.717  68.0796  68.409  68.7412  69.0845  69.1854  69.303  69.8033  69.9701  70.1132  70.1327  70.1821  
66.0818  66.7375  66.8007  67.5303  67.7066  68.0645  68.3977  68.73  69.0657  69.1658  69.2909  69.7894  69.9517  70.0945  70.1171  70.1695  
65.9945  66.6516  66.7146  67.4522  67.6297  68.0097  68.3333  68.6716  69.041  69.1452  69.2448  69.7584  69.9517  70.1005  70.1216  70.1441  
66.1004  66.753  66.8152  67.5439  67.7172  68.0792  68.412  68.7402  69.0893  69.1904  69.3088  69.8047  69.985  70.1299  70.1519  70.1933  
65.982  66.6425  66.7061  67.4479  67.629  68.0141  68.3326  68.6787  69.0439  69.1483  69.2451  69.7688  69.9456  70.0931  70.1106  70.142  
66.0936  66.7496  66.812  67.5441  67.7189  68.0814  68.4148  68.7457  69.0902  69.191  69.3127  69.8114  69.9817  70.126  70.1466  70.1962  
66.0745  66.733  66.796  67.5312  67.7077  68.0739  68.4063  68.741  69.0902  69.1926  69.3089  69.8141  69.9869  70.1331  70.1522  70.1968  
66.0568  66.7155  66.7799  67.5086  67.6859  68.0337  68.3741  68.7067  69.0319  69.133  69.2645  69.7618  69.9189  70.0636  70.0875  70.1405  
