66.6382  67.7238  68.0138  68.8718  69.4168  69.5571  
66.7147  67.781  68.0568  68.9035  69.4146  69.5409  
66.6569  67.7324  68.0126  68.8725  69.4002  69.5455  
66.6821  67.7645  68.0525  68.9003  69.4346  69.555  
66.6467  67.7381  68.0294  68.8806  69.4191  69.5343  
66.7108  67.7905  68.0718  68.9224  69.4425  69.5599  
66.6976  67.7709  68.053  68.9039  69.4307  69.5648  
66.7025  67.7889  68.0796  68.9247  69.4588  69.5702  
66.6598  67.7388  68.0215  68.8809  69.4127  69.5545  
66.6403  67.7263  68.0142  68.8736  69.4155  69.5537  
66.7124  67.7888  68.0703  68.9226  69.4481  69.577  
66.686  67.7613  68.0429  68.9002  69.4296  69.5726  
66.7034  67.7751  68.0572  68.902  69.4259  69.5505  
66.6918  67.7688  68.0532  68.9013  69.4287  69.5535  
66.6202  67.7095  68.0026  68.8606  69.4121  69.5511  
66.657  67.7435  68.0334  68.8899  69.4322  69.5669  
66.6421  67.7313  68.0256  68.8755  69.4231  69.547  
66.6524  67.7391  68.0293  68.8834  69.4241  69.5539  
66.69  67.7702  68.0544  68.9056  69.434  69.5582  
66.7132  67.7899  68.0747  68.9173  69.4404  69.5549  
66.6312  67.7211  68.0151  68.8701  69.4208  69.5537  
66.6646  67.7413  68.0292  68.8737  69.4075  69.5333  
66.7255  67.7952  68.0737  68.9187  69.4341  69.5551  
66.6967  67.7803  68.0663  68.9172  69.4493  69.569  
66.7055  67.7843  68.0736  68.9117  69.4406  69.5508  
66.6718  67.7542  68.0416  68.8918  69.4246  69.5488  
66.7062  67.7879  68.0728  68.9222  69.4467  69.5653  
66.6693  67.7517  68.035  68.8967  69.4315  69.5722  
66.6368  67.722  68.0081  68.8746  69.4166  69.568  
66.6282  67.7234  68.0178  68.8809  69.4341  69.5738  
66.6914  67.7684  68.0523  68.9015  69.4294  69.5558  
66.7593  67.8244  68.098  68.9451  69.4507  69.5752  
66.6943  67.7611  68.043  68.8853  69.4087  69.5381  
66.6788  67.7681  68.062  68.9062  69.4497  69.56  
66.6831  67.761  68.0449  68.8971  69.4249  69.5558  
66.7628  67.8318  68.1071  68.9522  69.4601  69.5757  
66.7157  67.788  68.0672  68.9151  69.4308  69.554  
66.7112  67.7892  68.0775  68.9123  69.4345  69.5369  
66.6697  67.7508  68.0389  68.8935  69.4337  69.5723  
66.6556  67.7452  68.0366  68.891  69.4329  69.5595  
66.6925  67.765  68.0484  68.8959  69.4229  69.5544  
66.63  67.7223  68.0156  68.8763  69.4275  69.5663  
66.6633  67.7478  68.0367  68.8901  69.4281  69.5583  
66.6785  67.7645  68.0544  68.9023  69.4365  69.5534  
66.6233  67.7198  68.0136  68.8783  69.4337  69.5731  
66.6616  67.7376  68.0242  68.8712  69.4052  69.535  
66.598  67.7059  68.0057  68.8742  69.4391  69.5749  
66.659  67.742  68.0309  68.8791  69.4147  69.5366  
66.6389  67.7253  68.0167  68.8671  69.4095  69.5346  
66.7355  67.8209  68.1088  68.9519  69.4798  69.5833  
