66.3759  67.6035  67.867  68.8569  69.3798  69.4487  70.0306  
66.4917  67.7027  67.9543  68.9268  69.4168  69.4601  70.0692  
66.4141  67.6327  67.8868  68.8773  69.3826  69.4518  70.0444  
66.3969  67.6219  67.8849  68.8661  69.3802  69.4359  70.0307  
66.3998  67.6382  67.9039  68.89  69.4075  69.4519  70.0545  
66.4429  67.6629  67.9206  68.8952  69.3953  69.4372  70.0443  
66.4305  67.6435  67.9009  68.8772  69.383  69.4415  70.0331  
66.4154  67.6398  67.9071  68.8739  69.3887  69.4256  70.0238  
66.4082  67.6289  67.8857  68.8743  69.384  69.4504  70.0406  
66.3855  67.6148  67.876  68.8697  69.3893  69.4578  70.0434  
66.4267  67.6384  67.8961  68.8687  69.3741  69.4282  70.0194  
66.4161  67.6282  67.8851  68.8641  69.3722  69.4368  70.0231  
66.453  67.6673  67.9248  68.8977  69.4007  69.4496  70.0467  
66.4459  67.6654  67.9252  68.8995  69.4058  69.4518  70.0504  
66.3569  67.5902  67.8561  68.8512  69.3804  69.4532  70.0322  
66.3801  67.607  67.8713  68.8571  69.3781  69.4417  70.0277  
66.3935  67.6276  67.8956  68.8791  69.4051  69.4571  70.0448  
66.3928  67.6222  67.8868  68.8708  69.3901  69.4459  70.0373  
66.4191  67.64  67.8997  68.8783  69.3862  69.438  70.0351  
66.4439  67.6626  67.9238  68.8922  69.3956  69.4348  70.0404  
66.3734  67.6069  67.8741  68.8633  69.392  69.4551  70.0366  
66.426  67.6506  67.9126  68.8932  69.4054  69.4584  70.0547  
66.4549  67.6664  67.9211  68.8938  69.3892  69.4379  70.0427  
66.4092  67.6325  67.8939  68.874  69.3861  69.4394  70.0333  
66.4402  67.6628  67.9284  68.894  69.4032  69.4381  70.0425  
66.4138  67.6399  67.9023  68.8824  69.3943  69.4445  70.0431  
66.4219  67.6414  67.9033  68.8728  69.3778  69.419  70.0238  
66.3892  67.6093  67.8671  68.8561  69.3694  69.4401  70.0243  
66.3667  67.5899  67.8497  68.8428  69.3625  69.4394  70.0184  
66.3537  67.5868  67.8553  68.8435  69.375  69.4394  70.0178  
66.4277  67.6461  67.9054  68.8822  69.3892  69.4415  70.0379  
66.4681  67.6692  67.9206  68.8856  69.372  69.4193  70.0272  
66.4542  67.6677  67.9243  68.9004  69.4024  69.4576  70.0552  
66.3886  67.6198  67.8887  68.8664  69.3902  69.4381  70.0283  
66.4176  67.636  67.8955  68.8727  69.3797  69.4333  70.0306  
66.4825  67.6865  67.9397  68.9001  69.389  69.4254  70.0328  
66.4584  67.6715  67.9273  68.8975  69.393  69.436  70.0434  
66.4769  67.7011  67.9664  68.9256  69.4281  69.447  70.063  
66.3914  67.6108  67.8736  68.854  69.3728  69.4377  70.0193  
66.3906  67.6209  67.8872  68.8682  69.389  69.44  70.0316  
66.4395  67.6535  67.9123  68.8854  69.3913  69.4441  70.0382  
66.354  67.5856  67.8528  68.8421  69.3715  69.4386  70.0176  
66.411  67.6365  67.9003  68.879  69.3956  69.4466  70.0382  
66.4083  67.6357  67.9016  68.8753  69.3893  69.4309  70.0314  
66.3233  67.5588  67.8258  68.8256  69.3595  69.4396  70.0133  
66.4207  67.6438  67.9043  68.8877  69.3999  69.4584  70.0513  
66.3054  67.5503  67.8236  68.8206  69.3639  69.4321  70.0057  
66.4165  67.6461  67.9093  68.8918  69.4062  69.4555  70.0532  
66.4012  67.6348  67.8998  68.8865  69.407  69.4605  70.0532  
66.4173  67.6386  67.904  68.8696  69.3794  69.4165  70.0183  
