66.0209  66.7429  66.8264  67.5812  67.8125  68.1032  68.4724  68.8722  69.1007  69.1708  69.3755  69.9293  70.0051  70.1518  
66.1141  66.831  66.9126  67.6563  67.8782  68.1435  68.5317  68.9127  69.1259  69.1961  69.4183  69.9443  70.0155  70.1582  
66.0551  66.7715  66.8528  67.6032  67.8272  68.1135  68.4888  68.8766  69.1083  69.1784  69.3879  69.9269  70.0107  70.1555  
66.0281  66.7541  66.8381  67.5915  67.8216  68.0971  68.4789  68.8739  69.0884  69.1587  69.3771  69.9216  69.9915  70.1386  
66.0271  66.7584  66.8427  67.6024  67.8348  68.1139  68.4957  68.895  69.1071  69.1775  69.3976  69.9469  70.0053  70.1517  
66.066  66.7895  66.8723  67.6225  67.8485  68.1173  68.5045  68.8923  69.1018  69.1721  69.3962  69.9303  69.9943  70.1387  
66.0669  66.7838  66.8664  67.6124  67.8386  68.1146  68.4923  68.8817  69.1018  69.1718  69.3843  69.9228  69.9992  70.1442  
66.0429  66.7702  66.8556  67.606  67.8392  68.1065  68.4891  68.8873  69.0896  69.1598  69.3804  69.9259  69.9828  70.1288  
66.0481  66.7664  66.8483  67.5998  67.826  68.1125  68.4865  68.8779  69.1072  69.1775  69.3859  69.9291  70.0082  70.1535  
66.0199  66.7441  66.8272  67.5845  67.8148  68.1052  68.4782  68.8771  69.1071  69.1785  69.3837  69.9372  70.0125  70.1598  
66.0677  66.7832  66.8652  67.6107  67.8363  68.1133  68.4887  68.8774  69.0941  69.1635  69.3777  69.9147  69.9851  70.1292  
66.0557  66.771  66.8534  67.5995  67.8258  68.1068  68.4807  68.8714  69.0976  69.1682  69.3747  69.9165  69.9969  70.1421  
66.0849  66.8029  66.8854  67.6311  67.8571  68.1287  68.5092  68.8976  69.1112  69.1811  69.3981  69.934  70.0028  70.1472  
66.0796  66.7996  66.8826  67.6306  67.8582  68.132  68.5113  68.9025  69.1157  69.1853  69.4022  69.9411  70.007  70.1511  
66  66.7256  66.8098  67.5685  67.8021  68.0959  68.4645  68.8685  69.0987  69.1694  69.3724  69.9321  70.0078  70.156  
66.0188  66.7431  66.8272  67.5817  67.8136  68.0982  68.4722  68.8717  69.0951  69.1655  69.3742  69.9263  70.0003  70.1472  
66.0262  66.7543  66.8392  67.5962  67.8312  68.1148  68.4882  68.893  69.1097  69.1805  69.3895  69.9471  70.0084  70.1557  
66.0298  66.7549  66.8391  67.5937  67.8256  68.1079  68.4834  68.8826  69.1019  69.1721  69.3838  69.9343  70.0031  70.1494  
66.0543  66.7756  66.8583  67.6088  67.8361  68.1129  68.4923  68.8833  69.0988  69.1685  69.3863  69.9259  69.9941  70.139  
66.0702  66.794  66.8782  67.6253  67.8537  68.1169  68.5045  68.8942  69.0984  69.1681  69.3935  69.9282  69.9925  70.1373  
66.0105  66.7374  66.822  67.58  67.8147  68.1043  68.4744  68.8798  69.1042  69.1752  69.3794  69.9397  70.0081  70.156  
66.0576  66.7813  66.8654  67.6162  67.8461  68.1206  68.5014  68.8959  69.1117  69.1818  69.3977  69.9415  70.0124  70.1586  
66.0836  66.8021  66.8842  67.6293  67.8526  68.1192  68.5061  68.8888  69.1002  69.1697  69.3943  69.9221  69.9945  70.1384  
66.0367  66.7615  66.8449  67.5985  67.8277  68.1053  68.4856  68.8802  69.0953  69.1662  69.3826  69.9273  69.9929  70.1394  
66.0645  66.7916  66.8772  67.6251  67.8569  68.1175  68.5054  68.8999  69.0998  69.1696  69.3948  69.9344  69.9949  70.1406  
66.0435  66.7688  66.8529  67.6055  67.8356  68.1105  68.4923  68.8872  69.1018  69.1721  69.3895  69.9336  70.0016  70.1476  
66.0544  66.7777  66.8618  67.6096  67.8381  68.1043  68.4898  68.88  69.0863  69.1555  69.3801  69.9156  69.9817  70.1261  
66.0289  66.7478  66.8297  67.5827  67.8097  68.0993  68.4711  68.8646  69.0951  69.166  69.3719  69.9186  69.9969  70.1432  
66.0154  66.7337  66.8161  67.5699  67.7986  68.0941  68.4607  68.8577  69.0938  69.1643  69.3647  69.9167  69.9996  70.1461  
65.9981  66.7236  66.8083  67.5661  67.8015  68.0947  68.4608  68.8678  69.0944  69.165  69.3663  69.9287  69.998  70.1452  
66.0602  66.7808  66.8639  67.6126  67.8401  68.1143  68.4947  68.8857  69.1013  69.1714  69.3878  69.9273  69.9979  70.1431  
66.0973  66.8116  66.8933  67.6325  67.8529  68.1128  68.5029  68.8796  69.0892  69.1582  69.3857  69.9048  69.9824  70.1249  
66.0879  66.8053  66.888  67.6327  67.8581  68.1288  68.5109  68.8976  69.1143  69.1838  69.4013  69.9353  70.0122  70.1569  
66.0154  66.7459  66.8313  67.5878  67.8228  68.0991  68.4781  68.8812  69.0897  69.1606  69.3767  69.9308  69.9883  70.1366  
66.0561  66.7758  66.8589  67.6068  67.834  68.1088  68.4885  68.8787  69.0956  69.165  69.3818  69.9201  69.994  70.1387  
66.1045  66.8209  66.9029  67.6434  67.8658  68.1247  68.5139  68.8944  69.0982  69.1682  69.3943  69.9178  69.9826  70.1253  
66.0877  66.8064  66.889  67.6335  67.8577  68.1229  68.5098  68.8937  69.1036  69.173  69.3972  69.9257  69.9959  70.1391  
66.0948  66.8232  66.9091  67.6554  67.8869  68.1396  68.5327  68.9249  69.1161  69.1857  69.4174  69.9516  70.0034  70.1476  
66.034  66.7535  66.8373  67.587  67.8177  68.1011  68.4724  68.8701  69.0939  69.1641  69.3698  69.9198  69.996  70.1425  
66.0263  66.7525  66.8371  67.5919  67.825  68.1063  68.4816  68.8825  69.0987  69.169  69.381  69.9331  69.9974  70.1437  
66.0792  66.7958  66.8787  67.6233  67.8501  68.1236  68.5012  68.8908  69.107  69.1762  69.3908  69.9281  70.0015  70.1458  
66.0031  66.727  66.8111  67.568  67.8018  68.0952  68.4613  68.8655  69.0923  69.1621  69.3657  69.9246  69.9961  70.1431  
66.05  66.7722  66.856  67.6074  67.8385  68.1192  68.4932  68.891  69.1083  69.1781  69.3892  69.9374  70.0037  70.1488  
66.0441  66.7701  66.8547  67.6063  67.8379  68.1098  68.4908  68.8869  69.094  69.1632  69.3845  69.928  69.9894  70.1347  
65.9719  66.6985  66.7823  67.5447  67.7786  68.0795  68.4446  68.8503  69.0839  69.1544  69.3563  69.9193  69.9953  70.1439  
66.0589  66.7798  66.863  67.6136  67.842  68.1214  68.4985  68.8917  69.1117  69.1814  69.3951  69.9383  70.0117  70.1575  
65.9525  66.6839  66.769  67.5352  67.7743  68.0773  68.439  68.8534  69.0819  69.1525  69.3522  69.9248  69.9881  70.1367  
66.0508  66.7759  66.8595  67.6135  67.8438  68.1225  68.5012  68.8971  69.1119  69.1816  69.3986  69.9441  70.0085  70.1541  
66.0315  66.7591  66.8435  67.6005  67.8332  68.1156  68.4925  68.8934  69.1118  69.1828  69.3944  69.9474  70.0124  70.1595  
66.0365  66.7655  66.8508  67.6017  67.8332  68.0958  68.4844  68.8792  69.0782  69.1488  69.3753  69.9161  69.973  70.1197  
