66.8084  67.4806  67.5749  68.2781  68.5233  68.8496  69.1248  69.5392  69.7521  69.8307  69.9802  
66.8537  67.522  67.6133  68.31  68.5439  68.8497  69.145  69.539  69.7404  69.8189  69.9891  
66.8207  67.4882  67.5798  68.2807  68.518  68.8423  69.1236  69.5258  69.7429  69.8215  69.977  
66.8429  67.5166  67.612  68.3101  68.5547  68.8625  69.1498  69.5596  69.7575  69.836  69.997  
66.8001  67.4804  67.5757  68.2823  68.5286  68.8416  69.1295  69.5431  69.7378  69.8167  69.9821  
66.8536  67.5274  67.6203  68.3209  68.5597  68.8663  69.1607  69.5617  69.7594  69.8377  70.008  
66.8546  67.5221  67.615  68.3114  68.5506  68.8646  69.1491  69.5522  69.7603  69.8385  69.9965  
66.8494  67.5266  67.6225  68.3225  68.5686  68.8727  69.1632  69.5744  69.7661  69.8442  70.0103  
66.8219  67.4912  67.5834  68.2855  68.5249  68.8494  69.1296  69.5351  69.7503  69.829  69.9834  
66.8016  67.4756  67.5697  68.2749  68.5194  68.8452  69.1234  69.5372  69.7501  69.83  69.9801  
66.8703  67.5372  67.6293  68.3262  68.5646  68.8798  69.1633  69.5652  69.7715  69.8488  70.0092  
66.8434  67.5105  67.6029  68.3016  68.5405  68.8618  69.1427  69.5469  69.7629  69.8415  69.9945  
66.8553  67.5237  67.6166  68.3123  68.5513  68.86  69.1475  69.5495  69.7497  69.8277  69.9909  
66.8434  67.5146  67.6077  68.307  68.5473  68.8593  69.1462  69.5506  69.7515  69.8294  69.9932  
66.7931  67.4678  67.5634  68.268  68.5163  68.8431  69.1169  69.5363  69.7479  69.8272  69.9739  
66.8212  67.4951  67.5902  68.2927  68.5384  68.8588  69.1388  69.5527  69.7619  69.8407  69.9936  
66.7992  67.477  67.573  68.2777  68.5267  68.845  69.1247  69.5438  69.744  69.8233  69.9777  
66.8129  67.4881  67.583  68.2865  68.5319  68.8504  69.1324  69.5456  69.7506  69.8292  69.9861  
66.8471  67.5184  67.6117  68.3112  68.5518  68.8646  69.151  69.5558  69.7577  69.8355  69.9986  
66.861  67.5342  67.6288  68.3249  68.5662  68.8658  69.1606  69.5636  69.7559  69.8336  70.004  
66.7947  67.4712  67.567  68.2723  68.5213  68.8454  69.1212  69.5414  69.7488  69.8284  69.9773  
66.8231  67.4958  67.5907  68.2886  68.5324  68.8413  69.1277  69.5367  69.7357  69.8143  69.9748  
66.8775  67.5451  67.6377  68.3312  68.5677  68.87  69.1637  69.5601  69.7582  69.8357  70.005  
66.8499  67.5236  67.6179  68.3183  68.5615  68.8731  69.1596  69.5686  69.7685  69.8474  70.0078  
66.8525  67.5283  67.6246  68.3205  68.5655  68.8617  69.1566  69.5643  69.7519  69.8299  69.9997  
66.8255  67.5005  67.5952  68.2963  68.5398  68.8507  69.1388  69.5477  69.7481  69.8267  69.9892  
66.8574  67.5311  67.6253  68.324  68.5649  68.8694  69.1629  69.5659  69.7629  69.84  70.0103  
66.8323  67.5017  67.5943  68.2967  68.5373  68.8637  69.1417  69.5496  69.766  69.8451  69.996  
66.8076  67.4774  67.5702  68.2748  68.517  68.8509  69.1238  69.535  69.7582  69.8371  69.9831  
66.7936  67.4705  67.5659  68.2742  68.523  68.8543  69.1272  69.5481  69.7624  69.8413  69.9885  
66.8458  67.5165  67.6101  68.3081  68.5488  68.8598  69.1469  69.5516  69.7541  69.8323  69.9941  
66.9068  67.5714  67.663  68.3537  68.5863  68.8853  69.1833  69.5727  69.7741  69.8508  70.0237  
66.8531  67.5198  67.6131  68.3058  68.5448  68.8508  69.1388  69.5398  69.741  69.819  69.9811  
66.8344  67.5125  67.6094  68.3101  68.5597  68.867  69.152  69.5698  69.7608  69.8399  69.999  
66.842  67.5123  67.6056  68.3041  68.5442  68.857  69.1438  69.5474  69.7528  69.8304  69.993  
66.8976  67.5655  67.6571  68.3511  68.5852  68.8847  69.1827  69.5753  69.7714  69.849  70.0227  
66.8623  67.532  67.6244  68.3209  68.5574  68.862  69.1566  69.5532  69.753  69.8304  70.0014  
66.8454  67.524  67.6198  68.3176  68.561  68.8522  69.1535  69.5579  69.7387  69.8165  69.9954  
66.8343  67.5045  67.5989  68.2982  68.5423  68.863  69.141  69.5526  69.7641  69.8426  69.9932  
66.8123  67.4891  67.5842  68.289  68.5353  68.8538  69.1361  69.5507  69.7541  69.8326  69.9905  
66.851  67.5186  67.6117  68.3074  68.5469  68.8587  69.1437  69.5466  69.7511  69.8286  69.9895  
66.8027  67.4772  67.5722  68.2778  68.5255  68.8548  69.1275  69.546  69.7587  69.8369  69.9855  
66.8203  67.494  67.5881  68.2911  68.535  68.8544  69.1359  69.5469  69.7524  69.8305  69.9886  
66.8351  67.511  67.6061  68.3069  68.5516  68.8597  69.1483  69.5577  69.7527  69.8301  69.9968  
66.8037  67.479  67.5745  68.2811  68.5304  68.8625  69.1328  69.5544  69.769  69.8479  69.9924  
66.8263  67.4965  67.5906  68.2883  68.5307  68.8442  69.1271  69.535  69.7375  69.8158  69.9741  
66.7704  67.4522  67.5486  68.2626  68.5159  68.8538  69.122  69.551  69.7643  69.8433  69.9877  
66.8179  67.4926  67.587  68.2887  68.5327  68.8459  69.1309  69.5411  69.7391  69.8174  69.9798  
66.7954  67.4725  67.5678  68.2722  68.5189  68.8358  69.1183  69.5338  69.7346  69.8141  69.971  
66.8795  67.5565  67.6527  68.3499  68.595  68.8915  69.1872  69.5955  69.7829  69.8612  70.0307  
