-8.52125  4.59119  0
-8.42863  4.60985  0
-8.56547  4.60867  0
-8.50868  4.60643  0
-8.43569  4.60075  0
-8.48437  4.59463  0
-8.44715  4.6152  0
-8.48142  4.59705  0
-8.46242  4.59406  0
-8.5082  4.60492  0
-8.49578  4.59848  0
-8.49816  4.60386  0
-8.4629  4.60754  0
-8.47142  4.59183  0
-8.54045  4.60574  0
-8.49277  4.60848  0
-8.43433  4.6016  0
-8.49924  4.59873  0
-8.47483  4.60076  0
-8.47925  4.59972  0
-8.42207  4.60199  0
-8.5046  4.59333  0
-8.56907  4.60407  0
-8.52562  4.59991  0
-8.43355  4.59551  0
-8.45257  4.59289  0
-8.48427  4.59201  0
-8.53413  4.61175  0
-8.46332  4.60241  0
-8.50277  4.59908  0
-8.50704  4.60512  0
-8.46655  4.60561  0
-8.52085  4.60705  0
-8.52772  4.60122  0
-8.56742  4.58541  0
-8.58592  4.61691  0
-8.54951  4.59724  0
-8.53959  4.60014  0
-8.46062  4.60071  0
-8.49908  4.60104  0
-8.50834  4.59408  0
-8.47819  4.58782  0
-8.46615  4.59983  0
-8.47685  4.59559  0
-8.49104  4.61287  0
-8.48903  4.60563  0
-8.46888  4.59402  0
-8.41533  4.59348  0
-8.43984  4.60862  0
-8.52474  4.60373  0
