-8.52085  4.60058  0
-8.3997  4.60704  0
-8.53347  4.59626  0
-8.50059  4.60825  0
-8.43864  4.60187  0
-8.41243  4.60409  0
-8.49268  4.60771  0
-8.46431  4.60984  0
-8.49596  4.59909  0
-8.44059  4.60025  0
-8.51844  4.61491  0
-8.52925  4.60226  0
-8.4758  4.61783  0
-8.42584  4.60966  0
-8.51698  4.60042  0
-8.47076  4.59689  0
-8.44814  4.61022  0
-8.4798  4.59917  0
-8.4879  4.60868  0
-8.46385  4.60774  0
-8.47019  4.60488  0
-8.48548  4.60799  0
-8.47299  4.61153  0
-8.41047  4.61289  0
-8.45439  4.60942  0
-8.47054  4.60072  0
-8.52116  4.59755  0
-8.49326  4.60387  0
-8.56879  4.59305  0
-8.49694  4.5934  0
-8.49  4.60817  0
-8.49405  4.60293  0
-8.49126  4.61286  0
-8.45727  4.62061  0
-8.54948  4.59894  0
-8.44237  4.61651  0
-8.48377  4.60226  0
-8.4018  4.60795  0
-8.52473  4.60397  0
-8.48191  4.59976  0
-8.52166  4.60912  0
-8.54489  4.59793  0
-8.46947  4.60259  0
-8.51784  4.60327  0
-8.50298  4.59834  0
-8.51007  4.61079  0
-8.53324  4.59253  0
-8.46764  4.60874  0
-8.46547  4.60662  0
-8.40931  4.61385  0
