8.0000000000e-06
1.9320905886e-02
3.8633811772e-02
5.7946717658e-02
7.7259623543e-02
9.6572529429e-02
1.1588543532e-01
1.3519834120e-01
1.5451124709e-01
1.7382415297e-01
1.9313705886e-01
2.1244996474e-01
2.3176287063e-01
2.5107577652e-01
2.7038868240e-01
2.8970158829e-01
3.0901449417e-01
3.2832740006e-01
3.4764030595e-01
3.6695321183e-01
3.8626611772e-01
4.0557902360e-01
4.2489192949e-01
4.4420483537e-01
4.6351774126e-01
4.8283064715e-01
5.0214355303e-01
5.2145645892e-01
5.4076936480e-01
5.6008227069e-01
5.7939517658e-01
5.9870808246e-01
6.1802098835e-01
6.3733389423e-01
6.5664680012e-01
6.7595970600e-01
6.9527261189e-01
7.1458551778e-01
7.3389842366e-01
7.5321132955e-01
7.7252423543e-01
7.9183714132e-01
8.1115004721e-01
8.3046295309e-01
8.4977585898e-01
8.6908876486e-01
8.8840167075e-01
9.0771457663e-01
9.2702748252e-01
9.4634038841e-01
9.6565329429e-01
9.8496620018e-01
1.0042791061e+00
1.0235920120e+00
1.0429049178e+00
1.0622178237e+00
1.0815307296e+00
1.1008436355e+00
1.1201565414e+00
1.1394694473e+00
1.1587823532e+00
1.1780952590e+00
1.1974081649e+00
1.2167210708e+00
1.2360339767e+00
1.2553468826e+00
1.2746597885e+00
1.2939726944e+00
1.3132856002e+00
1.3325985061e+00
1.3519114120e+00
1.3712243179e+00
1.3905372238e+00
1.4098501297e+00
1.4291630356e+00
1.4484759414e+00
1.4677888473e+00
1.4871017532e+00
1.5064146591e+00
1.5257275650e+00
1.5450404709e+00
1.5643533768e+00
1.5836662826e+00
1.6029791885e+00
1.6222920944e+00
1.6416050003e+00
1.6609179062e+00
1.6802308121e+00
1.6995437180e+00
1.7188566238e+00
1.7381695297e+00
1.7574824356e+00
1.7767953415e+00
1.7961082474e+00
1.8154211533e+00
1.8347340592e+00
1.8540469650e+00
1.8733598709e+00
1.8926727768e+00
1.9119856827e+00
1.9312985886e+00
1.9506114945e+00
1.9699244004e+00
1.9892373062e+00
2.0085502121e+00
2.0278631180e+00
2.0471760239e+00
2.0664889298e+00
2.0858018357e+00
2.1051147416e+00
2.1244276474e+00
2.1437405533e+00
2.1630534592e+00
2.1823663651e+00
2.2016792710e+00
2.2209921769e+00
2.2403050828e+00
2.2596179886e+00
2.2789308945e+00
2.2982438004e+00
2.3175567063e+00
2.3368696122e+00
2.3561825181e+00
2.3754954240e+00
2.3948083298e+00
2.4141212357e+00
2.4334341416e+00
2.4527470475e+00
2.4720599534e+00
2.4913728593e+00
2.5106857652e+00
2.5299986710e+00
2.5493115769e+00
2.5686244828e+00
2.5879373887e+00
2.6072502946e+00
2.6265632005e+00
2.6458761064e+00
2.6651890122e+00
2.6845019181e+00
2.7038148240e+00
2.7231277299e+00
2.7424406358e+00
2.7617535417e+00
2.7810664476e+00
2.8003793534e+00
2.8196922593e+00
2.8390051652e+00
2.8583180711e+00
2.8776309770e+00
2.8969438829e+00
2.9162567888e+00
2.9355696946e+00
2.9548826005e+00
2.9741955064e+00
2.9935084123e+00
3.0128213182e+00
3.0321342241e+00
3.0514471300e+00
3.0707600359e+00
3.0900729417e+00
3.1093858476e+00
3.1286987535e+00
3.1480116594e+00
3.1673245653e+00
3.1866374712e+00
3.2059503771e+00
3.2252632829e+00
3.2445761888e+00
3.2638890947e+00
3.2832020006e+00
3.3025149065e+00
3.3218278124e+00
3.3411407183e+00
3.3604536241e+00
3.3797665300e+00
3.3990794359e+00
3.4183923418e+00
3.4377052477e+00
3.4570181536e+00
3.4763310595e+00
3.4956439653e+00
3.5149568712e+00
3.5342697771e+00
3.5535826830e+00
3.5728955889e+00
3.5922084948e+00
3.6115214007e+00
3.6308343065e+00
3.6501472124e+00
3.6694601183e+00
3.6887730242e+00
3.7080859301e+00
3.7273988360e+00
3.7467117419e+00
3.7660246477e+00
3.7853375536e+00
3.8046504595e+00
3.8239633654e+00
3.8432762713e+00
3.8625891772e+00
3.8819020831e+00
3.9012149889e+00
3.9205278948e+00
3.9398408007e+00
3.9591537066e+00
3.9784666125e+00
3.9977795184e+00
4.0170924243e+00
4.0364053301e+00
4.0557182360e+00
4.0750311419e+00
4.0943440478e+00
4.1136569537e+00
4.1329698596e+00
4.1522827655e+00
4.1715956713e+00
4.1909085772e+00
4.2102214831e+00
4.2295343890e+00
4.2488472949e+00
4.2681602008e+00
4.2874731067e+00
4.3067860125e+00
4.3260989184e+00
4.3454118243e+00
4.3647247302e+00
4.3840376361e+00
4.4033505420e+00
4.4226634479e+00
4.4419763537e+00
4.4612892596e+00
4.4806021655e+00
4.4999150714e+00
4.5192279773e+00
4.5385408832e+00
4.5578537891e+00
4.5771666949e+00
4.5964796008e+00
4.6157925067e+00
4.6351054126e+00
4.6544183185e+00
4.6737312244e+00
4.6930441303e+00
4.7123570361e+00
4.7316699420e+00
4.7509828479e+00
4.7702957538e+00
4.7896086597e+00
4.8089215656e+00
4.8282344715e+00
4.8475473773e+00
4.8668602832e+00
4.8861731891e+00
4.9054860950e+00
4.9247990009e+00
4.9441119068e+00
4.9634248127e+00
4.9827377185e+00
5.0020506244e+00
5.0213635303e+00
5.0406764362e+00
5.0599893421e+00
5.0793022480e+00
5.0986151539e+00
5.1179280598e+00
5.1372409656e+00
5.1565538715e+00
5.1758667774e+00
5.1951796833e+00
5.2144925892e+00
5.2338054951e+00
5.2531184010e+00
5.2724313068e+00
5.2917442127e+00
5.3110571186e+00
5.3303700245e+00
5.3496829304e+00
5.3689958363e+00
5.3883087422e+00
5.4076216480e+00
5.4269345539e+00
5.4462474598e+00
5.4655603657e+00
5.4848732716e+00
5.5041861775e+00
5.5234990834e+00
5.5428119892e+00
5.5621248951e+00
5.5814378010e+00
5.6007507069e+00
5.6200636128e+00
5.6393765187e+00
5.6586894246e+00
5.6780023304e+00
5.6973152363e+00
5.7166281422e+00
5.7359410481e+00
5.7552539540e+00
5.7745668599e+00
5.7938797658e+00
5.8131926716e+00
5.8325055775e+00
5.8518184834e+00
5.8711313893e+00
5.8904442952e+00
5.9097572011e+00
5.9290701070e+00
5.9483830128e+00
5.9676959187e+00
5.9870088246e+00
6.0063217305e+00
6.0256346364e+00
6.0449475423e+00
6.0642604482e+00
6.0835733540e+00
6.1028862599e+00
6.1221991658e+00
6.1415120717e+00
6.1608249776e+00
6.1801378835e+00
6.1994507894e+00
6.2187636952e+00
6.2380766011e+00
6.2573895070e+00
6.2767024129e+00
6.2960153188e+00
6.3153282247e+00
6.3346411306e+00
6.3539540364e+00
6.3732669423e+00
6.3925798482e+00
6.4118927541e+00
6.4312056600e+00
6.4505185659e+00
6.4698314718e+00
6.4891443776e+00
6.5084572835e+00
6.5277701894e+00
6.5470830953e+00
6.5663960012e+00
6.5857089071e+00
6.6050218130e+00
6.6243347188e+00
6.6436476247e+00
6.6629605306e+00
6.6822734365e+00
6.7015863424e+00
6.7208992483e+00
6.7402121542e+00
6.7595250600e+00
6.7788379659e+00
6.7981508718e+00
6.8174637777e+00
6.8367766836e+00
6.8560895895e+00
6.8754024954e+00
6.8947154012e+00
6.9140283071e+00
6.9333412130e+00
6.9526541189e+00
6.9719670248e+00
6.9912799307e+00
7.0105928366e+00
7.0299057424e+00
7.0492186483e+00
7.0685315542e+00
7.0878444601e+00
7.1071573660e+00
7.1264702719e+00
7.1457831778e+00
7.1650960837e+00
7.1844089895e+00
7.2037218954e+00
7.2230348013e+00
7.2423477072e+00
7.2616606131e+00
7.2809735190e+00
7.3002864249e+00
7.3195993307e+00
7.3389122366e+00
7.3582251425e+00
7.3775380484e+00
7.3968509543e+00
7.4161638602e+00
7.4354767661e+00
7.4547896719e+00
7.4741025778e+00
7.4934154837e+00
7.5127283896e+00
7.5320412955e+00
7.5513542014e+00
7.5706671073e+00
7.5899800131e+00
7.6092929190e+00
7.6286058249e+00
7.6479187308e+00
7.6672316367e+00
7.6865445426e+00
7.7058574485e+00
7.7251703543e+00
7.7444832602e+00
7.7637961661e+00
7.7831090720e+00
7.8024219779e+00
7.8217348838e+00
7.8410477897e+00
7.8603606955e+00
7.8796736014e+00
7.8989865073e+00
7.9182994132e+00
7.9376123191e+00
7.9569252250e+00
7.9762381309e+00
7.9955510367e+00
8.0148639426e+00
8.0341768485e+00
8.0534897544e+00
8.0728026603e+00
8.0921155662e+00
8.1114284721e+00
8.1307413779e+00
8.1500542838e+00
8.1693671897e+00
8.1886800956e+00
8.2079930015e+00
8.2273059074e+00
8.2466188133e+00
8.2659317191e+00
8.2852446250e+00
8.3045575309e+00
8.3238704368e+00
8.3431833427e+00
8.3624962486e+00
8.3818091545e+00
8.4011220603e+00
8.4204349662e+00
8.4397478721e+00
8.4590607780e+00
8.4783736839e+00
8.4976865898e+00
8.5169994957e+00
8.5363124015e+00
8.5556253074e+00
8.5749382133e+00
8.5942511192e+00
8.6135640251e+00
8.6328769310e+00
8.6521898369e+00
8.6715027427e+00
8.6908156486e+00
8.7101285545e+00
8.7294414604e+00
8.7487543663e+00
8.7680672722e+00
8.7873801781e+00
8.8066930839e+00
8.8260059898e+00
8.8453188957e+00
8.8646318016e+00
8.8839447075e+00
8.9032576134e+00
8.9225705193e+00
8.9418834251e+00
8.9611963310e+00
8.9805092369e+00
8.9998221428e+00
9.0191350487e+00
9.0384479546e+00
9.0577608605e+00
9.0770737663e+00
9.0963866722e+00
9.1156995781e+00
9.1350124840e+00
9.1543253899e+00
9.1736382958e+00
9.1929512017e+00
9.2122641076e+00
9.2315770134e+00
9.2508899193e+00
9.2702028252e+00
9.2895157311e+00
9.3088286370e+00
9.3281415429e+00
9.3474544488e+00
9.3667673546e+00
9.3860802605e+00
9.4053931664e+00
9.4247060723e+00
9.4440189782e+00
9.4633318841e+00
9.4826447900e+00
9.5019576958e+00
9.5212706017e+00
9.5405835076e+00
9.5598964135e+00
9.5792093194e+00
9.5985222253e+00
9.6178351312e+00
9.6371480370e+00
9.6564609429e+00
9.6757738488e+00
9.6950867547e+00
9.7143996606e+00
9.7337125665e+00
9.7530254724e+00
9.7723383782e+00
9.7916512841e+00
9.8109641900e+00
9.8302770959e+00
9.8495900018e+00
9.8689029077e+00
9.8882158136e+00
9.9075287194e+00
9.9268416253e+00
9.9461545312e+00
9.9654674371e+00
9.9847803430e+00
1.0004093249e+01
1.0023406155e+01
1.0042719061e+01
1.0062031967e+01
1.0081344872e+01
1.0100657778e+01
1.0119970684e+01
1.0139283590e+01
1.0158596496e+01
1.0177909402e+01
1.0197222308e+01
1.0216535214e+01
1.0235848120e+01
1.0255161025e+01
1.0274473931e+01
1.0293786837e+01
1.0313099743e+01
1.0332412649e+01
1.0351725555e+01
1.0371038461e+01
1.0390351367e+01
1.0409664272e+01
1.0428977178e+01
1.0448290084e+01
1.0467602990e+01
1.0486915896e+01
1.0506228802e+01
1.0525541708e+01
1.0544854614e+01
1.0564167520e+01
1.0583480425e+01
1.0602793331e+01
1.0622106237e+01
1.0641419143e+01
1.0660732049e+01
1.0680044955e+01
1.0699357861e+01
1.0718670767e+01
1.0737983673e+01
1.0757296578e+01
1.0776609484e+01
1.0795922390e+01
1.0815235296e+01
1.0834548202e+01
1.0853861108e+01
1.0873174014e+01
1.0892486920e+01
1.0911799826e+01
1.0931112731e+01
1.0950425637e+01
1.0969738543e+01
1.0989051449e+01
1.1008364355e+01
1.1027677261e+01
1.1046990167e+01
1.1066303073e+01
1.1085615978e+01
1.1104928884e+01
1.1124241790e+01
1.1143554696e+01
1.1162867602e+01
1.1182180508e+01
1.1201493414e+01
1.1220806320e+01
1.1240119226e+01
1.1259432131e+01
1.1278745037e+01
1.1298057943e+01
1.1317370849e+01
1.1336683755e+01
1.1355996661e+01
1.1375309567e+01
1.1394622473e+01
1.1413935379e+01
1.1433248284e+01
1.1452561190e+01
1.1471874096e+01
1.1491187002e+01
1.1510499908e+01
1.1529812814e+01
1.1549125720e+01
1.1568438626e+01
1.1587751532e+01
1.1607064437e+01
1.1626377343e+01
1.1645690249e+01
1.1665003155e+01
1.1684316061e+01
1.1703628967e+01
1.1722941873e+01
1.1742254779e+01
1.1761567684e+01
1.1780880590e+01
1.1800193496e+01
1.1819506402e+01
1.1838819308e+01
1.1858132214e+01
1.1877445120e+01
1.1896758026e+01
1.1916070932e+01
1.1935383837e+01
1.1954696743e+01
1.1974009649e+01
1.1993322555e+01
1.2012635461e+01
1.2031948367e+01
1.2051261273e+01
1.2070574179e+01
1.2089887085e+01
1.2109199990e+01
1.2128512896e+01
1.2147825802e+01
1.2167138708e+01
1.2186451614e+01
1.2205764520e+01
1.2225077426e+01
1.2244390332e+01
1.2263703238e+01
1.2283016143e+01
1.2302329049e+01
1.2321641955e+01
1.2340954861e+01
1.2360267767e+01
1.2379580673e+01
1.2398893579e+01
1.2418206485e+01
1.2437519390e+01
1.2456832296e+01
1.2476145202e+01
1.2495458108e+01
1.2514771014e+01
1.2534083920e+01
1.2553396826e+01
1.2572709732e+01
1.2592022638e+01
1.2611335543e+01
1.2630648449e+01
1.2649961355e+01
1.2669274261e+01
1.2688587167e+01
1.2707900073e+01
1.2727212979e+01
1.2746525885e+01
1.2765838791e+01
1.2785151696e+01
1.2804464602e+01
1.2823777508e+01
1.2843090414e+01
1.2862403320e+01
1.2881716226e+01
1.2901029132e+01
1.2920342038e+01
1.2939654944e+01
1.2958967849e+01
1.2978280755e+01
1.2997593661e+01
1.3016906567e+01
1.3036219473e+01
1.3055532379e+01
1.3074845285e+01
1.3094158191e+01
1.3113471096e+01
1.3132784002e+01
1.3152096908e+01
1.3171409814e+01
1.3190722720e+01
1.3210035626e+01
1.3229348532e+01
1.3248661438e+01
1.3267974344e+01
1.3287287249e+01
1.3306600155e+01
1.3325913061e+01
1.3345225967e+01
1.3364538873e+01
1.3383851779e+01
1.3403164685e+01
1.3422477591e+01
1.3441790497e+01
1.3461103402e+01
1.3480416308e+01
1.3499729214e+01
1.3519042120e+01
1.3538355026e+01
1.3557667932e+01
1.3576980838e+01
1.3596293744e+01
1.3615606650e+01
1.3634919555e+01
1.3654232461e+01
1.3673545367e+01
1.3692858273e+01
1.3712171179e+01
1.3731484085e+01
1.3750796991e+01
1.3770109897e+01
1.3789422802e+01
1.3808735708e+01
1.3828048614e+01
1.3847361520e+01
1.3866674426e+01
1.3885987332e+01
1.3905300238e+01
1.3924613144e+01
1.3943926050e+01
1.3963238955e+01
1.3982551861e+01
1.4001864767e+01
1.4021177673e+01
1.4040490579e+01
1.4059803485e+01
1.4079116391e+01
1.4098429297e+01
1.4117742203e+01
1.4137055108e+01
1.4156368014e+01
1.4175680920e+01
1.4194993826e+01
1.4214306732e+01
1.4233619638e+01
1.4252932544e+01
1.4272245450e+01
1.4291558356e+01
1.4310871261e+01
1.4330184167e+01
1.4349497073e+01
1.4368809979e+01
1.4388122885e+01
1.4407435791e+01
1.4426748697e+01
1.4446061603e+01
1.4465374509e+01
1.4484687414e+01
1.4504000320e+01
1.4523313226e+01
1.4542626132e+01
1.4561939038e+01
1.4581251944e+01
1.4600564850e+01
1.4619877756e+01
1.4639190661e+01
1.4658503567e+01
1.4677816473e+01
1.4697129379e+01
1.4716442285e+01
1.4735755191e+01
1.4755068097e+01
1.4774381003e+01
1.4793693909e+01
1.4813006814e+01
1.4832319720e+01
1.4851632626e+01
1.4870945532e+01
1.4890258438e+01
1.4909571344e+01
1.4928884250e+01
1.4948197156e+01
1.4967510062e+01
1.4986822967e+01
1.5006135873e+01
1.5025448779e+01
1.5044761685e+01
1.5064074591e+01
1.5083387497e+01
1.5102700403e+01
1.5122013309e+01
1.5141326215e+01
1.5160639120e+01
1.5179952026e+01
1.5199264932e+01
1.5218577838e+01
1.5237890744e+01
1.5257203650e+01
1.5276516556e+01
1.5295829462e+01
1.5315142367e+01
1.5334455273e+01
1.5353768179e+01
1.5373081085e+01
1.5392393991e+01
1.5411706897e+01
1.5431019803e+01
1.5450332709e+01
