66.8837  67.5396  67.6237  68.3163  68.5331  68.8416  69.1433  69.5113  69.7242  69.8  69.9833  
66.9526  67.6004  67.682  68.3699  68.5807  68.8918  69.1916  69.5512  69.7725  69.8478  70.0279  
66.8422  67.4998  67.5854  68.2828  68.5054  68.8297  69.1183  69.4982  69.7235  69.8005  69.9677  
66.934  67.5853  67.6677  68.3569  68.5687  68.8747  69.1793  69.5395  69.7548  69.8301  70.0157  
66.9286  67.578  67.6602  68.3462  68.5566  68.858  69.1648  69.5219  69.7348  69.8099  69.9978  
66.8884  67.542  67.6245  68.3213  68.5363  68.861  69.1541  69.5228  69.7517  69.8282  70.0012  
66.8834  67.5378  67.6201  68.3188  68.5337  68.8613  69.1539  69.5226  69.7541  69.8303  70.0037  
66.8953  67.5484  67.6315  68.3281  68.545  68.8732  69.1622  69.5345  69.7676  69.8446  70.011  
66.8933  67.5451  67.628  68.3232  68.5391  68.8661  69.156  69.526  69.7601  69.8365  70.0044  
66.8986  67.5609  67.6476  68.3451  68.5696  68.8824  69.1791  69.5599  69.7719  69.8485  70.0244  
66.8275  67.4867  67.5708  68.275  68.4961  68.8327  69.1178  69.4977  69.7324  69.8096  69.9748  
66.9222  67.5773  67.6612  68.3525  68.5686  68.8745  69.1776  69.5442  69.7557  69.8313  70.0155  
66.9432  67.5926  67.6746  68.3641  68.5748  68.8867  69.189  69.548  69.7743  69.8497  70.03  
66.8917  67.5449  67.6282  68.3219  68.5382  68.8572  69.1515  69.5213  69.7458  69.8227  69.9952  
66.971  67.6176  67.6994  68.3802  68.588  68.8802  69.1926  69.544  69.7533  69.8281  70.0199  
66.8816  67.5355  67.6177  68.3147  68.529  68.8522  69.1469  69.5141  69.7403  69.8164  69.9931  
66.8208  67.4863  67.5717  68.2801  68.5049  68.8386  69.1262  69.5114  69.7366  69.8138  69.984  
66.9099  67.5624  67.6455  68.3374  68.5524  68.8667  69.1644  69.5313  69.7528  69.8294  70.0054  
66.8723  67.5246  67.6093  68.2994  68.5175  68.8318  69.1263  69.4973  69.7193  69.7959  69.9679  
66.8576  67.5198  67.606  68.3093  68.5351  68.8658  69.1514  69.5378  69.7645  69.8422  70.0057  
66.9052  67.5612  67.6448  68.3373  68.5521  68.8575  69.1636  69.5278  69.74  69.8155  70.0032  
66.852  67.5081  67.5908  68.2879  68.502  68.8194  69.12  69.4855  69.7081  69.7845  69.9667  
66.8539  67.5069  67.5903  68.2875  68.5054  68.8367  69.1226  69.4971  69.7319  69.8095  69.9726  
66.8556  67.5063  67.5888  68.2874  68.5048  68.8466  69.1251  69.5009  69.7457  69.8235  69.9785  
66.8737  67.5301  67.6171  68.3104  68.5358  68.8558  69.1426  69.5264  69.749  69.8267  69.9881  
66.9105  67.5615  67.6443  68.3363  68.5505  68.8687  69.1645  69.5305  69.7582  69.8345  70.0081  
66.9384  67.5904  67.6744  68.3614  68.5769  68.8793  69.1822  69.5471  69.7577  69.8332  70.0161  
66.908  67.5656  67.6496  68.3437  68.5609  68.8686  69.1713  69.5404  69.7504  69.8267  70.0106  
66.8935  67.5515  67.6367  68.3315  68.5513  68.8634  69.1622  69.5353  69.751  69.8269  70.0061  
66.8796  67.5288  67.6116  68.3015  68.5155  68.8329  69.1276  69.4931  69.7208  69.7974  69.9695  
66.8707  67.5228  67.6042  68.3018  68.5143  68.8429  69.136  69.5012  69.737  69.8136  69.9861  
66.9016  67.5581  67.6427  68.3399  68.5603  68.884  69.1745  69.5513  69.7772  69.8542  70.0223  
66.834  67.4925  67.5756  68.2811  68.4999  68.8394  69.1252  69.5019  69.7407  69.8179  69.9839  
66.8933  67.5506  67.6345  68.3312  68.5482  68.8648  69.1641  69.5343  69.7571  69.8342  70.0108  
66.9112  67.5629  67.6451  68.3404  68.5542  68.8789  69.1724  69.5391  69.7719  69.8485  70.0196  
66.887  67.5437  67.6261  68.3259  68.5401  68.8631  69.1618  69.5285  69.7574  69.834  70.0121  
66.8486  67.5084  67.5927  68.2962  68.5168  68.8491  69.1379  69.5164  69.7483  69.8257  69.9934  
66.9108  67.5652  67.6493  68.3401  68.5558  68.8628  69.1659  69.5323  69.7487  69.8252  70.0057  
66.9252  67.5766  67.6596  68.3506  68.5649  68.8793  69.177  69.543  69.7664  69.843  70.0178  
66.8952  67.5518  67.6365  68.3286  68.5465  68.8531  69.1553  69.5249  69.7366  69.8128  69.995  
66.9358  67.5825  67.6643  68.3511  68.5616  68.8736  69.1729  69.532  69.7577  69.8332  70.0108  
66.958  67.6074  67.6891  68.3763  68.585  68.8877  69.1968  69.5511  69.7691  69.8437  70.0329  
66.8807  67.5351  67.6194  68.308  68.5239  68.8244  69.1295  69.4944  69.6997  69.7746  69.964  
66.8841  67.5444  67.6307  68.3284  68.5521  68.8703  69.1635  69.5437  69.7621  69.8384  70.0112  
66.9025  67.5633  67.6481  68.3467  68.5664  68.8806  69.1808  69.5548  69.7709  69.8479  70.0269  
66.8563  67.5099  67.5922  68.2902  68.5044  68.8319  69.125  69.4927  69.7264  69.8033  69.9755  
66.9012  67.5556  67.6387  68.3357  68.5521  68.8767  69.1694  69.5402  69.7695  69.8462  70.0172  
66.9245  67.5767  67.6588  68.3483  68.5585  68.8612  69.1708  69.5277  69.7427  69.8182  70.0079  
66.9018  67.5553  67.6387  68.3317  68.5479  68.8631  69.1594  69.5281  69.7468  69.8227  70.0004  
66.8547  67.5128  67.5955  68.2979  68.5148  68.8436  69.1361  69.5084  69.7356  69.8124  69.9873  
