66.2733  66.7518  66.7928  67.3293  67.4297  67.6714  67.9775  68.1651  68.4756  68.5545  68.6695  68.9646  69.2447  69.3695  69.3825  69.4198  69.7899  69.9629  70.0963  70.1162  70.1544  70.2121  
66.2829  66.7514  66.792  67.3176  67.4163  67.6548  67.9537  68.1378  68.4452  68.5229  68.6338  68.9233  69.2041  69.3273  69.3357  69.38  69.7358  69.9167  70.0404  70.0685  70.1124  70.1698  
66.2196  66.7017  66.743  67.2854  67.3873  67.6368  67.9421  68.1339  68.4587  68.5402  68.6446  68.9478  69.243  69.3689  69.3717  69.4211  69.7895  69.9721  70.0939  70.1299  70.1647  70.2244  
66.2861  66.7582  66.799  67.328  67.4271  67.665  67.9674  68.1521  68.4574  68.535  68.6504  68.9403  69.2176  69.3406  69.3547  69.3929  69.7548  69.9309  70.0612  70.0824  70.1252  70.1823  
66.3035  66.7778  66.8181  67.3497  67.4476  67.6844  67.9913  68.1738  68.479  68.5559  68.6768  68.9635  69.2419  69.3644  69.3838  69.4169  69.7799  69.9571  70.0928  70.1084  70.1493  70.206  
66.2614  66.7342  66.7749  67.3067  67.4068  67.6513  67.9506  68.1383  68.4542  68.5336  68.6392  68.9352  69.2223  69.3478  69.3494  69.3985  69.7593  69.9391  70.061  70.0932  70.132  70.1902  
66.2416  66.716  66.7566  67.2904  67.3902  67.6355  67.9368  68.1239  68.4421  68.5215  68.6282  68.9237  69.2137  69.3394  69.3416  69.3903  69.7512  69.9339  70.0567  70.0884  70.1273  70.1857  
66.2321  66.7048  66.7459  67.2777  67.3786  67.6248  67.9225  68.1119  68.4312  68.5117  68.6124  68.9115  69.2028  69.3243  69.33  69.381  69.7391  69.9231  70.0381  70.0792  70.1186  70.1777  
66.2329  66.7061  66.7471  67.2793  67.3796  67.6246  67.9245  68.1125  68.4319  68.512  68.6153  68.9119  69.2052  69.3285  69.3319  69.3835  69.74  69.9281  70.0442  70.0837  70.1242  70.1831  
66.184  66.6651  66.7077  67.2466  67.3508  67.5968  67.899  68.094  68.4079  68.4898  68.595  68.9014  69.1817  69.31  69.3113  69.3593  69.7337  69.9044  70.028  70.0617  70.1019  70.1622  
66.2378  66.7144  66.7557  67.2928  67.3949  67.6453  67.9439  68.1362  68.4605  68.5418  68.6403  68.9443  69.2372  69.3581  69.365  69.4138  69.7794  69.9588  70.0765  70.1147  70.1501  70.2091  
66.281  66.7537  66.7953  67.3244  67.4256  67.6649  67.9644  68.153  68.4579  68.5365  68.6475  68.943  69.2171  69.341  69.3512  69.3922  69.7579  69.9289  70.0565  70.0809  70.1238  70.1813  
66.2387  66.7123  66.7529  67.284  67.3825  67.6216  67.9267  68.1101  68.4214  68.4994  68.6144  68.9029  69.191  69.3152  69.3251  69.3696  69.7246  69.9145  70.0393  70.068  70.1129  70.1708  
66.2527  66.7278  66.7687  67.3026  67.403  67.6471  67.9488  68.1369  68.4526  68.5323  68.6396  68.9364  69.2234  69.3497  69.352  69.4004  69.7632  69.9427  70.0657  70.098  70.1361  70.1946  
66.3213  66.7911  66.8317  67.3568  67.4547  67.6871  67.9909  68.1723  68.4702  68.5462  68.6682  68.9519  69.2246  69.3455  69.3671  69.3999  69.758  69.9354  70.0691  70.0848  70.1307  70.1866  
66.2896  66.762  66.8025  67.3338  67.4335  67.6773  67.9767  68.1636  68.4776  68.5563  68.664  68.9586  69.2425  69.3669  69.3724  69.4171  69.78  69.956  70.082  70.1084  70.1464  70.2038  
66.2131  66.6946  66.7363  67.2786  67.3821  67.6348  67.9352  68.1305  68.4541  68.5361  68.6363  68.9448  69.2321  69.3576  69.3606  69.4075  69.7841  69.9531  70.0778  70.1098  70.1431  70.2027  
66.2615  66.736  66.7769  67.3096  67.4096  67.6519  67.954  68.1412  68.4538  68.5329  68.6428  68.9377  69.2218  69.3473  69.353  69.3986  69.7611  69.9397  70.0647  70.0941  70.1335  70.1916  
66.2225  66.7052  66.7459  67.2885  67.3882  67.6338  67.9448  68.1317  68.4542  68.5342  68.6474  68.9428  69.2405  69.3681  69.3728  69.4201  69.7836  69.9743  70.1003  70.1322  70.169  70.2285  
66.1786  66.6591  66.7013  67.2417  67.346  67.5979  67.897  68.0933  68.4177  68.5007  68.5971  68.9073  69.1979  69.3179  69.3281  69.3762  69.7474  69.923  70.0388  70.0821  70.1181  70.1789  
66.2899  66.7653  66.8064  67.3388  67.4391  67.6783  67.9819  68.1689  68.4745  68.5526  68.6685  68.9616  69.2372  69.3605  69.3758  69.412  69.7795  69.9514  70.0847  70.1028  70.1442  70.2011  
66.3141  66.7904  66.8308  67.3663  67.4656  67.7087  68.0133  68.1993  68.5125  68.5905  68.7048  68.9977  69.2813  69.4051  69.4175  69.4558  69.8225  69.9977  70.1311  70.1493  70.1854  70.2417  
66.2422  66.7197  66.7602  67.2987  67.3987  67.6479  67.951  68.1396  68.4656  68.5463  68.6494  68.9485  69.2469  69.3701  69.375  69.425  69.7863  69.9727  70.0918  70.1301  70.1635  70.2227  
66.2381  66.7101  66.7508  67.2836  67.384  67.6338  67.9304  68.1198  68.4475  68.5287  68.6235  68.924  69.2246  69.339  69.3532  69.4027  69.7575  69.9468  70.056  70.1043  70.1391  70.1987  
66.1803  66.6628  66.7048  67.2468  67.3502  67.5997  67.9038  68.0981  68.4229  68.5058  68.6065  68.9135  69.2091  69.3309  69.3398  69.3894  69.7569  69.941  70.0563  70.1016  70.1379  70.1991  
66.2577  66.7295  66.7705  67.3003  67.4002  67.6423  67.942  68.1289  68.4425  68.5216  68.6286  68.9228  69.2101  69.3354  69.3373  69.3878  69.7446  69.9291  70.0485  70.0832  70.1252  70.1834  
66.2672  66.7423  66.7835  67.3154  67.4157  67.6545  67.9582  68.1452  68.4515  68.5301  68.6446  68.9381  69.2153  69.3397  69.3519  69.3911  69.7569  69.9312  70.0609  70.0844  70.1262  70.1842  
66.2778  66.7518  66.7933  67.3243  67.4259  67.6668  67.9662  68.1559  68.4614  68.5404  68.6508  68.9484  69.2207  69.3452  69.3553  69.3953  69.765  69.9307  70.0604  70.0834  70.1237  70.1814  
66.2314  66.7096  66.7514  67.2871  67.3892  67.6323  67.9354  68.1261  68.4382  68.5184  68.6277  68.9273  69.2088  69.3349  69.341  69.3855  69.7543  69.9298  70.0558  70.0845  70.1257  70.1845  
66.2775  66.7531  66.7934  67.3283  67.427  67.6702  67.9754  68.1605  68.4783  68.5571  68.6683  68.9605  69.2534  69.3791  69.3837  69.4312  69.7895  69.9771  70.1012  70.132  70.1694  70.2274  
66.2937  66.7645  66.8048  67.335  67.434  67.6783  67.9772  68.1629  68.48  68.5586  68.6646  68.9577  69.2479  69.3725  69.3741  69.4241  69.7804  69.9644  70.0857  70.1172  70.1555  70.2127  
66.1951  66.6709  66.7127  67.2471  67.3496  67.5963  67.895  68.0871  68.4053  68.4867  68.5875  68.8904  69.1784  69.3013  69.3066  69.3569  69.7206  69.9005  70.0165  70.0579  70.0981  70.1582  
66.2265  66.7031  66.744  67.2814  67.3825  67.6329  67.9327  68.1232  68.4485  68.5295  68.6297  68.9312  69.2265  69.3485  69.3542  69.4035  69.7669  69.9497  70.0683  70.1057  70.1413  70.2003  
66.2281  66.7054  66.7468  67.2824  67.3836  67.6276  67.9307  68.1199  68.4342  68.5141  68.6234  68.9213  69.2066  69.3331  69.3375  69.3847  69.7496  69.9286  70.0532  70.0841  70.1242  70.1828  
66.228  66.7007  66.7415  67.2731  67.3728  67.6168  67.9172  68.1039  68.4212  68.5006  68.6065  68.9011  69.1925  69.3183  69.3186  69.3709  69.727  69.9142  70.0325  70.0696  70.1108  70.1696  
66.2429  66.7179  66.7587  67.2926  67.3926  67.6368  67.9387  68.1259  68.4411  68.5201  68.6296  68.9245  69.2114  69.3366  69.3422  69.3885  69.7504  69.9314  70.0566  70.0854  70.1256  70.1835  
66.2139  66.6918  66.7332  67.271  67.3732  67.6227  67.9227  68.1149  68.4374  68.5187  68.6195  68.9231  69.2146  69.3378  69.3428  69.3923  69.7584  69.9379  70.0568  70.0947  70.1314  70.1908  
66.2613  66.7376  66.7789  67.3125  67.4132  67.6539  67.9578  68.1456  68.4551  68.534  68.6472  68.9422  69.2233  69.3485  69.3578  69.4006  69.7653  69.9426  70.0703  70.0966  70.1376  70.1955  
66.2358  66.7109  66.7516  67.2851  67.3847  67.627  67.9304  68.1169  68.4307  68.51  68.6205  68.9146  69.2014  69.3275  69.3324  69.3795  69.7401  69.9226  70.0464  70.0781  70.1184  70.177  
66.2937  66.7683  66.8099  67.3413  67.4431  67.6837  67.984  68.1738  68.4805  68.5595  68.6699  68.9675  69.2427  69.3671  69.3762  69.4178  69.7859  69.9556  70.0837  70.1079  70.1485  70.2059  
66.2909  66.7605  66.801  67.3279  67.4264  67.665  67.9658  68.1494  68.4592  68.5369  68.6484  68.9371  69.2227  69.3462  69.3536  69.3998  69.7531  69.9396  70.0619  70.0917  70.1351  70.1923  
66.2715  66.7424  66.7831  67.31  67.4083  67.6435  67.9471  68.1294  68.4327  68.5095  68.6282  68.9137  69.193  69.3149  69.3317  69.3698  69.7255  69.9097  70.0389  70.0603  70.108  70.1648  
66.3635  66.836  66.8772  67.4057  67.5063  67.7434  68.0442  68.2315  68.5327  68.6101  68.7253  69.0183  69.2873  69.409  69.4264  69.4591  69.8286  69.9932  70.1284  70.1418  70.1816  70.2373  
66.1833  66.6638  66.706  67.2447  67.3483  67.5949  67.8973  68.0912  68.4085  68.4903  68.5943  68.8994  69.185  69.3122  69.3134  69.363  69.7336  69.9103  70.0313  70.0677  70.1079  70.1683  
66.2071  66.6848  66.7268  67.2623  67.3649  67.6092  67.9103  68.1022  68.4139  68.4944  68.6019  68.9035  69.183  69.3098  69.314  69.3604  69.7301  69.9021  70.027  70.0579  70.0989  70.1581  
66.2756  66.7506  66.7909  67.3259  67.4251  67.6707  67.9734  68.1597  68.4794  68.5584  68.6665  68.9609  69.2533  69.3789  69.3816  69.43  69.7902  69.9743  70.0984  70.1285  70.1648  70.2224  
66.2119  66.6864  66.7275  67.2609  67.3616  67.6068  67.9071  68.0959  68.4134  68.4936  68.5982  68.8961  69.1855  69.3112  69.3124  69.3636  69.724  69.9071  70.026  70.0632  70.1036  70.163  
66.296  66.7698  66.8104  67.3411  67.4396  67.6765  67.982  68.1653  68.4695  68.5464  68.6666  68.9541  69.2314  69.3538  69.3727  69.407  69.7694  69.9466  70.0812  70.0974  70.1401  70.1965  
66.2714  66.745  66.786  67.3177  67.4182  67.6605  67.9609  68.149  68.4603  68.5395  68.648  68.9441  69.2249  69.3499  69.3561  69.4  69.7651  69.9392  70.0653  70.0926  70.132  70.19  
66.2731  66.7492  66.7897  67.3259  67.4262  67.6738  67.9745  68.1633  68.4815  68.561  68.6675  68.9659  69.2513  69.377  69.3811  69.4257  69.7943  69.9664  70.0947  70.1202  70.1544  70.2121  
