8e-06  4.205e-06  4.95865e-09  8.17384e-12  9.09954e-12  1.33131e-14  6.39149e-06  2.06159e-14
0.0161713  0.00849995  7.00497e-05  -7.58226e-05  4.7722e-07  -6.25798e-07  0.012919  2.91021e-09
0.0323347  0.0169947  0.000276155  -0.000303121  3.57649e-06  -4.2119e-06  0.0258251  3.94147e-08
0.048498  0.0254876  0.000620246  -0.000681821  1.19647e-05  -1.40121e-05  0.038718  1.94356e-07
0.0646614  0.0339774  0.00110202  -0.0012118  2.82949e-05  -3.31154e-05  0.0515911  6.09938e-07
0.0808247  0.0424634  0.00172124  -0.00189289  5.52086e-05  -6.46061e-05  0.0644378  1.48512e-06
0.0969881  0.0509445  0.0024777  -0.00272488  9.53394e-05  -0.000111563  0.0772515  3.07532e-06
0.113151  0.0594197  0.00337115  -0.00370749  0.000151313  -0.000177057  0.0900257  5.69219e-06
0.129315  0.0678881  0.0044013  -0.00484042  0.000225745  -0.000264145  0.102754  9.70331e-06
0.145478  0.0763486  0.00556782  -0.00612329  0.00032124  -0.000375872  0.115429  1.55318e-05
0.161641  0.0848002  0.00687035  -0.0075557  0.000440391  -0.000515269  0.128046  2.3656e-05
0.177805  0.093242  0.00830848  -0.00913719  0.000585775  -0.000685344  0.140596  3.46089e-05
0.193968  0.101673  0.00988174  -0.0108672  0.000759954  -0.000889091  0.153075  4.89777e-05
0.210131  0.110092  0.0115897  -0.0127453  0.000965473  -0.00112948  0.165474  6.74032e-05
0.226295  0.118498  0.0134317  -0.0147707  0.00120486  -0.00140945  0.177789  9.0579e-05
0.242458  0.12689  0.0154072  -0.0169429  0.00148061  -0.00173193  0.190013  0.000119251
0.258622  0.135268  0.0175156  -0.0192611  0.00179522  -0.00209981  0.202138  0.000154217
0.274785  0.143629  0.0197562  -0.0217245  0.00215113  -0.00251595  0.214159  0.000196326
0.290948  0.151973  0.0221284  -0.0243324  0.00255079  -0.00298318  0.22607  0.000246475
0.307112  0.1603  0.0246312  -0.0270839  0.0029966  -0.00350429  0.237865  0.000305611
0.323275  0.168607  0.027264  -0.029978  0.00349094  -0.00408205  0.249536  0.000374731
0.339438  0.176893  0.0300259  -0.0330139  0.00403615  -0.00471918  0.261078  0.000454875
0.355602  0.185159  0.0329159  -0.0361904  0.00463455  -0.00541837  0.272485  0.000547133
0.371765  0.193402  0.0359332  -0.0395066  0.00528842  -0.00618224  0.28375  0.000652638
0.387928  0.201622  0.0390767  -0.0429612  0.00600001  -0.00701339  0.294868  0.000772565
0.404092  0.209816  0.0423454  -0.0465531  0.00677153  -0.00791439  0.305833  0.000908135
0.420255  0.217986  0.0457383  -0.0502811  0.00760515  -0.00888772  0.316638  0.00106061
0.436418  0.226128  0.0492542  -0.054144  0.008503  -0.00993583  0.327279  0.00123128
0.452582  0.234242  0.0528919  -0.0581402  0.00946718  -0.0110611  0.337748  0.0014215
0.468745  0.242327  0.0566502  -0.0622685  0.0104997  -0.0122659  0.348041  0.00163263
0.484908  0.250382  0.0605279  -0.0665275  0.0116027  -0.0135526  0.358151  0.0018661
0.501072  0.258405  0.0645237  -0.0709155  0.0127779  -0.0149233  0.368074  0.00212334
0.517235  0.266396  0.0686362  -0.0754311  0.0140274  -0.0163801  0.377803  0.00240583
0.533398  0.274353  0.0728639  -0.0800726  0.015353  -0.0179253  0.387333  0.00271508
0.549562  0.282274  0.0772055  -0.0848384  0.0167565  -0.0195608  0.396659  0.00305264
0.565725  0.290159  0.0816595  -0.0897267  0.0182397  -0.0212887  0.405776  0.00342006
0.581888  0.298007  0.0862243  -0.0947357  0.0198043  -0.0231107  0.414678  0.00381894
0.598052  0.305816  0.0908984  -0.0998636  0.0214519  -0.0250288  0.42336  0.00425089
0.614215  0.313585  0.09568  -0.105109  0.0231842  -0.0270447  0.431818  0.00471755
0.630378  0.321312  0.100568  -0.110468  0.0250026  -0.0291601  0.440046  0.00522059
0.646542  0.328997  0.105559  -0.115941  0.0269086  -0.0313765  0.44804  0.00576167
0.662705  0.336638  0.110654  -0.121525  0.0289037  -0.0336955  0.455794  0.00634249
0.678868  0.344234  0.115849  -0.127218  0.0309892  -0.0361186  0.463305  0.00696476
0.695032  0.351784  0.121142  -0.133017  0.0331664  -0.0386471  0.470569  0.0076302
0.711195  0.359285  0.126533  -0.138921  0.0354365  -0.0412822  0.477579  0.00834054
0.727358  0.366738  0.132018  -0.144926  0.0378008  -0.0440251  0.484334  0.00909752
0.743522  0.37414  0.137596  -0.151032  0.0402602  -0.046877  0.490827  0.00990288
0.759685  0.381491  0.143266  -0.157234  0.0428159  -0.0498388  0.497057  0.0107584
0.775849  0.388789  0.149024  -0.163531  0.0454687  -0.0529114  0.503017  0.0116658
0.792012  0.396032  0.154868  -0.169921  0.0482196  -0.0560956  0.508706  0.0126268
0.808175  0.403219  0.160798  -0.1764  0.0510693  -0.0593922  0.514119  0.0136432
0.824339  0.41035  0.166809  -0.182966  0.0540187  -0.0628018  0.519253  0.0147168
0.840502  0.417422  0.172901  -0.189616  0.0570684  -0.0663248  0.524105  0.0158492
0.856665  0.424435  0.17907  -0.196348  0.060219  -0.0699617  0.528671  0.0170423
0.872829  0.431386  0.185315  -0.203158  0.063471  -0.0737128  0.532949  0.0182976
0.888992  0.438275  0.191633  -0.210043  0.0668248  -0.0775783  0.536937  0.019617
0.905155  0.4451  0.198022  -0.217002  0.070281  -0.0815582  0.54063  0.0210022
0.921319  0.45186  0.204479  -0.22403  0.0738396  -0.0856526  0.544027  0.0224547
0.937482  0.458554  0.211002  -0.231126  0.077501  -0.0898614  0.547126  0.0239762
0.953645  0.46518  0.217588  -0.238284  0.0812652  -0.0941842  0.549924  0.0255685
0.969809  0.471736  0.224235  -0.245503  0.0851325  -0.0986208  0.55242  0.027233
0.985972  0.478222  0.23094  -0.25278  0.0891026  -0.103171  0.554611  0.0289714
1.00214  0.484637  0.2377  -0.26011  0.0931756  -0.107833  0.556497  0.0307853
1.0183  0.490978  0.244513  -0.267491  0.0973512  -0.112608  0.558075  0.032676
1.03446  0.497244  0.251377  -0.27492  0.101629  -0.117494  0.559345  0.0346452
1.05063  0.503435  0.258288  -0.282392  0.106009  -0.12249  0.560305  0.0366943
1.06679  0.509548  0.265244  -0.289905  0.110491  -0.127596  0.560954  0.0388247
1.08295  0.515583  0.272242  -0.297456  0.115074  -0.13281  0.561293  0.0410377
1.09912  0.521539  0.279279  -0.305039  0.119757  -0.13813  0.561319  0.0433348
1.11528  0.527413  0.286352  -0.312653  0.12454  -0.143557  0.561034  0.0457171
1.13144  0.533205  0.293459  -0.320293  0.129423  -0.149087  0.560437  0.048186
1.14761  0.538914  0.300597  -0.327956  0.134403  -0.15472  0.559528  0.0507426
1.16377  0.544537  0.307762  -0.335639  0.139481  -0.160454  0.558307  0.0533881
1.17993  0.550075  0.314953  -0.343336  0.144656  -0.166287  0.556775  0.0561236
1.1961  0.555526  0.322166  -0.351046  0.149926  -0.172216  0.554933  0.0589501
1.21226  0.560888  0.329397  -0.358764  0.15529  -0.178241  0.552781  0.0618687
1.22842  0.56616  0.336645  -0.366486  0.160747  -0.184359  0.55032  0.0648802
1.24459  0.571341  0.343906  -0.374209  0.166296  -0.190567  0.547553  0.0679855
1.26075  0.576431  0.351178  -0.381929  0.171935  -0.196864  0.544479  0.0711854
1.27691  0.581427  0.358456  -0.389642  0.177663  -0.203246  0.541101  0.0744808
1.29308  0.58633  0.365739  -0.397344  0.183478  -0.209712  0.537421  0.0778722
1.30924  0.591136  0.373024  -0.405032  0.189379  -0.216258  0.533441  0.0813603
1.3254  0.595847  0.380306  -0.412701  0.195365  -0.222882  0.529162  0.0849457
1.34157  0.60046  0.387584  -0.420348  0.201432  -0.229582  0.524588  0.0886289
1.35773  0.604974  0.394854  -0.42797  0.20758  -0.236353  0.519721  0.0924102
1.37389  0.609389  0.402113  -0.435562  0.213807  -0.243194  0.514563  0.0962901
1.39006  0.613704  0.409359  -0.44312  0.22011  -0.2501  0.509118  0.100269
1.40622  0.617916  0.416587  -0.450641  0.226488  -0.257069  0.503389  0.104346
1.42238  0.622027  0.423796  -0.458121  0.232939  -0.264098  0.497379  0.108523
1.43855  0.626034  0.430982  -0.465556  0.23946  -0.271183  0.491092  0.112799
1.45471  0.629936  0.438142  -0.472943  0.246049  -0.278321  0.484531  0.117175
1.47087  0.633734  0.445274  -0.480278  0.252704  -0.285508  0.477699  0.121649
1.48704  0.637425  0.452373  -0.487556  0.259422  -0.29274  0.470602  0.126222
1.5032  0.64101  0.459438  -0.494775  0.266201  -0.300015  0.463243  0.130894
1.51936  0.644487  0.466465  -0.501931  0.273039  -0.307328  0.455627  0.135664
1.53553  0.647855  0.473451  -0.509021  0.279933  -0.314676  0.447757  0.140533
1.55169  0.651114  0.480393  -0.51604  0.28688  -0.322055  0.439639  0.145498
1.56785  0.654263  0.487288  -0.522985  0.293878  -0.329462  0.431277  0.150561
1.58402  0.657301  0.494134  -0.529853  0.300923  -0.336891  0.422676  0.155719
1.60018  0.660228  0.500928  -0.53664  0.308014  -0.34434  0.413841  0.160973
1.61634  0.663043  0.507665  -0.543343  0.315148  -0.351804  0.404777  0.166322
1.63251  0.665745  0.514345  -0.549959  0.322321  -0.35928  0.39549  0.171765
1.64867  0.668333  0.520963  -0.556484  0.32953  -0.366764  0.385984  0.1773
1.66483  0.670808  0.527517  -0.562915  0.336773  -0.374251  0.376266  0.182927
1.681  0.673168  0.534005  -0.56925  0.344047  -0.381738  0.366341  0.188645
1.69716  0.675414  0.540422  -0.575484  0.351348  -0.38922  0.356214  0.194451
1.71332  0.677543  0.546767  -0.581615  0.358674  -0.396694  0.345891  0.200346
1.72949  0.679557  0.553037  -0.58764  0.36602  -0.404155  0.335379  0.206327
1.74565  0.681454  0.559228  -0.593556  0.373385  -0.4116  0.324683  0.212393
1.76181  0.683235  0.565339  -0.59936  0.380764  -0.419024  0.313809  0.218543
1.77798  0.684898  0.571367  -0.60505  0.388155  -0.426423  0.302763  0.224774
1.79414  0.686443  0.577308  -0.610622  0.395555  -0.433794  0.291552  0.231086
1.8103  0.687871  0.583161  -0.616075  0.402959  -0.441133  0.280182  0.237475
1.82647  0.68918  0.588923  -0.621405  0.410364  -0.448435  0.268659  0.243941
1.84263  0.690371  0.59459  -0.626611  0.417767  -0.455697  0.25699  0.250481
1.85879  0.691443  0.600161  -0.631689  0.425165  -0.462914  0.24518  0.257094
1.87496  0.692396  0.605634  -0.636638  0.432555  -0.470083  0.233237  0.263776
1.89112  0.69323  0.611005  -0.641455  0.439931  -0.477201  0.221167  0.270526
1.90728  0.693944  0.616272  -0.646138  0.447292  -0.484262  0.208977  0.277341
1.92345  0.694539  0.621433  -0.650686  0.454634  -0.491265  0.196673  0.28422
1.93961  0.695015  0.626485  -0.655096  0.461952  -0.498204  0.184262  0.291159
1.95577  0.695371  0.631427  -0.659366  0.469244  -0.505076  0.17175  0.298155
1.97194  0.695607  0.636255  -0.663495  0.476506  -0.511878  0.159144  0.305207
1.9881  0.695724  0.640968  -0.667481  0.483734  -0.518607  0.146452  0.312312
2.00426  0.695721  0.645564  -0.671323  0.490925  -0.525258  0.133679  0.319466
2.02043  0.695599  0.65004  -0.675018  0.498075  -0.531828  0.120832  0.326667
2.03659  0.695358  0.654394  -0.678566  0.50518  -0.538315  0.107919  0.333912
2.05275  0.694998  0.658625  -0.681965  0.512237  -0.544715  0.0949449  0.341198
2.06892  0.694518  0.662729  -0.685214  0.519243  -0.551024  0.0819176  0.348522
2.08508  0.69392  0.666706  -0.688312  0.526192  -0.55724  0.0688436  0.35588
2.10124  0.693204  0.670554  -0.691258  0.533083  -0.563359  0.0557293  0.36327
2.11741  0.692369  0.67427  -0.694051  0.539911  -0.56938  0.0425817  0.370688
2.13357  0.691417  0.677853  -0.69669  0.546673  -0.575298  0.0294072  0.37813
2.14973  0.690347  0.681301  -0.699175  0.553365  -0.581111  0.0162125  0.385594
2.1659  0.689161  0.684612  -0.701504  0.559984  -0.586816  0.0030043  0.393076
2.18206  0.687858  0.687785  -0.703677  0.566526  -0.592412  -0.010211  0.400572
2.19822  0.686439  0.690819  -0.705694  0.572987  -0.597895  -0.0234267  0.408079
2.21439  0.684905  0.693711  -0.707554  0.579364  -0.603262  -0.0366365  0.415593
2.23055  0.683256  0.696461  -0.709257  0.585653  -0.608512  -0.0498338  0.42311
2.24671  0.681493  0.699067  -0.710804  0.591852  -0.613643  -0.0630123  0.430627
2.26288  0.679617  0.701527  -0.712192  0.597956  -0.618652  -0.0761656  0.438139
2.27904  0.677628  0.703842  -0.713424  0.603962  -0.623537  -0.0892874  0.445644
2.2952  0.675528  0.706008  -0.714499  0.609867  -0.628296  -0.102371  0.453137
2.31137  0.673316  0.708027  -0.715416  0.615667  -0.632927  -0.115412  0.460614
2.32753  0.670994  0.709895  -0.716177  0.62136  -0.637429  -0.128402  0.468072
2.34369  0.668564  0.711613  -0.716781  0.626942  -0.6418  -0.141336  0.475505
2.35986  0.666025  0.71318  -0.71723  0.632409  -0.646039  -0.154207  0.482912
2.37602  0.663378  0.714594  -0.717523  0.637759  -0.650142  -0.167011  0.490286
2.39218  0.660626  0.715856  -0.717661  0.642989  -0.654111  -0.179741  0.497625
2.40835  0.657769  0.716965  -0.717645  0.648095  -0.657942  -0.192391  0.504924
2.42451  0.654808  0.717919  -0.717475  0.653075  -0.661635  -0.204956  0.512179
2.44067  0.651744  0.718719  -0.717153  0.657925  -0.665189  -0.21743  0.519386
2.45684  0.648579  0.719365  -0.716679  0.662643  -0.668603  -0.229807  0.526542
2.473  0.645313  0.719855  -0.716054  0.667227  -0.671875  -0.242082  0.533641
2.48916  0.641949  0.72019  -0.71528  0.671672  -0.675005  -0.254249  0.54068
2.50533  0.638488  0.72037  -0.714357  0.675978  -0.677992  -0.266304  0.547654
2.52149  0.634931  0.720395  -0.713287  0.68014  -0.680835  -0.278241  0.55456
2.53765  0.631279  0.720264  -0.712071  0.684157  -0.683534  -0.290054  0.561394
2.55382  0.627535  0.719979  -0.71071  0.688027  -0.686089  -0.30174  0.568151
2.56998  0.623699  0.719538  -0.709206  0.691747  -0.688497  -0.313293  0.574828
2.58614  0.619773  0.718943  -0.70756  0.695314  -0.690761  -0.324707  0.581419
2.60231  0.61576  0.718194  -0.705773  0.698728  -0.692878  -0.335979  0.587923
2.61847  0.61166  0.717291  -0.703848  0.701985  -0.694849  -0.347104  0.594333
2.63463  0.607475  0.716236  -0.701786  0.705083  -0.696673  -0.358077  0.600647
2.6508  0.603208  0.715028  -0.699589  0.708022  -0.698351  -0.368894  0.606861
2.66696  0.59886  0.713668  -0.697258  0.710799  -0.699883  -0.37955  0.612971
2.68312  0.594433  0.712158  -0.694795  0.713412  -0.701268  -0.390042  0.618972
2.69929  0.589929  0.710498  -0.692203  0.715861  -0.702507  -0.400365  0.624861
2.71545  0.585349  0.708689  -0.689483  0.718143  -0.7036  -0.410515  0.630635
2.73161  0.580696  0.706733  -0.686636  0.720257  -0.704547  -0.420488  0.63629
2.74778  0.575972  0.704631  -0.683666  0.722202  -0.705349  -0.430281  0.641822
2.76394  0.571179  0.702383  -0.680574  0.723977  -0.706006  -0.439889  0.647227
2.7801  0.566318  0.699992  -0.677362  0.725581  -0.706518  -0.44931  0.652503
2.79627  0.561393  0.697459  -0.674032  0.727013  -0.706885  -0.45854  0.657646
2.81243  0.556405  0.694785  -0.670587  0.728272  -0.70711  -0.467576  0.662652
2.82859  0.551356  0.691972  -0.667029  0.729358  -0.707191  -0.476414  0.667518
2.84476  0.546249  0.689022  -0.66336  0.73027  -0.707131  -0.485051  0.672241
2.86092  0.541085  0.685937  -0.659583  0.731007  -0.706928  -0.493485  0.676819
2.87708  0.535867  0.682718  -0.655699  0.73157  -0.706585  -0.501713  0.681247
2.89325  0.530598  0.679367  -0.651711  0.731957  -0.706103  -0.509731  0.685524
2.90941  0.525279  0.675886  -0.647621  0.73217  -0.705481  -0.517538  0.689645
2.92557  0.519913  0.672278  -0.643433  0.732208  -0.704721  -0.525131  0.69361
2.94174  0.514501  0.668545  -0.639147  0.73207  -0.703824  -0.532508  0.697414
2.9579  0.509048  0.664688  -0.634768  0.731758  -0.702791  -0.539666  0.701056
2.97406  0.503554  0.660711  -0.630297  0.731272  -0.701623  -0.546604  0.704534
2.99023  0.498022  0.656615  -0.625736  0.730613  -0.700321  -0.553319  0.707843
3.00639  0.492455  0.652403  -0.621089  0.729779  -0.698887  -0.55981  0.710984
3.02255  0.486854  0.648078  -0.616357  0.728774  -0.697321  -0.566075  0.713953
3.03872  0.481223  0.643641  -0.611544  0.727597  -0.695624  -0.572113  0.716749
3.05488  0.475563  0.639096  -0.606651  0.726249  -0.693799  -0.577922  0.719369
3.07104  0.469876  0.634445  -0.601682  0.724732  -0.691845  -0.583501  0.721813
3.08721  0.464167  0.629691  -0.596639  0.723046  -0.689765  -0.588848  0.724078
3.10337  0.458435  0.624837  -0.591524  0.721193  -0.687561  -0.593964  0.726162
3.11953  0.452685  0.619885  -0.586341  0.719174  -0.685232  -0.598846  0.728066
3.1357  0.446917  0.614838  -0.581091  0.71699  -0.682781  -0.603495  0.729786
3.15186  0.441136  0.6097  -0.575778  0.714644  -0.68021  -0.607909  0.731323
3.16802  0.435342  0.604472  -0.570403  0.712137  -0.677519  -0.612089  0.732676
3.18419  0.429538  0.599159  -0.56497  0.70947  -0.67471  -0.616033  0.733842
3.20035  0.423727  0.593762  -0.559481  0.706646  -0.671786  -0.619742  0.734822
3.21651  0.41791  0.588285  -0.553939  0.703666  -0.668746  -0.623216  0.735616
3.23268  0.41209  0.582732  -0.548346  0.700534  -0.665594  -0.626455  0.736222
3.24884  0.40627  0.577104  -0.542704  0.697249  -0.662331  -0.629458  0.73664
3.265  0.40045  0.571405  -0.537017  0.693816  -0.658957  -0.632227  0.73687
3.28117  0.394635  0.565638  -0.531287  0.690237  -0.655476  -0.634761  0.736913
3.29733  0.388825  0.559807  -0.525517  0.686513  -0.651889  -0.637062  0.736767
3.31349  0.383022  0.553914  -0.519708  0.682647  -0.648198  -0.63913  0.736434
3.32966  0.37723  0.547963  -0.513864  0.678643  -0.644404  -0.640966  0.735914
3.34582  0.371449  0.541956  -0.507987  0.674502  -0.64051  -0.642571  0.735206
3.36198  0.365683  0.535897  -0.502079  0.670227  -0.636516  -0.643946  0.734313
3.37815  0.359932  0.529789  -0.496144  0.665822  -0.632426  -0.645093  0.733234
3.39431  0.354199  0.523635  -0.490183  0.661289  -0.628241  -0.646013  0.731971
3.41047  0.348486  0.517438  -0.484199  0.656632  -0.623963  -0.646707  0.730524
3.42664  0.342795  0.511201  -0.478194  0.651852  -0.619594  -0.647178  0.728895
3.4428  0.337128  0.504928  -0.472172  0.646954  -0.615137  -0.647427  0.727085
3.45896  0.331486  0.498622  -0.466133  0.641941  -0.610592  -0.647456  0.725096
3.47513  0.325871  0.492286  -0.460082  0.636815  -0.605963  -0.647267  0.722929
3.49129  0.320286  0.485922  -0.454019  0.631581  -0.601252  -0.646862  0.720586
3.50745  0.314731  0.479535  -0.447949  0.626241  -0.59646  -0.646244  0.718068
3.52362  0.309209  0.473126  -0.441871  0.620799  -0.59159  -0.645416  0.715379
3.53978  0.30372  0.4667  -0.435791  0.615259  -0.586645  -0.64438  0.712519
3.55594  0.298267  0.460259  -0.429708  0.609623  -0.581626  -0.643138  0.709492
3.57211  0.292852  0.453807  -0.423627  0.603897  -0.576535  -0.641694  0.706299
3.58827  0.287475  0.447345  -0.417548  0.598083  -0.571376  -0.64005  0.702943
3.60443  0.282139  0.440878  -0.411475  0.592184  -0.566151  -0.638211  0.699428
3.6206  0.276844  0.434408  -0.405409  0.586206  -0.560862  -0.636178  0.695755
3.63676  0.271592  0.427939  -0.399353  0.580151  -0.555511  -0.633956  0.691927
3.65292  0.266385  0.421472  -0.393309  0.574023  -0.550101  -0.631547  0.687948
3.66909  0.261223  0.415011  -0.387279  0.567826  -0.544635  -0.628956  0.683821
3.68525  0.256108  0.408559  -0.381266  0.561564  -0.539116  -0.626186  0.679549
3.70141  0.251041  0.402119  -0.37527  0.55524  -0.533544  -0.623242  0.675136
3.71758  0.246024  0.395693  -0.369295  0.548859  -0.527925  -0.620126  0.670585
3.73374  0.241057  0.389284  -0.363343  0.542425  -0.522259  -0.616843  0.665899
3.7499  0.236142  0.382894  -0.357415  0.535941  -0.51655  -0.613398  0.661082
3.76607  0.231279  0.376527  -0.351513  0.529411  -0.510801  -0.609794  0.656139
3.78223  0.22647  0.370185  -0.34564  0.52284  -0.505014  -0.606036  0.651073
3.79839  0.221715  0.36387  -0.339797  0.51623  -0.499192  -0.602127  0.645887
3.81456  0.217015  0.357585  -0.333986  0.509587  -0.493337  -0.598074  0.640587
3.83072  0.212372  0.351333  -0.328209  0.502913  -0.487454  -0.593879  0.635176
3.84688  0.207786  0.345115  -0.322468  0.496213  -0.481543  -0.589549  0.629658
3.86305  0.203257  0.338934  -0.316765  0.489491  -0.475608  -0.585087  0.624038
3.87921  0.198787  0.332792  -0.311101  0.48275  -0.469653  -0.580498  0.61832
3.89537  0.194376  0.326692  -0.305478  0.475994  -0.463679  -0.575787  0.612508
3.91154  0.190024  0.320635  -0.299897  0.469227  -0.45769  -0.570959  0.606607
3.9277  0.185733  0.314624  -0.294361  0.462452  -0.451688  -0.566018  0.600621
3.94386  0.181503  0.30866  -0.28887  0.455674  -0.445676  -0.560971  0.594555
3.96003  0.177334  0.302746  -0.283427  0.448896  -0.439657  -0.55582  0.588413
3.97619  0.173226  0.296883  -0.278032  0.442122  -0.433634  -0.550573  0.5822
3.99235  0.16918  0.291074  -0.272687  0.435354  -0.427609  -0.545233  0.575921
4.00852  0.165197  0.285319  -0.267394  0.428597  -0.421586  -0.539806  0.569579
4.02468  0.161276  0.279621  -0.262153  0.421854  -0.415567  -0.534296  0.56318
4.04084  0.157418  0.273981  -0.256967  0.415128  -0.409554  -0.528708  0.556728
4.05701  0.153623  0.268401  -0.251835  0.408422  -0.40355  -0.523048  0.550228
4.07317  0.149891  0.262882  -0.246759  0.401741  -0.397559  -0.517321  0.543683
4.08933  0.146222  0.257425  -0.241741  0.395086  -0.391582  -0.51153  0.537099
4.1055  0.142616  0.252032  -0.236781  0.388461  -0.385622  -0.505682  0.53048
4.12166  0.139074  0.246703  -0.231881  0.381869  -0.379681  -0.499781  0.523831
4.13782  0.135594  0.241441  -0.22704  0.375312  -0.373763  -0.493832  0.517156
4.15399  0.132178  0.236245  -0.22226  0.368794  -0.367869  -0.487839  0.510458
4.17015  0.128824  0.231118  -0.217542  0.362318  -0.362001  -0.481807  0.503743
4.18631  0.125533  0.22606  -0.212887  0.355885  -0.356163  -0.475741  0.497015
4.20248  0.122305  0.221071  -0.208294  0.349498  -0.350356  -0.469646  0.490277
4.21864  0.119139  0.216153  -0.203766  0.34316  -0.344583  -0.463525  0.483534
4.2348  0.116034  0.211305  -0.199301  0.336873  -0.338845  -0.457384  0.476789
4.25097  0.112992  0.20653  -0.194901  0.330639  -0.333144  -0.451226  0.470048
4.26713  0.11001  0.201827  -0.190566  0.32446  -0.327483  -0.445056  0.463312
4.28329  0.10709  0.197196  -0.186297  0.318339  -0.321864  -0.438878  0.456587
4.29946  0.10423  0.192638  -0.182094  0.312277  -0.316288  -0.432696  0.449875
4.31562  0.10143  0.188154  -0.177956  0.306276  -0.310757  -0.426514  0.443181
4.33178  0.098689  0.183743  -0.173885  0.300338  -0.305273  -0.420335  0.436507
4.34795  0.0960071  0.179406  -0.16988  0.294464  -0.299837  -0.414164  0.429857
4.36411  0.0933837  0.175143  -0.165941  0.288656  -0.294451  -0.408004  0.423235
4.38027  0.090818  0.170954  -0.162069  0.282916  -0.289116  -0.401858  0.416642
4.39644  0.0883094  0.166838  -0.158263  0.277243  -0.283834  -0.39573  0.410083
4.4126  0.0858574  0.162797  -0.154524  0.271641  -0.278606  -0.389623  0.403559
4.42876  0.0834612  0.158828  -0.150851  0.26611  -0.273434  -0.383541  0.397075
4.44493  0.0811203  0.154934  -0.147244  0.26065  -0.268318  -0.377486  0.390632
4.46109  0.0788338  0.151112  -0.143703  0.255263  -0.263259  -0.371461  0.384232
4.47725  0.0766012  0.147363  -0.140227  0.24995  -0.258259  -0.365469  0.37788
4.49342  0.0744215  0.143687  -0.136817  0.244711  -0.253318  -0.359513  0.371575
4.50958  0.0722942  0.140083  -0.133471  0.239547  -0.248438  -0.353595  0.365322
4.52574  0.0702185  0.13655  -0.130191  0.234458  -0.243618  -0.347718  0.359122
4.54191  0.0681934  0.133089  -0.126974  0.229446  -0.238861  -0.341884  0.352976
4.55807  0.0662184  0.129698  -0.123821  0.22451  -0.234165  -0.336094  0.346887
4.57423  0.0642926  0.126377  -0.120731  0.219651  -0.229533  -0.330353  0.340856
4.5904  0.0624151  0.123125  -0.117704  0.214868  -0.224964  -0.32466  0.334886
4.60656  0.0605852  0.119942  -0.114739  0.210163  -0.220459  -0.319019  0.328977
4.62272  0.058802  0.116827  -0.111835  0.205534  -0.216018  -0.31343  0.323131
4.63889  0.0570648  0.11378  -0.108992  0.200983  -0.211642  -0.307896  0.317349
4.65505  0.0553726  0.110798  -0.106209  0.196509  -0.20733  -0.302417  0.311632
4.67121  0.0537247  0.107883  -0.103486  0.192112  -0.203083  -0.296997  0.305982
4.68738  0.0521202  0.105032  -0.100822  0.187791  -0.198901  -0.291634  0.300399
4.70354  0.0505583  0.102246  -0.0982163  0.183547  -0.194785  -0.286332  0.294885
4.7197  0.0490381  0.0995229  -0.0956677  0.17938  -0.190733  -0.281091  0.28944
4.73587  0.0475588  0.0968621  -0.0931758  0.175288  -0.186747  -0.275911  0.284065
4.75203  0.0461196  0.0942629  -0.0907398  0.171271  -0.182825  -0.270795  0.278761
4.76819  0.0447197  0.0917242  -0.088359  0.167329  -0.178968  -0.265742  0.273527
4.78436  0.0433581  0.0892451  -0.0860324  0.163462  -0.175176  -0.260753  0.268365
4.80052  0.0420342  0.0868248  -0.0837594  0.159669  -0.171448  -0.25583  0.263275
4.81668  0.040747  0.0844623  -0.081539  0.155948  -0.167784  -0.250972  0.258257
4.83285  0.0394958  0.0821566  -0.0793706  0.152301  -0.164184  -0.246181  0.253311
4.84901  0.0382797  0.0799069  -0.0772531  0.148725  -0.160647  -0.241456  0.248438
4.86517  0.037098  0.077712  -0.0751859  0.145221  -0.157173  -0.236797  0.243638
4.88134  0.0359498  0.0755711  -0.073168  0.141787  -0.153761  -0.232206  0.23891
4.8975  0.0348344  0.0734832  -0.0711986  0.138423  -0.150412  -0.227682  0.234255
4.91366  0.0337511  0.0714472  -0.0692769  0.135128  -0.147124  -0.223225  0.229672
4.92983  0.0326989  0.0694623  -0.0674019  0.1319  -0.143897  -0.218836  0.225162
4.94599  0.0316773  0.0675275  -0.0655729  0.128741  -0.14073  -0.214514  0.220724
4.96215  0.0306854  0.0656417  -0.063789  0.125647  -0.137624  -0.210259  0.216357
4.97832  0.0297224  0.0638041  -0.0620493  0.122619  -0.134576  -0.206072  0.212063
4.99448  0.0287878  0.0620136  -0.0603529  0.119656  -0.131587  -0.201952  0.207839
5.01064  0.0278807  0.0602693  -0.0586991  0.116756  -0.128657  -0.197898  0.203686
5.02681  0.0270005  0.0585702  -0.057087  0.11392  -0.125783  -0.193911  0.199604
5.04297  0.0261465  0.0569155  -0.0555157  0.111145  -0.122966  -0.18999  0.195591
5.05913  0.0253179  0.055304  -0.0539843  0.108431  -0.120205  -0.186135  0.191648
5.0753  0.0245142  0.053735  -0.0524922  0.105777  -0.117499  -0.182345  0.187773
5.09146  0.0237346  0.0522074  -0.0510384  0.103181  -0.114848  -0.178621  0.183967
5.10762  0.0229786  0.0507204  -0.0496221  0.100644  -0.11225  -0.174961  0.180228
5.12379  0.0222455  0.0492731  -0.0482426  0.0981642  -0.109705  -0.171365  0.176556
5.13995  0.0215346  0.0478645  -0.046899  0.0957403  -0.107213  -0.167832  0.172951
5.15611  0.0208454  0.0464938  -0.0455905  0.0933714  -0.104772  -0.164362  0.169411
5.17228  0.0201772  0.0451601  -0.0443163  0.0910567  -0.102381  -0.160955  0.165936
5.18844  0.0195296  0.0438626  -0.0430758  0.0887951  -0.100041  -0.157609  0.162525
5.2046  0.0189019  0.0426003  -0.041868  0.0865858  -0.0977498  -0.154325  0.159177
5.22077  0.0182935  0.0413725  -0.0406923  0.0844276  -0.095507  -0.151101  0.155892
5.23693  0.017704  0.0401783  -0.039548  0.0823197  -0.0933117  -0.147937  0.152668
5.25309  0.0171327  0.0390169  -0.0384342  0.0802612  -0.0911632  -0.144831  0.149506
5.26926  0.0165792  0.0378876  -0.0373503  0.078251  -0.0890608  -0.141784  0.146404
5.28542  0.0160429  0.0367895  -0.0362955  0.0762882  -0.0870036  -0.138795  0.143361
5.30158  0.0155235  0.0357218  -0.0352693  0.0743718  -0.0849909  -0.135863  0.140377
5.31775  0.0150202  0.0346839  -0.0342707  0.0725011  -0.0830219  -0.132987  0.137451
5.33391  0.0145328  0.0336749  -0.0332993  0.0706749  -0.0810958  -0.130166  0.134582
5.35007  0.0140607  0.0326941  -0.0323544  0.0688925  -0.0792119  -0.1274  0.131768
5.36624  0.0136035  0.0317408  -0.0314352  0.0671528  -0.0773693  -0.124688  0.12901
5.3824  0.0131608  0.0308143  -0.0305412  0.0654551  -0.0755674  -0.122029  0.126306
5.39856  0.012732  0.029914  -0.0296717  0.0637985  -0.0738053  -0.119422  0.123656
5.41473  0.0123169  0.0290391  -0.0288261  0.062182  -0.0720823  -0.116867  0.121059
5.43089  0.0119149  0.0281889  -0.0280038  0.0606048  -0.0703978  -0.114362  0.118513
5.44705  0.0115258  0.0273629  -0.0272042  0.0590661  -0.0687508  -0.111908  0.116019
5.46322  0.011149  0.0265604  -0.0264268  0.057565  -0.0671408  -0.109503  0.113574
5.47938  0.0107843  0.0257807  -0.0256709  0.0561007  -0.065567  -0.107146  0.111179
5.49555  0.0104312  0.0250233  -0.0249361  0.0546724  -0.0640286  -0.104837  0.108833
5.51171  0.0100895  0.0242876  -0.0242217  0.0532793  -0.062525  -0.102575  0.106534
5.52787  0.00975875  0.023573  -0.0235273  0.0519206  -0.0610555  -0.100359  0.104282
5.54404  0.00943862  0.0228789  -0.0228522  0.0505955  -0.0596194  -0.0981877  0.102076
5.5602  0.00912879  0.0222047  -0.0221961  0.0493033  -0.0582159  -0.0960613  0.0999155
5.57636  0.00882894  0.02155  -0.0215584  0.0480432  -0.0568446  -0.0939788  0.0977992
5.59253  0.00853878  0.0209141  -0.0209386  0.0468145  -0.0555045  -0.0919392  0.0957265
5.60869  0.00825799  0.0202967  -0.0203362  0.0456164  -0.0541953  -0.0899419  0.0936966
5.62485  0.00798628  0.0196971  -0.0197508  0.0444483  -0.0529161  -0.0879861  0.0917087
5.64102  0.00772338  0.0191149  -0.019182  0.0433095  -0.0516663  -0.086071  0.0897621
5.65718  0.007469  0.0185496  -0.0186292  0.0421992  -0.0504454  -0.084196  0.087856
5.67334  0.00722288  0.0180007  -0.018092  0.0411168  -0.0492526  -0.0823602  0.0859896
5.68951  0.00698476  0.0174678  -0.0175701  0.0400617  -0.0480875  -0.080563  0.0841622
5.70567  0.00675439  0.0169504  -0.017063  0.0390331  -0.0469494  -0.0788036  0.082373
5.72183  0.00653152  0.0164482  -0.0165704  0.0380305  -0.0458378  -0.0770814  0.0806213
5.738  0.00631591  0.0159606  -0.0160917  0.0370533  -0.044752  -0.0753955  0.0789064
5.75416  0.00610734  0.0154872  -0.0156266  0.0361008  -0.0436914  -0.0737455  0.0772275
5.77032  0.00590557  0.0150277  -0.0151749  0.0351724  -0.0426557  -0.0721304  0.075584
5.78649  0.00571041  0.0145817  -0.014736  0.0342676  -0.0416441  -0.0705498  0.0739752
5.80265  0.00552162  0.0141487  -0.0143096  0.0333858  -0.0406562  -0.0690028  0.0724004
5.81881  0.00533902  0.0137285  -0.0138955  0.0325264  -0.0396914  -0.0674889  0.0708588
5.83498  0.0051624  0.0133206  -0.0134932  0.0316888  -0.0387492  -0.0660074  0.06935
5.85114  0.00499157  0.0129246  -0.0131024  0.0308726  -0.0378292  -0.0645577  0.0678731
5.8673  0.00482634  0.0125404  -0.0127228  0.0300773  -0.0369308  -0.0631391  0.0664275
5.88347  0.00466654  0.0121675  -0.0123541  0.0293022  -0.0360535  -0.0617511  0.0650127
5.89963  0.00451199  0.0118055  -0.011996  0.028547  -0.0351969  -0.0603929  0.063628
5.91579  0.00436252  0.0114542  -0.0116482  0.0278111  -0.0343604  -0.059064  0.0622727
5.93196  0.00421797  0.0111134  -0.0113104  0.027094  -0.0335438  -0.0577639  0.0609464
5.94812  0.00407817  0.0107825  -0.0109823  0.0263952  -0.0327463  -0.0564919  0.0596483
5.96428  0.00394298  0.0104615  -0.0106637  0.0257144  -0.0319678  -0.0552474  0.058378
5.98045  0.00381224  0.0101499  -0.0103542  0.0250511  -0.0312076  -0.05403  0.0571347
5.99661  0.00368581  0.00984759  -0.0100537  0.0244048  -0.0304655  -0.052839  0.0559181
6.01277  0.00356355  0.00955421  -0.00976185  0.0237751  -0.0297409  -0.0516739  0.0547275
6.02894  0.00344532  0.00926952  -0.00947842  0.0231616  -0.0290335  -0.0505341  0.0535623
6.0451  0.003331  0.00899327  -0.00920317  0.0225638  -0.0283428  -0.0494192  0.0524222
6.06126  0.00322045  0.00872521  -0.00893588  0.0219814  -0.0276686  -0.0483286  0.0513064
6.07743  0.00311355  0.0084651  -0.00867631  0.0214141  -0.0270104  -0.0472618  0.0502146
6.09359  0.00301019  0.00821272  -0.00842425  0.0208613  -0.0263678  -0.0462183  0.0491462
6.10975  0.00291024  0.00796783  -0.00817949  0.0203228  -0.0257404  -0.0451976  0.0481007
6.12592  0.0028136  0.00773022  -0.00794181  0.0197982  -0.025128  -0.0441993  0.0470777
6.14208  0.00272016  0.00749967  -0.00771101  0.0192871  -0.0245302  -0.0432229  0.0460766
6.15824  0.00262981  0.00727597  -0.0074869  0.0187892  -0.0239466  -0.0422679  0.045097
6.17441  0.00254246  0.00705893  -0.00726928  0.0183041  -0.0233769  -0.0413338  0.0441385
6.19057  0.00245799  0.00684834  -0.00705798  0.0178316  -0.0228207  -0.0404202  0.0432006
6.20673  0.00237633  0.00664402  -0.0068528  0.0173713  -0.0222778  -0.0395267  0.0422828
6.2229  0.00229737  0.00644579  -0.00665358  0.0169228  -0.0217479  -0.0386529  0.0413848
6.23906  0.00222102  0.00625345  -0.00646013  0.016486  -0.0212306  -0.0377982  0.0405061
6.25522  0.00214721  0.00606685  -0.0062723  0.0160604  -0.0207256  -0.0369624  0.0396463
6.27139  0.00207585  0.00588581  -0.00608993  0.0156459  -0.0202327  -0.036145  0.0388049
6.28755  0.00200685  0.00571016  -0.00591285  0.0152421  -0.0197515  -0.0353456  0.0379817
6.30371  0.00194014  0.00553975  -0.00574091  0.0148487  -0.0192818  -0.0345638  0.0371762
6.31988  0.00187565  0.00537442  -0.00557397  0.0144655  -0.0188233  -0.0337993  0.036388
6.33604  0.0018133  0.00521402  -0.00541189  0.0140922  -0.0183758  -0.0330517  0.0356167
6.3522  0.00175302  0.0050584  -0.00525451  0.0137286  -0.017939  -0.0323205  0.0348621
6.36837  0.00169473  0.00490743  -0.00510171  0.0133743  -0.0175126  -0.0316055  0.0341237
6.38453  0.00163839  0.00476096  -0.00495335  0.0130293  -0.0170963  -0.0309063  0.0334012
6.40069  0.00158391  0.00461886  -0.0048093  0.0126932  -0.0166901  -0.0302226  0.0326942
6.41686  0.00153125  0.00448101  -0.00466945  0.0123658  -0.0162935  -0.0295539  0.0320024
6.43302  0.00148033  0.00434727  -0.00453366  0.0120468  -0.0159064  -0.0289001  0.0313255
6.44918  0.00143111  0.00421752  -0.00440183  0.0117361  -0.0155285  -0.0282607  0.0306631
6.46535  0.00138352  0.00409165  -0.00427383  0.0114335  -0.0151597  -0.0276355  0.030015
6.48151  0.00133752  0.00396953  -0.00414956  0.0111387  -0.0147997  -0.0270241  0.0293808
6.49767  0.00129304  0.00385106  -0.0040289  0.0108516  -0.0144483  -0.0264262  0.0287603
6.51384  0.00125004  0.00373613  -0.00391175  0.0105718  -0.0141053  -0.0258416  0.0281531
6.53  0.00120848  0.00362464  -0.00379802  0.0102994  -0.0137705  -0.0252699  0.0275589
6.54616  0.00116829  0.00351647  -0.00368759  0.0100339  -0.0134437  -0.0247109  0.0269775
6.56233  0.00112944  0.00341154  -0.00358038  0.0097754  -0.0131247  -0.0241643  0.0264086
6.57849  0.00109188  0.00330974  -0.00347629  0.00952356  -0.0128133  -0.0236298  0.0258519
6.59465  0.00105557  0.00321098  -0.00337524  0.00927823  -0.0125093  -0.0231072  0.0253071
6.61082  0.00102047  0.00311518  -0.00327712  0.00903926  -0.0122127  -0.0225961  0.024774
6.62698  0.000986539  0.00302223  -0.00318186  0.00880648  -0.0119231  -0.0220964  0.0242524
6.64314  0.000953734  0.00293207  -0.00308938  0.00857972  -0.0116404  -0.0216077  0.023742
6.65931  0.00092202  0.0028446  -0.00299959  0.00835884  -0.0113645  -0.0211299  0.0232425
6.67547  0.000891362  0.00275974  -0.00291241  0.00814368  -0.0110952  -0.0206627  0.0227537
6.69163  0.000861724  0.00267742  -0.00282777  0.00793409  -0.0108323  -0.0202059  0.0222754
6.7078  0.000833071  0.00259755  -0.0027456  0.00772992  -0.0105757  -0.0197592  0.0218073
6.72396  0.000805372  0.00252008  -0.00266582  0.00753104  -0.0103252  -0.0193224  0.0213492
6.74012  0.000778595  0.00244492  -0.00258837  0.00733731  -0.0100807  -0.0188953  0.020901
6.75629  0.000752708  0.00237201  -0.00251317  0.00714859  -0.009842  -0.0184776  0.0204624
6.77245  0.000727683  0.00230127  -0.00244016  0.00696476  -0.00960903  -0.0180693  0.0200331
6.78861  0.000703491  0.00223265  -0.00236927  0.00678568  -0.00938163  -0.01767  0.019613
6.80478  0.000680104  0.00216608  -0.00230045  0.00661124  -0.00915965  -0.0172795  0.0192019
6.82094  0.000657494  0.0021015  -0.00223364  0.00644131  -0.00894296  -0.0168978  0.0187996
6.8371  0.000635638  0.00203885  -0.00216877  0.00627578  -0.00873145  -0.0165245  0.0184059
6.85327  0.000614508  0.00197808  -0.00210578  0.00611453  -0.00852498  -0.0161594  0.0180206
6.86943  0.000594082  0.00191911  -0.00204464  0.00595745  -0.00832344  -0.0158025  0.0176435
6.88559  0.000574335  0.00186191  -0.00198527  0.00580443  -0.0081267  -0.0154535  0.0172745
6.90176  0.000555246  0.00180642  -0.00192763  0.00565537  -0.00793465  -0.0151123  0.0169133
6.91792  0.000536791  0.00175259  -0.00187167  0.00551016  -0.00774718  -0.0147786  0.0165598
6.93408  0.000518951  0.00170037  -0.00181734  0.00536871  -0.00756419  -0.0144523  0.0162139
6.95025  0.000501705  0.0016497  -0.00176459  0.00523091  -0.00738555  -0.0141333  0.0158753
6.96641  0.000485032  0.00160055  -0.00171338  0.00509667  -0.00721117  -0.0138213  0.015544
6.98257  0.000468914  0.00155287  -0.00166365  0.0049659  -0.00704094  -0.0135163  0.0152197
6.99874  0.000453332  0.00150661  -0.00161538  0.00483851  -0.00687477  -0.013218  0.0149023
7.0149  0.000438269  0.00146173  -0.00156851  0.00471441  -0.00671255  -0.0129264  0.0145916
7.03106  0.000423707  0.0014182  -0.001523  0.00459352  -0.0065542  -0.0126412  0.0142876
7.04723  0.00040963  0.00137596  -0.00147882  0.00447574  -0.00639962  -0.0123623  0.01399
7.06339  0.000396021  0.00133499  -0.00143592  0.00436101  -0.00624871  -0.0120897  0.0136988
7.07955  0.000382864  0.00129524  -0.00139427  0.00424924  -0.0061014  -0.0118231  0.0134137
7.09572  0.000370146  0.00125667  -0.00135383  0.00414035  -0.00595759  -0.0115624  0.0131347
7.11188  0.00035785  0.00121926  -0.00131457  0.00403428  -0.0058172  -0.0113074  0.0128616
7.12804  0.000345964  0.00118297  -0.00127646  0.00393094  -0.00568015  -0.0110582  0.0125943
7.14421  0.000334472  0.00114775  -0.00123945  0.00383026  -0.00554636  -0.0108144  0.0123326
7.16037  0.000323364  0.00111359  -0.00120351  0.00373218  -0.00541575  -0.0105761  0.0120765
7.17653  0.000312624  0.00108045  -0.00116863  0.00363664  -0.00528824  -0.010343  0.0118259
7.1927  0.000302242  0.0010483  -0.00113475  0.00354355  -0.00516377  -0.0101151  0.0115805
7.20886  0.000292205  0.00101711  -0.00110186  0.00345286  -0.00504225  -0.00989229  0.0113403
7.22502  0.000282502  0.000986848  -0.00106993  0.00336452  -0.00492361  -0.00967439  0.0111052
7.24119  0.000273122  0.00095749  -0.00103893  0.00327844  -0.00480779  -0.00946132  0.0108751
7.25735  0.000264054  0.000929008  -0.00100883  0.00319459  -0.00469473  -0.00925297  0.0106498
7.27351  0.000255287  0.000901375  -0.000979599  0.0031129  -0.00458434  -0.00904923  0.0104293
7.28968  0.000246812  0.000874567  -0.000951222  0.00303331  -0.00447658  -0.00885001  0.0102135
7.30584  0.000238619  0.000848559  -0.000923669  0.00295576  -0.00437137  -0.0086552  0.0100022
7.322  0.000230698  0.000823326  -0.000896917  0.00288022  -0.00426866  -0.00846471  0.00979535
7.33817  0.00022304  0.000798847  -0.000870942  0.00280662  -0.00416838  -0.00827843  0.00959287
7.35433  0.000215637  0.000775097  -0.000845722  0.00273491  -0.00407048  -0.00809628  0.00939466
7.37049  0.00020848  0.000752055  -0.000821235  0.00266505  -0.0039749  -0.00791816  0.00920063
7.38666  0.000201561  0.0007297  -0.000797459  0.00259699  -0.00388159  -0.00774398  0.00901069
7.40282  0.000194872  0.000708012  -0.000774373  0.00253067  -0.00379048  -0.00757366  0.00882474
7.41898  0.000188406  0.000686971  -0.000751959  0.00246606  -0.00370154  -0.00740711  0.0086427
7.43515  0.000182154  0.000666557  -0.000730195  0.00240312  -0.0036147  -0.00724425  0.00846449
7.45131  0.00017611  0.000646751  -0.000709063  0.00234179  -0.00352991  -0.00708498  0.00829003
7.46747  0.000170267  0.000627536  -0.000688545  0.00228203  -0.00344714  -0.00692925  0.00811924
7.48364  0.000164618  0.000608893  -0.000668622  0.00222382  -0.00336632  -0.00677695  0.00795202
7.4998  0.000159157  0.000590806  -0.000649278  0.00216709  -0.00328741  -0.00662803  0.00778832
7.51596  0.000153878  0.000573257  -0.000630496  0.00211183  -0.00321037  -0.00648239  0.00762806
7.53213  0.000148773  0.000556232  -0.000612258  0.00205798  -0.00313515  -0.00633998  0.00747115
7.54829  0.000143839  0.000539713  -0.00059455  0.00200552  -0.00306171  -0.00620072  0.00731754
7.56445  0.000139068  0.000523687  -0.000577356  0.0019544  -0.00299001  -0.00606453  0.00716714
7.58062  0.000134456  0.000508138  -0.000560661  0.0019046  -0.00292  -0.00593136  0.0070199
7.59678  0.000129997  0.000493052  -0.00054445  0.00185607  -0.00285165  -0.00580112  0.00687573
7.61294  0.000125686  0.000478416  -0.000528709  0.00180879  -0.0027849  -0.00567377  0.00673458
7.62911  0.000121519  0.000464215  -0.000513425  0.00176272  -0.00271974  -0.00554923  0.00659639
7.64527  0.00011749  0.000450437  -0.000498584  0.00171783  -0.00265611  -0.00542744  0.00646108
7.66143  0.000113594  0.000437069  -0.000484174  0.00167409  -0.00259399  -0.00530833  0.0063286
7.6776  0.000109828  0.000424099  -0.000470181  0.00163148  -0.00253333  -0.00519186  0.00619889
7.69376  0.000106187  0.000411516  -0.000456594  0.00158995  -0.0024741  -0.00507796  0.00607189
7.70992  0.000102667  0.000399306  -0.000443402  0.00154949  -0.00241627  -0.00496658  0.00594754
7.72609  9.92643e-05  0.00038746  -0.000430591  0.00151007  -0.0023598  -0.00485765  0.00582578
7.74225  9.59741e-05  0.000375967  -0.000418152  0.00147166  -0.00230467  -0.00475113  0.00570656
7.75841  9.27933e-05  0.000364816  -0.000406074  0.00143423  -0.00225083  -0.00464696  0.00558982
7.77458  8.9718e-05  0.000353996  -0.000394345  0.00139776  -0.00219826  -0.00454509  0.00547552
7.79074  8.67448e-05  0.000343498  -0.000382957  0.00136222  -0.00214694  -0.00444546  0.00536359
7.8069  8.38703e-05  0.000333312  -0.000371898  0.00132759  -0.00209681  -0.00434803  0.005254
7.82307  8.10912e-05  0.00032343  -0.00036116  0.00129385  -0.00204787  -0.00425275  0.00514669
7.83923  7.84044e-05  0.000313841  -0.000350732  0.00126097  -0.00200009  -0.00415957  0.00504161
7.85539  7.58067e-05  0.000304537  -0.000340607  0.00122894  -0.00195342  -0.00406845  0.00493871
7.87156  7.32953e-05  0.00029551  -0.000330775  0.00119772  -0.00190786  -0.00397933  0.00483795
7.88772  7.08671e-05  0.000286752  -0.000321228  0.0011673  -0.00186337  -0.00389218  0.00473928
7.90388  6.85196e-05  0.000278253  -0.000311958  0.00113766  -0.00181992  -0.00380695  0.00464266
7.92005  6.625e-05  0.000270008  -0.000302955  0.00110877  -0.00177749  -0.0037236  0.00454805
7.93621  6.40556e-05  0.000262007  -0.000294214  0.00108063  -0.00173607  -0.00364208  0.0044554
7.95237  6.19341e-05  0.000254244  -0.000285725  0.0010532  -0.00169561  -0.00356236  0.00436467
7.96854  5.9883e-05  0.000246712  -0.000277482  0.00102647  -0.00165611  -0.00348439  0.00427582
7.9847  5.78999e-05  0.000239404  -0.000269478  0.00100043  -0.00161754  -0.00340815  0.00418881
8.00086  5.59826e-05  0.000232313  -0.000261705  0.00097505  -0.00157987  -0.00333358  0.0041036
8.01703  5.41288e-05  0.000225432  -0.000254157  0.00095032  -0.00154308  -0.00326065  0.00402016
8.03319  5.23366e-05  0.000218756  -0.000246828  0.00092622  -0.00150716  -0.00318932  0.00393844
8.04935  5.06038e-05  0.000212278  -0.00023971  0.000902736  -0.00147208  -0.00311957  0.00385842
8.06552  4.89285e-05  0.000205993  -0.000232799  0.000879851  -0.00143783  -0.00305135  0.00378004
8.08168  4.73087e-05  0.000199894  -0.000226087  0.00085755  -0.00140438  -0.00298464  0.00370329
8.09784  4.57427e-05  0.000193976  -0.00021957  0.000835817  -0.00137171  -0.00291939  0.00362812
8.11401  4.42285e-05  0.000188234  -0.000213241  0.000814639  -0.00133981  -0.00285557  0.00355451
8.13017  4.27646e-05  0.000182662  -0.000207095  0.000794001  -0.00130866  -0.00279316  0.00348241
8.14633  4.13492e-05  0.000177256  -0.000201126  0.000773889  -0.00127824  -0.00273212  0.0034118
8.1625  3.99807e-05  0.00017201  -0.00019533  0.00075429  -0.00124853  -0.00267242  0.00334265
8.17866  3.86576e-05  0.00016692  -0.000189702  0.00073519  -0.00121952  -0.00261404  0.00327492
8.19482  3.73784e-05  0.000161981  -0.000184237  0.000716576  -0.00119118  -0.00255694  0.00320859
8.21099  3.61415e-05  0.000157189  -0.000178929  0.000698437  -0.00116351  -0.00250109  0.00314362
8.22715  3.49457e-05  0.000152539  -0.000173775  0.00068076  -0.00113649  -0.00244647  0.00307999
8.24331  3.37895e-05  0.000148026  -0.000168769  0.000663533  -0.0011101  -0.00239305  0.00301768
8.25948  3.26716e-05  0.000143648  -0.000163909  0.000646745  -0.00108433  -0.0023408  0.00295664
8.27564  3.15907e-05  0.000139399  -0.000159188  0.000630384  -0.00105916  -0.0022897  0.00289686
8.2918  3.05457e-05  0.000135277  -0.000154605  0.00061444  -0.00103459  -0.00223973  0.0028383
8.30797  2.95352e-05  0.000131277  -0.000150153  0.000598901  -0.00101058  -0.00219085  0.00278095
8.32413  2.85583e-05  0.000127395  -0.00014583  0.000583758  -0.000987137  -0.00214304  0.00272478
8.34029  2.76137e-05  0.000123628  -0.000141632  0.000568999  -0.000964242  -0.00209628  0.00266976
8.35646  2.67005e-05  0.000119973  -0.000137555  0.000554617  -0.000941882  -0.00205055  0.00261587
8.37262  2.58174e-05  0.000116427  -0.000133596  0.000540599  -0.000920045  -0.00200583  0.00256309
8.38878  2.49637e-05  0.000112985  -0.000129751  0.000526939  -0.000898718  -0.00196208  0.00251138
8.40495  2.41382e-05  0.000109646  -0.000126017  0.000513625  -0.000877889  -0.00191929  0.00246074
8.42111  2.334e-05  0.000106406  -0.000122391  0.00050065  -0.000857546  -0.00187744  0.00241114
8.43727  2.25683e-05  0.000103261  -0.000118869  0.000488005  -0.000837679  -0.00183651  0.00236255
8.45344  2.18221e-05  0.00010021  -0.000115449  0.000475681  -0.000818275  -0.00179648  0.00231496
8.4696  2.11007e-05  9.72491e-05  -0.000112128  0.00046367  -0.000799324  -0.00175732  0.00226834
8.48576  2.04031e-05  9.43759e-05  -0.000108903  0.000451964  -0.000780816  -0.00171903  0.00222267
8.50193  1.97286e-05  9.15879e-05  -0.00010577  0.000440555  -0.000762739  -0.00168157  0.00217794
8.51809  1.90765e-05  8.88825e-05  -0.000102729  0.000429436  -0.000745084  -0.00164493  0.00213412
8.53425  1.84459e-05  8.62572e-05  -9.97743e-05  0.000418599  -0.000727841  -0.0016091  0.0020912
8.55042  1.78362e-05  8.37096e-05  -9.69053e-05  0.000408037  -0.000711  -0.00157405  0.00204915
8.56658  1.72468e-05  8.12375e-05  -9.4119e-05  0.000397744  -0.000694551  -0.00153977  0.00200796
8.58274  1.66768e-05  7.88386e-05  -9.1413e-05  0.000387711  -0.000678486  -0.00150624  0.00196762
8.59891  1.61257e-05  7.65107e-05  -8.87851e-05  0.000377933  -0.000662795  -0.00147344  0.00192809
8.61507  1.55928e-05  7.42517e-05  -8.62329e-05  0.000368403  -0.000647469  -0.00144136  0.00188938
8.63123  1.50775e-05  7.20596e-05  -8.37544e-05  0.000359115  -0.000632501  -0.00140999  0.00185145
8.6474  1.45794e-05  6.99324e-05  -8.13472e-05  0.000350062  -0.000617881  -0.0013793  0.0018143
8.66356  1.40977e-05  6.78682e-05  -7.90094e-05  0.000341238  -0.000603602  -0.00134928  0.0017779
8.67972  1.36319e-05  6.5865e-05  -7.67391e-05  0.000332639  -0.000589655  -0.00131992  0.00174224
8.69589  1.31815e-05  6.39211e-05  -7.45341e-05  0.000324257  -0.000576032  -0.0012912  0.00170731
8.71205  1.27461e-05  6.20348e-05  -7.23927e-05  0.000316087  -0.000562727  -0.00126311  0.00167309
8.72821  1.23251e-05  6.02042e-05  -7.03129e-05  0.000308125  -0.000549731  -0.00123563  0.00163957
8.74438  1.19179e-05  5.84278e-05  -6.82931e-05  0.000300364  -0.000537038  -0.00120876  0.00160673
8.76054  1.15243e-05  5.67039e-05  -6.63315e-05  0.0002928  -0.000524639  -0.00118247  0.00157455
8.7767  1.11437e-05  5.50311e-05  -6.44263e-05  0.000285427  -0.000512529  -0.00115676  0.00154303
8.79287  1.07756e-05  5.34077e-05  -6.25761e-05  0.000278241  -0.000500701  -0.00113161  0.00151215
8.80903  1.04198e-05  5.18323e-05  -6.07791e-05  0.000271237  -0.000489147  -0.00110701  0.0014819
8.82519  1.00757e-05  5.03035e-05  -5.90338e-05  0.00026441  -0.000477862  -0.00108295  0.00145226
8.84136  9.74297e-06  4.882e-05  -5.73388e-05  0.000257756  -0.000466839  -0.00105941  0.00142322
8.85752  9.42126e-06  4.73802e-05  -5.56927e-05  0.000251271  -0.000456072  -0.00103639  0.00139477
8.87368  9.11019e-06  4.59831e-05  -5.40939e-05  0.000244949  -0.000445555  -0.00101387  0.0013669
8.88985  8.8094e-06  4.46272e-05  -5.25411e-05  0.000238787  -0.000435282  -0.00099184  0.0013396
8.90601  8.51856e-06  4.33114e-05  -5.1033e-05  0.000232781  -0.000425248  -0.000970294  0.00131284
8.92217  8.23734e-06  4.20346e-05  -4.95683e-05  0.000226927  -0.000415447  -0.000949218  0.00128663
8.93834  7.96541e-06  4.07954e-05  -4.81458e-05  0.000221221  -0.000405873  -0.000928602  0.00126095
8.9545  7.70247e-06  3.95929e-05  -4.67642e-05  0.000215659  -0.000396521  -0.000908436  0.00123579
8.97066  7.44823e-06  3.84259e-05  -4.54223e-05  0.000210238  -0.000387387  -0.00088871  0.00121114
8.98683  7.20238e-06  3.72934e-05  -4.41191e-05  0.000204954  -0.000378464  -0.000869415  0.00118699
9.00299  6.96467e-06  3.61943e-05  -4.28533e-05  0.000199803  -0.000369748  -0.000850541  0.00116332
9.01915  6.73481e-06  3.51277e-05  -4.1624e-05  0.000194782  -0.000361234  -0.000832079  0.00114014
9.03532  6.51255e-06  3.40926e-05  -4.043e-05  0.000189888  -0.000352917  -0.00081402  0.00111742
9.05148  6.29763e-06  3.30881e-05  -3.92704e-05  0.000185118  -0.000344794  -0.000796354  0.00109516
9.06764  6.08982e-06  3.21133e-05  -3.81441e-05  0.000180468  -0.000336858  -0.000779074  0.00107335
9.08381  5.88887e-06  3.11672e-05  -3.70502e-05  0.000175936  -0.000329107  -0.000762171  0.00105198
9.09997  5.69457e-06  3.02491e-05  -3.59877e-05  0.000171518  -0.000321534  -0.000745636  0.00103104
9.11613  5.50668e-06  2.93581e-05  -3.49558e-05  0.000167211  -0.000314138  -0.000729462  0.00101053
9.1323  5.325e-06  2.84934e-05  -3.39536e-05  0.000163014  -0.000306912  -0.00071364  0.000990426
9.14846  5.14933e-06  2.76543e-05  -3.29801e-05  0.000158922  -0.000299854  -0.000698163  0.00097073
9.16462  4.97945e-06  2.68399e-05  -3.20347e-05  0.000154933  -0.000292959  -0.000683024  0.00095143
9.18079  4.81519e-06  2.60495e-05  -3.11164e-05  0.000151045  -0.000286224  -0.000668214  0.000932519
9.19695  4.65636e-06  2.52825e-05  -3.02245e-05  0.000147255  -0.000279644  -0.000653727  0.000913989
9.21311  4.50277e-06  2.45381e-05  -2.93582e-05  0.000143561  -0.000273217  -0.000639556  0.000895832
9.22928  4.35426e-06  2.38157e-05  -2.85169e-05  0.000139959  -0.000266939  -0.000625694  0.000878041
9.24544  4.21065e-06  2.31146e-05  -2.76997e-05  0.000136449  -0.000260805  -0.000612133  0.000860607
9.2616  4.07178e-06  2.24341e-05  -2.69059e-05  0.000133027  -0.000254814  -0.000598867  0.000843525
9.27777  3.9375e-06  2.17738e-05  -2.6135e-05  0.000129691  -0.000248961  -0.000585891  0.000826785
9.29393  3.80765e-06  2.11329e-05  -2.53862e-05  0.000126439  -0.000243243  -0.000573197  0.000810382
9.31009  3.68209e-06  2.0511e-05  -2.4659e-05  0.000123269  -0.000237657  -0.000560779  0.000794309
9.32626  3.56068e-06  1.99074e-05  -2.39526e-05  0.000120179  -0.000232201  -0.000548632  0.000778558
9.34242  3.44327e-06  1.93216e-05  -2.32665e-05  0.000117167  -0.00022687  -0.000536749  0.000763124
9.35858  3.32975e-06  1.8753e-05  -2.26001e-05  0.000114231  -0.000221663  -0.000525124  0.000747999
9.37475  3.21997e-06  1.82013e-05  -2.19528e-05  0.000111369  -0.000216576  -0.000513752  0.000733178
9.39091  3.11381e-06  1.76658e-05  -2.13241e-05  0.000108578  -0.000211606  -0.000502628  0.000718654
9.40707  3.01116e-06  1.71461e-05  -2.07135e-05  0.000105858  -0.000206751  -0.000491746  0.000704421
9.42324  2.9119e-06  1.66417e-05  -2.01204e-05  0.000103207  -0.000202009  -0.0004811  0.000690474
9.4394  2.81591e-06  1.61522e-05  -1.95443e-05  0.000100622  -0.000197375  -0.000470686  0.000676806
9.45556  2.72309e-06  1.56771e-05  -1.89847e-05  9.81021e-05  -0.000192849  -0.000460499  0.000663412
9.47173  2.63334e-06  1.5216e-05  -1.84412e-05  9.56457e-05  -0.000188427  -0.000450532  0.000650287
9.48789  2.54654e-06  1.47685e-05  -1.79134e-05  9.32511e-05  -0.000184106  -0.000440783  0.000637424
9.50405  2.46262e-06  1.43342e-05  -1.74006e-05  9.09167e-05  -0.000179886  -0.000431245  0.000624818
9.52022  2.38146e-06  1.39127e-05  -1.69026e-05  8.8641e-05  -0.000175763  -0.000421915  0.000612465
9.53638  2.30298e-06  1.35037e-05  -1.64188e-05  8.64225e-05  -0.000171735  -0.000412787  0.000600358
9.55254  2.22709e-06  1.31066e-05  -1.59489e-05  8.42598e-05  -0.0001678  -0.000403858  0.000588494
9.56871  2.1537e-06  1.27213e-05  -1.54925e-05  8.21514e-05  -0.000163955  -0.000395122  0.000576867
9.58487  2.08273e-06  1.23473e-05  -1.50492e-05  8.00961e-05  -0.000160199  -0.000386577  0.000565472
9.60103  2.01411e-06  1.19844e-05  -1.46187e-05  7.80924e-05  -0.00015653  -0.000378217  0.000554305
9.6172  1.94775e-06  1.16321e-05  -1.42004e-05  7.6139e-05  -0.000152945  -0.000370038  0.000543361
9.63336  1.88358e-06  1.12902e-05  -1.37942e-05  7.42348e-05  -0.000149442  -0.000362037  0.000532635
9.64952  1.82152e-06  1.09584e-05  -1.33996e-05  7.23783e-05  -0.000146021  -0.00035421  0.000522123
9.66569  1.76152e-06  1.06364e-05  -1.30163e-05  7.05685e-05  -0.000142678  -0.000346552  0.000511821
9.68185  1.70349e-06  1.03238e-05  -1.2644e-05  6.88042e-05  -0.000139412  -0.000339061  0.000501725
9.69801  1.64738e-06  1.00205e-05  -1.22824e-05  6.70841e-05  -0.000136221  -0.000331732  0.000491829
9.71418  1.59311e-06  9.72604e-06  -1.19311e-05  6.54072e-05  -0.000133103  -0.000324563  0.000482131
9.73034  1.54064e-06  9.44028e-06  -1.15899e-05  6.37724e-05  -0.000130058  -0.000317549  0.000472626
9.7465  1.4899e-06  9.16294e-06  -1.12585e-05  6.21787e-05  -0.000127082  -0.000310687  0.00046331
9.76267  1.44083e-06  8.89376e-06  -1.09366e-05  6.06249e-05  -0.000124175  -0.000303973  0.00045418
9.77883  1.39337e-06  8.6325e-06  -1.06239e-05  5.91102e-05  -0.000121335  -0.000297406  0.000445232
9.79499  1.34749e-06  8.37894e-06  -1.03202e-05  5.76334e-05  -0.00011856  -0.000290981  0.000436461
9.81116  1.30311e-06  8.13284e-06  -1.00251e-05  5.61937e-05  -0.000115848  -0.000284695  0.000427865
9.82732  1.2602e-06  7.89398e-06  -9.73855e-06  5.47901e-05  -0.000113199  -0.000278545  0.00041944
9.84348  1.21871e-06  7.66215e-06  -9.46019e-06  5.34217e-05  -0.000110611  -0.000272529  0.000411183
9.85965  1.17858e-06  7.43714e-06  -9.18979e-06  5.20876e-05  -0.000108083  -0.000266643  0.000403089
9.87581  1.13977e-06  7.21875e-06  -8.92715e-06  5.0787e-05  -0.000105612  -0.000260884  0.000395156
9.89197  1.10225e-06  7.00679e-06  -8.67202e-06  4.95189e-05  -0.000103198  -0.00025525  0.000387381
9.90814  1.06596e-06  6.80106e-06  -8.4242e-06  4.82827e-05  -0.00010084  -0.000249739  0.00037976
9.9243  1.03086e-06  6.60139e-06  -8.18348e-06  4.70774e-05  -9.8536e-05  -0.000244346  0.00037229
9.94046  9.96927e-07  6.40759e-06  -7.94965e-06  4.59023e-05  -9.62847e-05  -0.000239071  0.000364969
9.95663  9.64109e-07  6.21949e-06  -7.72252e-06  4.47567e-05  -9.4085e-05  -0.00023391  0.000357792
9.97279  9.32373e-07  6.03692e-06  -7.50189e-06  4.36398e-05  -9.19359e-05  -0.00022886  0.000350758
9.98895  9.01682e-07  5.85972e-06  -7.28757e-06  4.25508e-05  -8.9836e-05  -0.00022392  0.000343863
10.0051  8.72003e-07  5.68774e-06  -7.07939e-06  4.14892e-05  -8.77844e-05  -0.000219086  0.000337105
10.0213  8.43302e-07  5.52081e-06  -6.87717e-06  4.04541e-05  -8.57797e-05  -0.000214358  0.000330481
10.0374  8.15547e-07  5.35878e-06  -6.68074e-06  3.94449e-05  -8.38211e-05  -0.000209731  0.000323988
10.0536  7.88707e-07  5.20153e-06  -6.48993e-06  3.8461e-05  -8.19073e-05  -0.000205205  0.000317623
10.0698  7.6275e-07  5.04889e-06  -6.30458e-06  3.75017e-05  -8.00375e-05  -0.000200776  0.000311384
10.0859  7.37649e-07  4.90074e-06  -6.12453e-06  3.65664e-05  -7.82105e-05  -0.000196443  0.000305269
10.1021  7.13375e-07  4.75695e-06  -5.94963e-06  3.56546e-05  -7.64253e-05  -0.000192204  0.000299274
10.1183  6.899e-07  4.61738e-06  -5.77974e-06  3.47655e-05  -7.46811e-05  -0.000188057  0.000293398
10.1344  6.67199e-07  4.48192e-06  -5.61471e-06  3.38987e-05  -7.29768e-05  -0.000183999  0.000287638
10.1506  6.45246e-07  4.35044e-06  -5.4544e-06  3.30536e-05  -7.13115e-05  -0.000180029  0.000281991
10.1668  6.24016e-07  4.22282e-06  -5.29868e-06  3.22296e-05  -6.96844e-05  -0.000176145  0.000276456
10.1829  6.03485e-07  4.09895e-06  -5.14741e-06  3.14262e-05  -6.80945e-05  -0.000172344  0.000271031
10.1991  5.8363e-07  3.97872e-06  -5.00046e-06  3.06429e-05  -6.6541e-05  -0.000168626  0.000265712
10.2152  5.64429e-07  3.86202e-06  -4.85772e-06  2.98792e-05  -6.50231e-05  -0.000164988  0.000260498
10.2314  5.45861e-07  3.74875e-06  -4.71906e-06  2.91346e-05  -6.35399e-05  -0.000161429  0.000255387
10.2476  5.27904e-07  3.63881e-06  -4.58436e-06  2.84085e-05  -6.20906e-05  -0.000157946  0.000250377
10.2637  5.10538e-07  3.5321e-06  -4.45352e-06  2.77007e-05  -6.06744e-05  -0.000154539  0.000245465
10.2799  4.93744e-07  3.42852e-06  -4.32642e-06  2.70105e-05  -5.92907e-05  -0.000151205  0.00024065
10.2961  4.77503e-07  3.32799e-06  -4.20295e-06  2.63375e-05  -5.79386e-05  -0.000147943  0.00023593
10.3122  4.61797e-07  3.2304e-06  -4.083e-06  2.56814e-05  -5.66174e-05  -0.000144751  0.000231302
10.3284  4.46608e-07  3.13569e-06  -3.96649e-06  2.50416e-05  -5.53264e-05  -0.000141629  0.000226765
10.3445  4.3192e-07  3.04375e-06  -3.85331e-06  2.44179e-05  -5.40649e-05  -0.000138573  0.000222318
10.3607  4.17714e-07  2.95452e-06  -3.74336e-06  2.38097e-05  -5.28322e-05  -0.000135584  0.000217958
10.3769  4.03977e-07  2.8679e-06  -3.63655e-06  2.32166e-05  -5.16276e-05  -0.000132658  0.000213684
10.393  3.90691e-07  2.78383e-06  -3.5328e-06  2.26384e-05  -5.04506e-05  -0.000129796  0.000209493
10.4092  3.77843e-07  2.70222e-06  -3.43201e-06  2.20746e-05  -4.93004e-05  -0.000126996  0.000205385
10.4254  3.65418e-07  2.62301e-06  -3.3341e-06  2.15249e-05  -4.81765e-05  -0.000124256  0.000201357
10.4415  3.53402e-07  2.54612e-06  -3.23898e-06  2.09889e-05  -4.70783e-05  -0.000121575  0.000197408
10.4577  3.41781e-07  2.4715e-06  -3.14659e-06  2.04663e-05  -4.6005e-05  -0.000118951  0.000193536
10.4739  3.30543e-07  2.39906e-06  -3.05683e-06  1.99566e-05  -4.49563e-05  -0.000116385  0.000189741
10.49  3.19675e-07  2.32874e-06  -2.96963e-06  1.94597e-05  -4.39315e-05  -0.000113873  0.000186019
10.5062  3.09164e-07  2.26049e-06  -2.88493e-06  1.89752e-05  -4.293e-05  -0.000111415  0.000182371
10.5223  2.98999e-07  2.19425e-06  -2.80264e-06  1.85028e-05  -4.19514e-05  -0.000109011  0.000178793
10.5385  2.89169e-07  2.12994e-06  -2.7227e-06  1.80421e-05  -4.0995e-05  -0.000106658  0.000175286
10.5547  2.79662e-07  2.06752e-06  -2.64505e-06  1.75929e-05  -4.00605e-05  -0.000104355  0.000171847
10.5708  2.70467e-07  2.00694e-06  -2.56961e-06  1.71549e-05  -3.91472e-05  -0.000102102  0.000168475
10.587  2.61576e-07  1.94813e-06  -2.49633e-06  1.67279e-05  -3.82547e-05  -9.98975e-05  0.000165169
10.6032  2.52977e-07  1.89104e-06  -2.42513e-06  1.63114e-05  -3.73826e-05  -9.77403e-05  0.000161927
10.6193  2.4466e-07  1.83563e-06  -2.35597e-06  1.59053e-05  -3.65302e-05  -9.56294e-05  0.000158749
10.6355  2.36618e-07  1.78184e-06  -2.28878e-06  1.55093e-05  -3.56973e-05  -9.35638e-05  0.000155632
10.6517  2.2884e-07  1.72963e-06  -2.22351e-06  1.51232e-05  -3.48833e-05  -9.15425e-05  0.000152576
10.6678  2.21317e-07  1.67895e-06  -2.1601e-06  1.47467e-05  -3.40878e-05  -8.95646e-05  0.00014958
10.684  2.14042e-07  1.62976e-06  -2.0985e-06  1.43795e-05  -3.33104e-05  -8.76291e-05  0.000146642
10.7001  2.07007e-07  1.58201e-06  -2.03866e-06  1.40215e-05  -3.25506e-05  -8.57351e-05  0.00014376
10.7163  2.00203e-07  1.53566e-06  -1.98052e-06  1.36724e-05  -3.18082e-05  -8.38817e-05  0.000140935
10.7325  1.93622e-07  1.49066e-06  -1.92404e-06  1.3332e-05  -3.10825e-05  -8.2068e-05  0.000138165
10.7486  1.87258e-07  1.44699e-06  -1.86917e-06  1.3e-05  -3.03733e-05  -8.02931e-05  0.000135448
10.7648  1.81103e-07  1.40459e-06  -1.81586e-06  1.26762e-05  -2.96803e-05  -7.85562e-05  0.000132784
10.781  1.75151e-07  1.36344e-06  -1.76408e-06  1.23606e-05  -2.90029e-05  -7.68564e-05  0.000130171
10.7971  1.69394e-07  1.32349e-06  -1.71377e-06  1.20527e-05  -2.83409e-05  -7.5193e-05  0.000127609
10.8133  1.63826e-07  1.28471e-06  -1.66489e-06  1.17525e-05  -2.76939e-05  -7.35652e-05  0.000125097
10.8294  1.58442e-07  1.24707e-06  -1.61741e-06  1.14597e-05  -2.70615e-05  -7.19721e-05  0.000122633
10.8456  1.53234e-07  1.21053e-06  -1.57128e-06  1.11742e-05  -2.64435e-05  -7.04131e-05  0.000120216
10.8618  1.48198e-07  1.17505e-06  -1.52646e-06  1.08958e-05  -2.58394e-05  -6.88873e-05  0.000117846
10.8779  1.43327e-07  1.14062e-06  -1.48292e-06  1.06243e-05  -2.52491e-05  -6.73941e-05  0.000115522
10.8941  1.38616e-07  1.1072e-06  -1.44062e-06  1.03595e-05  -2.4672e-05  -6.59327e-05  0.000113243
10.9103  1.3406e-07  1.07475e-06  -1.39953e-06  1.01013e-05  -2.4108e-05  -6.45025e-05  0.000111007
10.9264  1.29654e-07  1.04325e-06  -1.3596e-06  9.8495e-06  -2.35568e-05  -6.31028e-05  0.000108814
10.9426  1.25392e-07  1.01268e-06  -1.32081e-06  9.60392e-06  -2.3018e-05  -6.17328e-05  0.000106664
10.9588  1.21271e-07  9.82995e-07  -1.28312e-06  9.36441e-06  -2.24913e-05  -6.0392e-05  0.000104554
10.9749  1.17284e-07  9.54181e-07  -1.24651e-06  9.13083e-06  -2.19765e-05  -5.90796e-05  0.000102485
10.9911  1.13429e-07  9.2621e-07  -1.21094e-06  8.90303e-06  -2.14734e-05  -5.77952e-05  0.000100456
11.0072  1.09701e-07  8.99057e-07  -1.17638e-06  8.68086e-06  -2.09815e-05  -5.6538e-05  9.8465e-05
11.0234  1.06094e-07  8.72698e-07  -1.1428e-06  8.46418e-06  -2.05008e-05  -5.53075e-05  9.65124e-05
11.0396  1.02607e-07  8.47108e-07  -1.11018e-06  8.25286e-06  -2.00308e-05  -5.41031e-05  9.45969e-05
11.0557  9.92334e-08  8.22267e-07  -1.07848e-06  8.04675e-06  -1.95714e-05  -5.29242e-05  9.27179e-05
11.0719  9.59709e-08  7.98151e-07  -1.04768e-06  7.84573e-06  -1.91224e-05  -5.17703e-05  9.08747e-05
11.0881  9.28154e-08  7.74739e-07  -1.01776e-06  7.64967e-06  -1.86834e-05  -5.06407e-05  8.90665e-05
11.1042  8.97636e-08  7.52011e-07  -9.88691e-07  7.45844e-06  -1.82543e-05  -4.95351e-05  8.72926e-05
11.1204  8.68119e-08  7.29947e-07  -9.60445e-07  7.27192e-06  -1.78348e-05  -4.84528e-05  8.55522e-05
11.1366  8.3957e-08  7.08526e-07  -9.33e-07  7.09e-06  -1.74247e-05  -4.73933e-05  8.38448e-05
11.1527  8.11958e-08  6.87731e-07  -9.06334e-07  6.91255e-06  -1.70237e-05  -4.63561e-05  8.21697e-05
11.1689  7.85251e-08  6.67541e-07  -8.80425e-07  6.73947e-06  -1.66318e-05  -4.53408e-05  8.05261e-05
11.185  7.59421e-08  6.47941e-07  -8.5525e-07  6.57065e-06  -1.62485e-05  -4.43468e-05  7.89135e-05
11.2012  7.34437e-08  6.28912e-07  -8.30789e-07  6.40597e-06  -1.58739e-05  -4.33737e-05  7.73312e-05
11.2174  7.10273e-08  6.10437e-07  -8.07021e-07  6.24534e-06  -1.55076e-05  -4.24211e-05  7.57786e-05
11.2335  6.869e-08  5.92501e-07  -7.83926e-07  6.08864e-06  -1.51494e-05  -4.14884e-05  7.42551e-05
11.2497  6.64294e-08  5.75087e-07  -7.61484e-07  5.93579e-06  -1.47993e-05  -4.05752e-05  7.27601e-05
11.2659  6.42428e-08  5.5818e-07  -7.39678e-07  5.78668e-06  -1.44569e-05  -3.96811e-05  7.1293e-05
11.282  6.21279e-08  5.41764e-07  -7.18489e-07  5.64122e-06  -1.41221e-05  -3.88057e-05  6.98532e-05
11.2982  6.00822e-08  5.25827e-07  -6.97898e-07  5.49932e-06  -1.37947e-05  -3.79485e-05  6.84402e-05
11.3143  5.81035e-08  5.10352e-07  -6.7789e-07  5.36089e-06  -1.34746e-05  -3.71092e-05  6.70534e-05
11.3305  5.61895e-08  4.95327e-07  -6.58447e-07  5.22583e-06  -1.31616e-05  -3.62874e-05  6.56923e-05
11.3467  5.43382e-08  4.80739e-07  -6.39552e-07  5.09407e-06  -1.28555e-05  -3.54826e-05  6.43564e-05
11.3628  5.25475e-08  4.66574e-07  -6.2119e-07  4.96551e-06  -1.25561e-05  -3.46944e-05  6.3045e-05
11.379  5.08153e-08  4.5282e-07  -6.03346e-07  4.84009e-06  -1.22634e-05  -3.39226e-05  6.17578e-05
11.3952  4.91398e-08  4.39465e-07  -5.86005e-07  4.71771e-06  -1.1977e-05  -3.31668e-05  6.04942e-05
11.4113  4.7519e-08  4.26496e-07  -5.69152e-07  4.59831e-06  -1.1697e-05  -3.24265e-05  5.92538e-05
11.4275  4.59511e-08  4.13904e-07  -5.52773e-07  4.4818e-06  -1.14231e-05  -3.17014e-05  5.80359e-05
11.4437  4.44345e-08  4.01676e-07  -5.36855e-07  4.36811e-06  -1.11552e-05  -3.09912e-05  5.68403e-05
11.4598  4.29673e-08  3.89801e-07  -5.21384e-07  4.25717e-06  -1.08931e-05  -3.02956e-05  5.56663e-05
11.476  4.1548e-08  3.7827e-07  -5.06347e-07  4.14891e-06  -1.06368e-05  -2.96142e-05  5.45136e-05
11.4921  4.0175e-08  3.67071e-07  -4.91731e-07  4.04326e-06  -1.0386e-05  -2.89468e-05  5.33817e-05
11.5083  3.88468e-08  3.56196e-07  -4.77526e-07  3.94015e-06  -1.01407e-05  -2.82929e-05  5.22701e-05
11.5245  3.75618e-08  3.45634e-07  -4.63717e-07  3.83953e-06  -9.90069e-06  -2.76523e-05  5.11785e-05
11.5406  3.63187e-08  3.35376e-07  -4.50295e-07  3.74131e-06  -9.66588e-06  -2.70246e-05  5.01063e-05
11.5568  3.5116e-08  3.25413e-07  -4.37247e-07  3.64545e-06  -9.43613e-06  -2.64097e-05  4.90533e-05
11.573  3.39524e-08  3.15737e-07  -4.24564e-07  3.55188e-06  -9.21132e-06  -2.58071e-05  4.80189e-05
11.5891  3.28266e-08  3.06338e-07  -4.12234e-07  3.46055e-06  -8.99134e-06  -2.52166e-05  4.70029e-05
11.6053  3.17374e-08  2.97209e-07  -4.00246e-07  3.37138e-06  -8.77606e-06  -2.4638e-05  4.60047e-05
11.6215  3.06835e-08  2.88341e-07  -3.88592e-07  3.28434e-06  -8.56538e-06  -2.40709e-05  4.5024e-05
11.6376  2.96638e-08  2.79727e-07  -3.77261e-07  3.19936e-06  -8.35918e-06  -2.35151e-05  4.40604e-05
11.6538  2.86771e-08  2.71359e-07  -3.66244e-07  3.11639e-06  -8.15736e-06  -2.29703e-05  4.31135e-05
11.6699  2.77223e-08  2.63229e-07  -3.55532e-07  3.03538e-06  -7.95981e-06  -2.24363e-05  4.21831e-05
11.6861  2.67983e-08  2.55331e-07  -3.45115e-07  2.95627e-06  -7.76642e-06  -2.19128e-05  4.12687e-05
11.7023  2.59042e-08  2.47657e-07  -3.34986e-07  2.87902e-06  -7.57709e-06  -2.13995e-05  4.03699e-05
11.7184  2.5039e-08  2.40201e-07  -3.25134e-07  2.80358e-06  -7.39172e-06  -2.08963e-05  3.94865e-05
11.7346  2.42016e-08  2.32956e-07  -3.15554e-07  2.72989e-06  -7.21022e-06  -2.04029e-05  3.8618e-05
11.7508  2.33911e-08  2.25916e-07  -3.06235e-07  2.65792e-06  -7.03249e-06  -1.9919e-05  3.77642e-05
11.7669  2.26066e-08  2.19075e-07  -2.97171e-07  2.58762e-06  -6.85843e-06  -1.94444e-05  3.69247e-05
11.7831  2.18474e-08  2.12426e-07  -2.88355e-07  2.51894e-06  -6.68796e-06  -1.8979e-05  3.60992e-05
11.7992  2.11124e-08  2.05963e-07  -2.79777e-07  2.45184e-06  -6.52097e-06  -1.85224e-05  3.52874e-05
11.8154  2.04009e-08  1.99682e-07  -2.71433e-07  2.38627e-06  -6.3574e-06  -1.80745e-05  3.44889e-05
11.8316  1.97121e-08  1.93575e-07  -2.63314e-07  2.32221e-06  -6.19714e-06  -1.76351e-05  3.37035e-05
11.8477  1.90452e-08  1.87639e-07  -2.55413e-07  2.25959e-06  -6.04012e-06  -1.72039e-05  3.29309e-05
11.8639  1.83995e-08  1.81868e-07  -2.47725e-07  2.1984e-06  -5.88626e-06  -1.67808e-05  3.21707e-05
11.8801  1.77743e-08  1.76257e-07  -2.40243e-07  2.13858e-06  -5.73546e-06  -1.63655e-05  3.14227e-05
11.8962  1.71688e-08  1.708e-07  -2.3296e-07  2.08011e-06  -5.58766e-06  -1.59579e-05  3.06865e-05
11.9124  1.65825e-08  1.65493e-07  -2.25871e-07  2.02293e-06  -5.44277e-06  -1.55577e-05  2.9962e-05
11.9286  1.60146e-08  1.60332e-07  -2.18969e-07  1.96703e-06  -5.30072e-06  -1.51648e-05  2.92488e-05
11.9447  1.54645e-08  1.55311e-07  -2.1225e-07  1.91235e-06  -5.16144e-06  -1.4779e-05  2.85466e-05
11.9609  1.49315e-08  1.50427e-07  -2.05706e-07  1.85887e-06  -5.02484e-06  -1.44001e-05  2.78552e-05
11.977  1.44152e-08  1.45674e-07  -1.99333e-07  1.80656e-06  -4.89087e-06  -1.40279e-05  2.71743e-05
11.9932  1.39149e-08  1.4105e-07  -1.93126e-07  1.75538e-06  -4.75944e-06  -1.36622e-05  2.65037e-05
12.0094  1.34301e-08  1.36549e-07  -1.87079e-07  1.70529e-06  -4.6305e-06  -1.3303e-05  2.58431e-05
12.0255  1.29602e-08  1.32168e-07  -1.81187e-07  1.65628e-06  -4.50396e-06  -1.295e-05  2.51922e-05
12.0417  1.25048e-08  1.27903e-07  -1.75446e-07  1.6083e-06  -4.37978e-06  -1.2603e-05  2.45508e-05
12.0579  1.20632e-08  1.23751e-07  -1.6985e-07  1.56132e-06  -4.25787e-06  -1.22619e-05  2.39186e-05
12.074  1.1635e-08  1.19706e-07  -1.64396e-07  1.51532e-06  -4.13818e-06  -1.19265e-05  2.32955e-05
12.0902  1.12198e-08  1.15767e-07  -1.59077e-07  1.47027e-06  -4.02065e-06  -1.15967e-05  2.26811e-05
12.1064  1.0817e-08  1.1193e-07  -1.53891e-07  1.42614e-06  -3.9052e-06  -1.12723e-05  2.20753e-05
12.1225  1.04262e-08  1.0819e-07  -1.48832e-07  1.38291e-06  -3.79179e-06  -1.09532e-05  2.14778e-05
12.1387  1.00471e-08  1.04546e-07  -1.43897e-07  1.34053e-06  -3.68036e-06  -1.06392e-05  2.08883e-05
12.1548  9.67907e-09  1.00993e-07  -1.39081e-07  1.29899e-06  -3.57083e-06  -1.03301e-05  2.03068e-05
12.171  9.32182e-09  9.75288e-08  -1.3438e-07  1.25827e-06  -3.46317e-06  -1.00259e-05  1.97328e-05
12.1872  8.97493e-09  9.41501e-08  -1.29791e-07  1.21833e-06  -3.3573e-06  -9.72633e-06  1.91663e-05
12.2033  8.63801e-09  9.08538e-08  -1.2531e-07  1.17915e-06  -3.25318e-06  -9.4313e-06  1.86069e-05
12.2195  8.31068e-09  8.76373e-08  -1.20932e-07  1.14071e-06  -3.15076e-06  -9.14067e-06  1.80546e-05
12.2357  7.99259e-09  8.44975e-08  -1.16655e-07  1.10298e-06  -3.04996e-06  -8.8543e-06  1.7509e-05
12.2518  7.68337e-09  8.14318e-08  -1.12474e-07  1.06594e-06  -2.95076e-06  -8.57206e-06  1.697e-05
12.268  7.38269e-09  7.84374e-08  -1.08387e-07  1.02957e-06  -2.85309e-06  -8.29381e-06  1.64373e-05
12.2841  7.0902e-09  7.55118e-08  -1.04389e-07  9.93839e-07  -2.75689e-06  -8.01943e-06  1.59109e-05
12.3003  6.8056e-09  7.26524e-08  -1.00478e-07  9.58727e-07  -2.66214e-06  -7.74879e-06  1.53904e-05
12.3165  6.52854e-09  6.98566e-08  -9.66501e-08  9.24215e-07  -2.56876e-06  -7.48175e-06  1.48756e-05
12.3326  6.25874e-09  6.71221e-08  -9.29024e-08  8.90278e-07  -2.47671e-06  -7.2182e-06  1.43664e-05
12.3488  5.99589e-09  6.44463e-08  -8.92317e-08  8.56898e-07  -2.38596e-06  -6.95801e-06  1.38627e-05
12.365  5.73969e-09  6.18269e-08  -8.56348e-08  8.24051e-07  -2.29644e-06  -6.70106e-06  1.33641e-05
12.3811  5.48987e-09  5.92618e-08  -8.21089e-08  7.91719e-07  -2.20811e-06  -6.44723e-06  1.28705e-05
12.3973  5.24614e-09  5.67485e-08  -7.8651e-08  7.59881e-07  -2.12093e-06  -6.1964e-06  1.23817e-05
12.4135  5.00823e-09  5.42849e-08  -7.52583e-08  7.28516e-07  -2.03484e-06  -5.94846e-06  1.18975e-05
12.4296  4.77589e-09  5.18689e-08  -7.19279e-08  6.97605e-07  -1.94981e-06  -5.70328e-06  1.14178e-05
12.4458  4.54884e-09  4.94982e-08  -6.8657e-08  6.6713e-07  -1.8658e-06  -5.46076e-06  1.09424e-05
12.4619  4.32684e-09  4.71709e-08  -6.5443e-08  6.3707e-07  -1.78275e-06  -5.22078e-06  1.0471e-05
12.4781  4.10965e-09  4.48849e-08  -6.22832e-08  6.07407e-07  -1.70062e-06  -4.98323e-06  1.00036e-05
12.4943  3.89702e-09  4.26382e-08  -5.91749e-08  5.78122e-07  -1.61938e-06  -4.74799e-06  9.53992e-06
12.5104  3.68871e-09  4.04288e-08  -5.61156e-08  5.49198e-07  -1.53897e-06  -4.51497e-06  9.07979e-06
12.5266  3.48449e-09  3.82548e-08  -5.31028e-08  5.20615e-07  -1.45937e-06  -4.28404e-06  8.62304e-06
12.5428  3.28414e-09  3.61143e-08  -5.01339e-08  4.92357e-07  -1.38051e-06  -4.0551e-06  8.16951e-06
12.5589  3.08744e-09  3.40053e-08  -4.72065e-08  4.64406e-07  -1.30238e-06  -3.82805e-06  7.71903e-06
12.5751  2.89416e-09  3.19262e-08  -4.43181e-08  4.36743e-07  -1.22491e-06  -3.60278e-06  7.27143e-06
12.5913  2.70409e-09  2.98749e-08  -4.14665e-08  4.09353e-07  -1.14809e-06  -3.37918e-06  6.82653e-06
12.6074  2.51702e-09  2.78498e-08  -3.86491e-08  3.82217e-07  -1.07185e-06  -3.15715e-06  6.38418e-06
12.6236  2.33274e-09  2.58491e-08  -3.58637e-08  3.55319e-07  -9.96171e-07  -2.93659e-06  5.94421e-06
12.6397  2.15105e-09  2.38709e-08  -3.3108e-08  3.28642e-07  -9.21007e-07  -2.7174e-06  5.50645e-06
12.6559  1.97175e-09  2.19137e-08  -3.03796e-08  3.0217e-07  -8.46319e-07  -2.49946e-06  5.07074e-06
12.6721  1.79463e-09  1.99756e-08  -2.76764e-08  2.75886e-07  -7.72068e-07  -2.28269e-06  4.63692e-06
12.6882  1.6195e-09  1.80549e-08  -2.49961e-08  2.49773e-07  -6.98217e-07  -2.06697e-06  4.20482e-06
12.7044  1.44617e-09  1.61501e-08  -2.23364e-08  2.23815e-07  -6.24727e-07  -1.85222e-06  3.77429e-06
12.7206  1.27444e-09  1.42594e-08  -1.96952e-08  1.97997e-07  -5.51559e-07  -1.63832e-06  3.34516e-06
12.7367  1.10412e-09  1.23811e-08  -1.70703e-08  1.72302e-07  -4.78677e-07  -1.42519e-06  2.91727e-06
12.7529  9.35033e-10  1.05137e-08  -1.44595e-08  1.46713e-07  -4.06042e-07  -1.21271e-06  2.49047e-06
12.769  7.66978e-10  8.65542e-09  -1.18606e-08  1.21216e-07  -3.33616e-07  -1.0008e-06  2.06459e-06
12.7852  5.99774e-10  6.80473e-09  -9.27157e-09  9.57945e-08  -2.61363e-07  -7.89352e-07  1.63948e-06
12.8014  4.33234e-10  4.95999e-09  -6.69017e-09  7.04323e-08  -1.89245e-07  -5.7827e-07  1.21497e-06
12.8175  2.67174e-10  3.11958e-09  -4.1143e-09  4.51137e-08  -1.17224e-07  -3.67457e-07  7.90918e-07
12.8337  1.0141e-10  1.28189e-09  -1.54182e-09  1.98232e-08  -4.52642e-08  -1.56813e-07  3.67157e-07
12.8499  -6.4242e-11  -5.54679e-10  1.02939e-09  -5.45514e-09  2.66727e-08  5.37583e-08  -5.64692e-08
12.866  -2.29965e-10  -2.39174e-09  3.60145e-09  -3.07369e-08  9.86235e-08  2.64355e-07  -4.80117e-07
12.8822  -3.95944e-10  -4.23089e-09  6.1765e-09  -5.60377e-08  1.70625e-07  4.75074e-07  -9.03943e-07
12.8984  -5.62362e-10  -6.07374e-09  8.75665e-09  -8.13734e-08  2.42715e-07  6.86015e-07  -1.32811e-06
12.9145  -7.29403e-10  -7.9219e-09  1.1344e-08  -1.0676e-07  3.14931e-07  8.97273e-07  -1.75276e-06
12.9307  -8.97253e-10  -9.77698e-09  1.39408e-08  -1.32212e-07  3.87309e-07  1.10895e-06  -2.17807e-06
