8e-06  -3.364e-11  -3.96692e-14  -1.02173e-06  -7.27963e-17  -1.66413e-09  -5.11319e-11  -1.64927e-19
0.0161713  -3.00086e-06  -3.95669e-08  -0.00206527  -3.47184e-10  -2.35086e-05  -1.96644e-05  -2.4394e-12
0.0323347  -1.19995e-05  -2.65813e-07  -0.00412892  -4.01379e-09  -9.26712e-05  -7.86123e-05  -4.88447e-11
0.048498  -2.70018e-05  -8.84449e-07  -0.00619138  -1.95134e-08  -0.000208117  -0.000176818  -3.40123e-10
0.0646614  -4.80172e-05  -2.09093e-06  -0.00825205  -6.11872e-08  -0.000369712  -0.000314237  -1.40712e-09
0.0808247  -7.50592e-05  -4.08104e-06  -0.0103103  -1.49031e-07  -0.000577338  -0.000490813  -4.26944e-09
0.0969881  -0.000108145  -7.05093e-06  -0.0123656  -3.08748e-07  -0.000830864  -0.000706466  -1.05989e-08
0.113151  -0.000147295  -1.11971e-05  -0.0144173  -5.71752e-07  -0.00113014  -0.000961104  -2.28821e-08
0.129315  -0.000192535  -1.67166e-05  -0.0164649  -9.75169e-07  -0.00147499  -0.00125462  -4.45826e-08
0.145478  -0.000243892  -2.38065e-05  -0.0185076  -1.56183e-06  -0.0018652  -0.00158687  -8.03032e-08
0.161641  -0.000301398  -3.26649e-05  -0.020545  -2.38029e-06  -0.00230056  -0.00195772  -1.35947e-07
0.177805  -0.000365088  -4.34899e-05  -0.0225763  -3.48478e-06  -0.0027808  -0.00236701  -2.18878e-07
0.193968  -0.000435  -5.64804e-05  -0.0246011  -4.93527e-06  -0.00330565  -0.00281455  -3.38082e-07
0.210131  -0.000511176  -7.18358e-05  -0.0266187  -6.79741e-06  -0.00387479  -0.00330015  -5.04327e-07
0.226295  -0.00059366  -8.97562e-05  -0.0286285  -9.14255e-06  -0.00448789  -0.00382357  -7.3032e-07
0.242458  -0.0006825  -0.000110442  -0.0306299  -1.20477e-05  -0.00514459  -0.0043846  -1.03087e-06
0.258622  -0.000777746  -0.000134095  -0.0326223  -1.55957e-05  -0.0058445  -0.00498297  -1.42303e-06
0.274785  -0.000879451  -0.000160917  -0.0346051  -1.98748e-05  -0.00658721  -0.00561841  -1.92627e-06
0.290948  -0.000987671  -0.00019111  -0.0365776  -2.49792e-05  -0.00737226  -0.00629062  -2.56264e-06
0.307112  -0.00110246  -0.000224878  -0.0385394  -3.10084e-05  -0.00819921  -0.0069993  -3.35688e-06
0.323275  -0.00122389  -0.000262425  -0.0404897  -3.8068e-05  -0.00906754  -0.00774411  -4.33661e-06
0.339438  -0.00135201  -0.000303955  -0.0424279  -4.62687e-05  -0.00997674  -0.0085247  -5.53249e-06
0.355602  -0.00148688  -0.000349674  -0.0443535  -5.57271e-05  -0.0109263  -0.0093407  -6.9783e-06
0.371765  -0.00162858  -0.000399786  -0.0462658  -6.65653e-05  -0.0119156  -0.0101917  -8.71119e-06
0.387928  -0.00177717  -0.000454499  -0.0481642  -7.89109e-05  -0.012944  -0.0110773  -1.07717e-05
0.404092  -0.00193271  -0.000514019  -0.0500481  -9.2897e-05  -0.0140109  -0.0119971  -1.3204e-05
0.420255  -0.00209528  -0.000578554  -0.0519169  -0.000108662  -0.0151158  -0.0129506  -1.60561e-05
0.436418  -0.00226494  -0.000648309  -0.05377  -0.00012635  -0.0162578  -0.0139374  -1.93796e-05
0.452582  -0.00244177  -0.000723495  -0.0556067  -0.000146111  -0.0174364  -0.0149569  -2.32303e-05
0.468745  -0.00262584  -0.000804317  -0.0574265  -0.000168098  -0.0186507  -0.0160087  -2.76682e-05
0.484908  -0.00281721  -0.000890985  -0.0592287  -0.000192472  -0.0199001  -0.0170921  -3.27574e-05
0.501072  -0.00301596  -0.000983706  -0.0610126  -0.000219397  -0.0211837  -0.0182067  -3.85663e-05
0.517235  -0.00322215  -0.00108269  -0.0627778  -0.000249045  -0.0225008  -0.0193518  -4.51681e-05
0.533398  -0.00343586  -0.00118814  -0.0645236  -0.000281589  -0.0238505  -0.0205268  -5.26403e-05
0.549562  -0.00365715  -0.00130027  -0.0662493  -0.00031721  -0.0252319  -0.0217312  -6.10652e-05
0.565725  -0.0038861  -0.00141928  -0.0679543  -0.000356093  -0.0266443  -0.0229642  -7.05299e-05
0.581888  -0.00412276  -0.00154537  -0.0696381  -0.000398427  -0.0280867  -0.0242253  -8.11264e-05
0.598052  -0.0043672  -0.00167877  -0.0713001  -0.000444407  -0.0295582  -0.0255136  -9.29519e-05
0.614215  -0.00461949  -0.00181966  -0.0729395  -0.000494231  -0.0310579  -0.0268286  -0.000106108
0.630378  -0.00487969  -0.00196825  -0.0745559  -0.000548103  -0.0325848  -0.0281693  -0.000120703
0.646542  -0.00514786  -0.00212474  -0.0761486  -0.00060623  -0.0341379  -0.0295352  -0.000136848
0.662705  -0.00542404  -0.00228934  -0.077717  -0.000668823  -0.0357162  -0.0309253  -0.000154661
0.678868  -0.00570831  -0.00246225  -0.0792606  -0.000736098  -0.0373187  -0.032339  -0.000174267
0.695032  -0.0060007  -0.00264365  -0.0807786  -0.000808273  -0.0389443  -0.0337753  -0.000195792
0.711195  -0.00630128  -0.00283375  -0.0822706  -0.000885573  -0.040592  -0.0352334  -0.000219371
0.727358  -0.00661007  -0.00303273  -0.083736  -0.000968224  -0.0422607  -0.0367125  -0.000245144
0.743522  -0.00692713  -0.00324079  -0.0851742  -0.00105645  -0.0439493  -0.0382116  -0.000273255
0.759685  -0.0072525  -0.00345812  -0.0865845  -0.0011505  -0.0456566  -0.0397299  -0.000303855
0.775849  -0.0075862  -0.0036849  -0.0879665  -0.00125059  -0.0473816  -0.0412664  -0.000337099
0.792012  -0.00792828  -0.00392131  -0.0893196  -0.00135697  -0.0491231  -0.0428201  -0.000373151
0.808175  -0.00827876  -0.00416753  -0.0906432  -0.00146988  -0.0508798  -0.0443901  -0.000412176
0.824339  -0.00863765  -0.00442374  -0.0919368  -0.00158956  -0.0526506  -0.0459754  -0.000454347
0.840502  -0.00900499  -0.00469011  -0.0931999  -0.00171626  -0.0544344  -0.0475749  -0.000499843
0.856665  -0.00938079  -0.00496681  -0.0944318  -0.00185023  -0.0562298  -0.0491876  -0.000548846
0.872829  -0.00976505  -0.00525399  -0.0956321  -0.0019917  -0.0580357  -0.0508126  -0.000601546
0.888992  -0.0101578  -0.00555183  -0.0968002  -0.00214095  -0.0598509  -0.0524486  -0.000658138
0.905155  -0.010559  -0.00586047  -0.0979358  -0.00229821  -0.0616739  -0.0540947  -0.000718821
0.921319  -0.0109687  -0.00618007  -0.0990381  -0.00246373  -0.0635037  -0.0557496  -0.0007838
0.937482  -0.0113868  -0.00651077  -0.100107  -0.00263778  -0.0653388  -0.0574124  -0.000853285
0.953645  -0.0118134  -0.00685272  -0.101142  -0.00282061  -0.0671781  -0.0590819  -0.000927491
0.969809  -0.0122485  -0.00720604  -0.102142  -0.00301247  -0.0690203  -0.0607568  -0.00100664
0.985972  -0.0126919  -0.00757087  -0.103107  -0.00321361  -0.0708639  -0.0624361  -0.00109095
1.00214  -0.0131438  -0.00794734  -0.104036  -0.00342429  -0.0727078  -0.0641186  -0.00118066
1.0183  -0.013604  -0.00833557  -0.10493  -0.00364476  -0.0745506  -0.0658031  -0.00127601
1.03446  -0.0140725  -0.00873566  -0.105787  -0.00387527  -0.0763909  -0.0674884  -0.00137722
1.05063  -0.0145492  -0.00914772  -0.106608  -0.00411607  -0.0782275  -0.0691733  -0.00148454
1.06679  -0.0150343  -0.00957187  -0.107391  -0.00436742  -0.080059  -0.0708566  -0.00159823
1.08295  -0.0155274  -0.0100082  -0.108137  -0.00462956  -0.0818841  -0.0725371  -0.00171852
1.09912  -0.0160287  -0.0104568  -0.108845  -0.00490274  -0.0837015  -0.0742134  -0.00184569
1.11528  -0.0165381  -0.0109177  -0.109515  -0.00518719  -0.0855098  -0.0758845  -0.00197998
1.13144  -0.0170555  -0.011391  -0.110146  -0.00548317  -0.0873077  -0.077549  -0.00212166
1.14761  -0.0175807  -0.0118769  -0.110738  -0.00579091  -0.0890938  -0.0792057  -0.002271
1.16377  -0.0181139  -0.0123753  -0.111292  -0.00611064  -0.0908669  -0.0808534  -0.00242826
1.17993  -0.0186548  -0.0128862  -0.111805  -0.0064426  -0.0926256  -0.0824908  -0.00259372
1.1961  -0.0192033  -0.0134099  -0.112279  -0.00678702  -0.0943686  -0.0841166  -0.00276765
1.21226  -0.0197595  -0.0139462  -0.112713  -0.00714412  -0.0960945  -0.0857296  -0.00295032
1.22842  -0.0203231  -0.0144953  -0.113106  -0.00751412  -0.0978021  -0.0873286  -0.00314203
1.24459  -0.0208942  -0.0150571  -0.113459  -0.00789724  -0.0994901  -0.0889122  -0.00334304
1.26075  -0.0214725  -0.0156317  -0.113772  -0.00829368  -0.101157  -0.0904793  -0.00355365
1.27691  -0.0220581  -0.0162191  -0.114043  -0.00870366  -0.102802  -0.0920286  -0.00377413
1.29308  -0.0226507  -0.0168193  -0.114273  -0.00912738  -0.104423  -0.0935589  -0.00400478
1.30924  -0.0232503  -0.0174323  -0.114462  -0.00956502  -0.10602  -0.0950689  -0.00424588
1.3254  -0.0238567  -0.018058  -0.11461  -0.0100168  -0.10759  -0.0965574  -0.00449771
1.34157  -0.0244698  -0.0186965  -0.114716  -0.0104829  -0.109134  -0.0980232  -0.00476057
1.35773  -0.0250894  -0.0193477  -0.11478  -0.0109634  -0.110649  -0.0994651  -0.00503474
1.37389  -0.0257156  -0.0200116  -0.114803  -0.0114586  -0.112134  -0.100882  -0.00532051
1.39006  -0.026348  -0.0206881  -0.114784  -0.0119686  -0.113588  -0.102272  -0.00561817
1.40622  -0.0269865  -0.0213772  -0.114722  -0.0124936  -0.11501  -0.103635  -0.005928
1.42238  -0.0276311  -0.0220788  -0.11462  -0.0130337  -0.116399  -0.10497  -0.00625029
1.43855  -0.0282815  -0.0227929  -0.114475  -0.0135891  -0.117754  -0.106274  -0.00658532
1.45471  -0.0289376  -0.0235194  -0.114288  -0.0141599  -0.119073  -0.107548  -0.00693337
1.47087  -0.0295993  -0.0242581  -0.114059  -0.0147461  -0.120356  -0.108789  -0.00729472
1.48704  -0.0302662  -0.025009  -0.113789  -0.015348  -0.121601  -0.109997  -0.00766964
1.5032  -0.0309383  -0.025772  -0.113477  -0.0159657  -0.122808  -0.111171  -0.00805841
1.51936  -0.0316155  -0.0265469  -0.113123  -0.0165991  -0.123975  -0.11231  -0.0084613
1.53553  -0.0322974  -0.0273336  -0.112727  -0.0172485  -0.125101  -0.113412  -0.00887856
1.55169  -0.0329839  -0.028132  -0.112291  -0.0179138  -0.126185  -0.114477  -0.00931047
1.56785  -0.0336747  -0.028942  -0.111813  -0.0185952  -0.127227  -0.115503  -0.00975726
1.58402  -0.0343698  -0.0297632  -0.111293  -0.0192927  -0.128225  -0.11649  -0.0102192
1.60018  -0.0350688  -0.0305957  -0.110733  -0.0200062  -0.129179  -0.117436  -0.0106965
1.61634  -0.0357716  -0.0314391  -0.110133  -0.020736  -0.130088  -0.118341  -0.0111895
1.63251  -0.0364778  -0.0322933  -0.109491  -0.0214819  -0.130951  -0.119204  -0.0116983
1.64867  -0.0371873  -0.0331581  -0.10881  -0.022244  -0.131766  -0.120024  -0.0122231
1.66483  -0.0378998  -0.0340333  -0.108089  -0.0230222  -0.132534  -0.120799  -0.0127643
1.681  -0.038615  -0.0349185  -0.107328  -0.0238165  -0.133254  -0.121529  -0.0133219
1.69716  -0.0393327  -0.0358136  -0.106528  -0.0246269  -0.133925  -0.122214  -0.0138962
1.71332  -0.0400526  -0.0367183  -0.10569  -0.0254533  -0.134546  -0.122852  -0.0144874
1.72949  -0.0407744  -0.0376322  -0.104813  -0.0262956  -0.135116  -0.123443  -0.0150956
1.74565  -0.0414978  -0.0385552  -0.103897  -0.0271538  -0.135636  -0.123985  -0.0157209
1.76181  -0.0422225  -0.0394868  -0.102945  -0.0280276  -0.136104  -0.124479  -0.0163637
1.77798  -0.0429481  -0.0404268  -0.101955  -0.0289171  -0.136521  -0.124923  -0.0170238
1.79414  -0.0436744  -0.0413747  -0.100929  -0.0298219  -0.136885  -0.125317  -0.0177016
1.8103  -0.0444009  -0.0423303  -0.0998669  -0.030742  -0.137196  -0.12566  -0.0183971
1.82647  -0.0451274  -0.0432932  -0.0987693  -0.0316772  -0.137454  -0.125952  -0.0191103
1.84263  -0.0458534  -0.0442628  -0.0976368  -0.0326272  -0.137659  -0.126192  -0.0198415
1.85879  -0.0465786  -0.0452389  -0.0964702  -0.0335918  -0.13781  -0.12638  -0.0205905
1.87496  -0.0473026  -0.046221  -0.0952699  -0.0345708  -0.137907  -0.126514  -0.0213574
1.89112  -0.048025  -0.0472086  -0.0940368  -0.0355638  -0.13795  -0.126595  -0.0221424
1.90728  -0.0487453  -0.0482013  -0.0927716  -0.0365707  -0.137938  -0.126623  -0.0229452
1.92345  -0.0494632  -0.0491985  -0.0914749  -0.0375909  -0.137873  -0.126596  -0.0237661
1.93961  -0.0501782  -0.0501997  -0.0901477  -0.0386243  -0.137753  -0.126515  -0.0246048
1.95577  -0.0508898  -0.0512045  -0.0887905  -0.0396704  -0.137578  -0.126379  -0.0254614
1.97194  -0.0515976  -0.0522122  -0.0874044  -0.0407287  -0.13735  -0.126189  -0.0263357
1.9881  -0.0523011  -0.0532223  -0.0859902  -0.041799  -0.137067  -0.125943  -0.0272276
2.00426  -0.0529998  -0.0542342  -0.0845487  -0.0428808  -0.136731  -0.125642  -0.0281371
2.02043  -0.0536932  -0.0552473  -0.0830809  -0.0439735  -0.13634  -0.125285  -0.0290638
2.03659  -0.0543808  -0.0562609  -0.0815877  -0.0450766  -0.135897  -0.124874  -0.0300078
2.05275  -0.0550621  -0.0572744  -0.0800702  -0.0461897  -0.1354  -0.124406  -0.0309686
2.06892  -0.0557366  -0.0582872  -0.0785293  -0.0473122  -0.13485  -0.123884  -0.0319462
2.08508  -0.0564037  -0.0592985  -0.0769661  -0.0484434  -0.134249  -0.123306  -0.0329402
2.10124  -0.0570628  -0.0603077  -0.0753816  -0.0495829  -0.133595  -0.122673  -0.0339504
2.11741  -0.0577135  -0.061314  -0.073777  -0.0507299  -0.132891  -0.121985  -0.0349763
2.13357  -0.0583551  -0.0623167  -0.0721532  -0.0518837  -0.132135  -0.121243  -0.0360178
2.14973  -0.0589871  -0.0633151  -0.0705116  -0.0530438  -0.13133  -0.120447  -0.0370743
2.1659  -0.059609  -0.0643084  -0.0688532  -0.0542094  -0.130476  -0.119596  -0.0381455
2.18206  -0.0602201  -0.0652958  -0.0671792  -0.0553798  -0.129574  -0.118692  -0.039231
2.19822  -0.0608199  -0.0662765  -0.0654908  -0.0565542  -0.128623  -0.117735  -0.0403302
2.21439  -0.0614078  -0.0672498  -0.0637892  -0.0577317  -0.127626  -0.116725  -0.0414427
2.23055  -0.0619832  -0.0682148  -0.0620758  -0.0589117  -0.126583  -0.115664  -0.042568
2.24671  -0.0625456  -0.0691707  -0.0603516  -0.0600933  -0.125496  -0.114552  -0.0437055
2.26288  -0.0630944  -0.0701167  -0.058618  -0.0612757  -0.124364  -0.113388  -0.0448545
2.27904  -0.063629  -0.071052  -0.0568763  -0.0624579  -0.123189  -0.112176  -0.0460146
2.2952  -0.0641488  -0.0719757  -0.0551277  -0.0636391  -0.121973  -0.110914  -0.0471851
2.31137  -0.0646533  -0.072887  -0.0533736  -0.0648185  -0.120716  -0.109604  -0.0483653
2.32753  -0.065142  -0.0737851  -0.0516152  -0.065995  -0.11942  -0.108247  -0.0495544
2.34369  -0.0656142  -0.074669  -0.0498538  -0.0671677  -0.118085  -0.106843  -0.0507519
2.35986  -0.0660695  -0.0755381  -0.0480908  -0.0683358  -0.116714  -0.105395  -0.0519569
2.37602  -0.0665074  -0.0763915  -0.0463274  -0.0694983  -0.115307  -0.103902  -0.0531687
2.39218  -0.0669273  -0.0772283  -0.044565  -0.0706541  -0.113865  -0.102367  -0.0543864
2.40835  -0.0673288  -0.0780477  -0.0428049  -0.0718024  -0.11239  -0.10079  -0.0556094
2.42451  -0.0677113  -0.078849  -0.0410483  -0.0729421  -0.110884  -0.099172  -0.0568366
2.44067  -0.0680745  -0.0796313  -0.0392965  -0.0740724  -0.109347  -0.0975149  -0.0580674
2.45684  -0.0684178  -0.0803939  -0.0375508  -0.0751921  -0.107782  -0.0958199  -0.0593007
2.473  -0.0687409  -0.081136  -0.0358125  -0.0763003  -0.106189  -0.0940883  -0.0605358
2.48916  -0.0690434  -0.0818568  -0.0340827  -0.0773961  -0.10457  -0.0923214  -0.0617717
2.50533  -0.0693249  -0.0825557  -0.0323628  -0.0784785  -0.102926  -0.0905208  -0.0630075
2.52149  -0.069585  -0.0832319  -0.0306539  -0.0795464  -0.10126  -0.0886878  -0.0642423
2.53765  -0.0698235  -0.0838847  -0.0289572  -0.080599  -0.0995714  -0.086824  -0.0654751
2.55382  -0.07004  -0.0845136  -0.0272738  -0.0816354  -0.0978631  -0.0849309  -0.0667049
2.56998  -0.0702343  -0.0851178  -0.0256049  -0.0826545  -0.0961363  -0.0830101  -0.0679309
2.58614  -0.070406  -0.0856968  -0.0239516  -0.0836554  -0.0943923  -0.0810632  -0.0691521
2.60231  -0.0705551  -0.0862499  -0.022315  -0.0846373  -0.0926327  -0.0790916  -0.0703675
2.61847  -0.0706813  -0.0867767  -0.020696  -0.0855993  -0.0908589  -0.0770972  -0.0715761
2.63463  -0.0707845  -0.0872767  -0.0190958  -0.0865405  -0.0890726  -0.0750815  -0.0727771
2.6508  -0.0708645  -0.0877494  -0.0175152  -0.08746  -0.087275  -0.0730461  -0.0739693
2.66696  -0.0709212  -0.0881942  -0.0159552  -0.0883572  -0.0854678  -0.0709927  -0.075152
2.68312  -0.0709546  -0.0886109  -0.0144167  -0.0892311  -0.0836523  -0.0689231  -0.0763241
2.69929  -0.0709647  -0.0889991  -0.0129005  -0.090081  -0.0818299  -0.0668388  -0.0774847
2.71545  -0.0709515  -0.0893584  -0.0114075  -0.0909062  -0.0800021  -0.0647416  -0.0786329
2.73161  -0.070915  -0.0896885  -0.00993837  -0.091706  -0.0781703  -0.0626331  -0.0797677
2.74778  -0.0708552  -0.0899892  -0.00849393  -0.0924798  -0.0763358  -0.060515  -0.0808884
2.76394  -0.0707722  -0.0902604  -0.00707483  -0.0932268  -0.0744999  -0.0583889  -0.0819939
2.7801  -0.0706663  -0.0905017  -0.00568172  -0.0939466  -0.072664  -0.0562565  -0.0830835
2.79627  -0.0705375  -0.0907131  -0.00431519  -0.0946385  -0.0708294  -0.0541195  -0.0841563
2.81243  -0.0703861  -0.0908945  -0.00297579  -0.0953021  -0.0689973  -0.0519795  -0.0852114
2.82859  -0.0702122  -0.0910458  -0.00166403  -0.0959368  -0.0671689  -0.049838  -0.0862482
2.84476  -0.0700161  -0.0911671  -0.00038037  -0.0965422  -0.0653454  -0.0476967  -0.0872657
2.86092  -0.0697981  -0.0912583  0.000874766  -0.0971179  -0.063528  -0.0455571  -0.0882633
2.87708  -0.0695585  -0.0913196  0.00210101  -0.0976636  -0.0617177  -0.0434207  -0.0892403
2.89325  -0.0692976  -0.091351  0.00329803  -0.098179  -0.0599158  -0.0412891  -0.0901959
2.90941  -0.0690158  -0.0913527  0.00446555  -0.0986636  -0.0581231  -0.0391638  -0.0911296
2.92557  -0.0687135  -0.0913248  0.00560333  -0.0991174  -0.0563407  -0.0370461  -0.0920406
2.94174  -0.068391  -0.0912677  0.00671116  -0.0995401  -0.0545696  -0.0349375  -0.0929283
2.9579  -0.0680489  -0.0911815  0.00778889  -0.0999316  -0.0528107  -0.0328394  -0.0937922
2.97406  -0.0676874  -0.0910665  0.00883641  -0.100292  -0.0510649  -0.0307531  -0.0946318
2.99023  -0.0673072  -0.0909231  0.00985364  -0.10062  -0.0493331  -0.0286799  -0.0954465
3.00639  -0.0669087  -0.0907516  0.0108405  -0.100918  -0.047616  -0.0266211  -0.0962359
3.02255  -0.0664924  -0.0905524  0.0117971  -0.101183  -0.0459144  -0.0245779  -0.0969995
3.03872  -0.0660588  -0.0903259  0.0127234  -0.101417  -0.0442291  -0.0225515  -0.0977369
3.05488  -0.0656084  -0.0900726  0.0136195  -0.10162  -0.0425607  -0.0205429  -0.0984478
3.07104  -0.0651418  -0.0897929  0.0144855  -0.101792  -0.0409099  -0.0185534  -0.0991317
3.08721  -0.0646596  -0.0894874  0.0153215  -0.101932  -0.0392773  -0.016584  -0.0997884
3.10337  -0.0641623  -0.0891564  0.0161277  -0.102042  -0.0376636  -0.0146357  -0.100418
3.11953  -0.0636505  -0.0888007  0.0169044  -0.10212  -0.0360692  -0.0127094  -0.101019
3.1357  -0.0631247  -0.0884206  0.0176516  -0.102169  -0.0344947  -0.0108061  -0.101592
3.15186  -0.0625856  -0.0880169  0.0183697  -0.102186  -0.0329405  -0.00892664  -0.102137
3.16802  -0.0620337  -0.08759  0.019059  -0.102174  -0.0314071  -0.00707193  -0.102654
3.18419  -0.0614696  -0.0871407  0.0197198  -0.102132  -0.0298949  -0.00524272  -0.103142
3.20035  -0.0608939  -0.0866694  0.0203523  -0.102061  -0.0284044  -0.0034398  -0.103602
3.21651  -0.0603073  -0.0861769  0.0209569  -0.101961  -0.0269358  -0.00166388  -0.104033
3.23268  -0.0597102  -0.0856637  0.021534  -0.101832  -0.0254894  8.43675e-05  -0.104435
3.24884  -0.0591033  -0.0851305  0.022084  -0.101676  -0.0240657  0.00180429  -0.104808
3.265  -0.0584871  -0.0845779  0.0226071  -0.101491  -0.0226648  0.00349527  -0.105152
3.28117  -0.0578623  -0.0840066  0.0231039  -0.101279  -0.0212871  0.00515676  -0.105468
3.29733  -0.0572294  -0.0834173  0.0235747  -0.10104  -0.0199327  0.00678822  -0.105755
3.31349  -0.056589  -0.0828105  0.02402  -0.100774  -0.0186018  0.00838915  -0.106012
3.32966  -0.0559415  -0.082187  0.0244402  -0.100483  -0.0172947  0.00995908  -0.106241
3.34582  -0.0552877  -0.0815474  0.0248357  -0.100166  -0.0160115  0.0114976  -0.106442
3.36198  -0.0546279  -0.0808923  0.0252069  -0.0998239  -0.0147524  0.0130042  -0.106614
3.37815  -0.0539628  -0.0802224  0.0255543  -0.0994573  -0.0135174  0.0144787  -0.106757
3.39431  -0.0532928  -0.0795384  0.0258784  -0.0990668  -0.0123068  0.0159206  -0.106872
3.41047  -0.0526184  -0.0788407  0.0261797  -0.0986527  -0.0111206  0.0173297  -0.106958
3.42664  -0.0519402  -0.0781302  0.0264585  -0.0982155  -0.00995892  0.0187056  -0.107017
3.4428  -0.0512586  -0.0774074  0.0267153  -0.0977559  -0.00882183  0.0200481  -0.107047
3.45896  -0.0505741  -0.0766728  0.0269505  -0.0972743  -0.00770939  0.0213569  -0.10705
3.47513  -0.0498872  -0.0759272  0.0271648  -0.0967711  -0.00662165  0.0226319  -0.107025
3.49129  -0.0491982  -0.0751711  0.0273584  -0.0962471  -0.00555867  0.0238728  -0.106973
3.50745  -0.0485077  -0.074405  0.0275318  -0.0957025  -0.00452046  0.0250796  -0.106893
3.52362  -0.0478159  -0.0736296  0.0276856  -0.095138  -0.00350706  0.0262519  -0.106787
3.53978  -0.0471234  -0.0728455  0.0278201  -0.0945541  -0.00251847  0.0273898  -0.106653
3.55594  -0.0464306  -0.0720531  0.0279358  -0.0939513  -0.00155469  0.028493  -0.106493
3.57211  -0.0457377  -0.071253  0.0280331  -0.09333  -0.000615728  0.0295616  -0.106306
3.58827  -0.0450452  -0.0704457  0.0281125  -0.0926909  0.00029844  0.0305955  -0.106093
3.60443  -0.0443534  -0.0696318  0.0281743  -0.0920343  0.00118784  0.0315945  -0.105855
3.6206  -0.0436627  -0.0688117  0.0282191  -0.0913609  0.00205249  0.0325588  -0.10559
3.63676  -0.0429733  -0.0679861  0.0282473  -0.0906711  0.00289245  0.0334883  -0.1053
3.65292  -0.0422856  -0.0671552  0.0282593  -0.0899654  0.00370776  0.0343829  -0.104985
3.66909  -0.0416  -0.0663197  0.0282555  -0.0892443  0.00449848  0.0352428  -0.104645
3.68525  -0.0409166  -0.06548  0.0282362  -0.0885083  0.00526468  0.036068  -0.10428
3.70141  -0.0402358  -0.0646366  0.0282021  -0.087758  0.00600643  0.0368585  -0.103891
3.71758  -0.0395578  -0.0637898  0.0281534  -0.0869937  0.00672383  0.0376145  -0.103478
3.73374  -0.038883  -0.0629402  0.0280905  -0.0862161  0.00741696  0.0383361  -0.103041
3.7499  -0.0382114  -0.0620881  0.0280139  -0.0854255  0.00808595  0.0390233  -0.10258
3.76607  -0.0375435  -0.0612341  0.027924  -0.0846225  0.0087309  0.0396764  -0.102097
3.78223  -0.0368794  -0.0603785  0.0278211  -0.0838076  0.00935195  0.0402955  -0.10159
3.79839  -0.0362194  -0.0595216  0.0277057  -0.0829813  0.00994924  0.0408808  -0.101062
3.81456  -0.0355636  -0.058664  0.0275781  -0.082144  0.0105229  0.0414326  -0.100511
3.83072  -0.0349123  -0.057806  0.0274388  -0.0812964  0.0110732  0.041951  -0.0999389
3.84688  -0.0342656  -0.056948  0.0272882  -0.0804387  0.0116001  0.0424363  -0.0993454
3.86305  -0.0336238  -0.0560903  0.0271265  -0.0795716  0.012104  0.0428888  -0.098731
3.87921  -0.032987  -0.0552334  0.0269543  -0.0786956  0.012585  0.0433088  -0.0980962
3.89537  -0.0323554  -0.0543776  0.0267719  -0.0778112  0.0130434  0.0436967  -0.0974414
3.91154  -0.0317292  -0.0535233  0.0265797  -0.0769187  0.0134793  0.0440526  -0.0967671
3.9277  -0.0311086  -0.0526707  0.026378  -0.0760189  0.013893  0.0443771  -0.0960737
3.94386  -0.0304936  -0.0518204  0.0261673  -0.0751121  0.0142848  0.0446705  -0.0953617
3.96003  -0.0298845  -0.0509725  0.025948  -0.0741989  0.014655  0.0449332  -0.0946317
3.97619  -0.0292814  -0.0501275  0.0257203  -0.0732797  0.0150037  0.0451656  -0.093884
3.99235  -0.0286844  -0.0492856  0.0254848  -0.0723551  0.0153314  0.0453682  -0.0931193
4.00852  -0.0280936  -0.0484472  0.0252417  -0.0714256  0.0156383  0.0455415  -0.0923381
4.02468  -0.0275092  -0.0476126  0.0249914  -0.0704917  0.0159248  0.045686  -0.0915408
4.04084  -0.0269314  -0.0467822  0.0247344  -0.0695539  0.0161911  0.0458021  -0.0907282
4.05701  -0.0263601  -0.0459561  0.0244709  -0.0686127  0.0164377  0.0458904  -0.0899007
4.07317  -0.0257955  -0.0451348  0.0242014  -0.0676686  0.0166649  0.0459514  -0.089059
4.08933  -0.0252378  -0.0443184  0.0239261  -0.0667222  0.016873  0.0459858  -0.0882036
4.1055  -0.0246869  -0.0435074  0.0236456  -0.0657738  0.0170625  0.045994  -0.0873352
4.12166  -0.0241431  -0.0427019  0.0233601  -0.0648241  0.0172337  0.0459768  -0.0864543
4.13782  -0.0236063  -0.0419022  0.02307  -0.0638735  0.0173871  0.0459347  -0.0855616
4.15399  -0.0230767  -0.0411087  0.0227756  -0.0629225  0.017523  0.0458683  -0.0846577
4.17015  -0.0225543  -0.0403215  0.0224772  -0.0619716  0.0176419  0.0457783  -0.0837433
4.18631  -0.0220393  -0.0395409  0.0221754  -0.0610214  0.0177443  0.0456654  -0.082819
4.20248  -0.0215316  -0.0387672  0.0218702  -0.0600721  0.0178304  0.0455302  -0.0818855
4.21864  -0.0210313  -0.0380005  0.0215622  -0.0591245  0.0179009  0.0453734  -0.0809433
4.2348  -0.0205385  -0.0372412  0.0212516  -0.0581788  0.0179561  0.0451957  -0.0799932
4.25097  -0.0200532  -0.0364893  0.0209387  -0.0572357  0.0179965  0.0449977  -0.0790359
4.26713  -0.0195754  -0.0357452  0.0206239  -0.0562954  0.0180226  0.0447803  -0.0780719
4.28329  -0.0191053  -0.035009  0.0203074  -0.0553585  0.0180348  0.0445441  -0.0771019
4.29946  -0.0186427  -0.0342809  0.0199896  -0.0544255  0.0180336  0.0442897  -0.0761267
4.31562  -0.0181878  -0.0335611  0.0196708  -0.0534966  0.0180195  0.044018  -0.0751468
4.33178  -0.0177405  -0.0328498  0.0193512  -0.0525725  0.0179929  0.0437297  -0.0741628
4.34795  -0.0173009  -0.032147  0.0190311  -0.0516533  0.0179543  0.0434254  -0.0731755
4.36411  -0.016869  -0.0314531  0.0187109  -0.0507397  0.0179041  0.0431059  -0.0721855
4.38027  -0.0164447  -0.030768  0.0183907  -0.0498318  0.0178429  0.0427719  -0.0711933
4.39644  -0.0160281  -0.030092  0.0180708  -0.0489302  0.0177711  0.0424241  -0.0701997
4.4126  -0.0156191  -0.0294251  0.0177515  -0.0480351  0.0176892  0.0420632  -0.0692052
4.42876  -0.0152178  -0.0287675  0.0174331  -0.0471469  0.0175976  0.04169  -0.0682104
4.44493  -0.0148241  -0.0281192  0.0171156  -0.0462659  0.0174968  0.041305  -0.0672159
4.46109  -0.0144379  -0.0274805  0.0167995  -0.0453925  0.0173872  0.0409091  -0.0662224
4.47725  -0.0140594  -0.0268512  0.0164848  -0.044527  0.0172693  0.0405028  -0.0652303
4.49342  -0.0136883  -0.0262316  0.0161718  -0.0436696  0.0171436  0.040087  -0.0642401
4.50958  -0.0133247  -0.0256216  0.0158607  -0.0428206  0.0170103  0.0396621  -0.0632526
4.52574  -0.0129686  -0.0250214  0.0155516  -0.0419803  0.0168701  0.0392289  -0.0622681
4.54191  -0.0126198  -0.0244309  0.0152448  -0.041149  0.0167232  0.038788  -0.0612872
4.55807  -0.0122783  -0.0238502  0.0149405  -0.0403268  0.0165702  0.0383401  -0.0603104
4.57423  -0.0119442  -0.0232794  0.0146387  -0.0395139  0.0164114  0.0378856  -0.0593381
4.5904  -0.0116172  -0.0227183  0.0143396  -0.0387107  0.0162471  0.0374254  -0.0583708
4.60656  -0.0112974  -0.0221672  0.0140434  -0.0379172  0.0160779  0.0369599  -0.057409
4.62272  -0.0109847  -0.0216258  0.0137502  -0.0371337  0.015904  0.0364896  -0.056453
4.63889  -0.0106789  -0.0210943  0.0134601  -0.0363603  0.0157258  0.0360153  -0.0555034
4.65505  -0.0103801  -0.0205727  0.0131733  -0.0355971  0.0155438  0.0355373  -0.0545604
4.67121  -0.0100882  -0.0200608  0.0128898  -0.0348443  0.0153581  0.0350562  -0.0536244
4.68738  -0.00980296  -0.0195586  0.0126098  -0.0341021  0.0151692  0.0345726  -0.0526959
4.70354  -0.00952445  -0.0190662  0.0123333  -0.0333704  0.0149774  0.0340868  -0.051775
4.7197  -0.00925253  -0.0185834  0.0120605  -0.0326494  0.0147829  0.0335995  -0.0508623
4.73587  -0.00898712  -0.0181102  0.0117913  -0.0319393  0.0145862  0.033111  -0.0499579
4.75203  -0.00872812  -0.0176466  0.011526  -0.03124  0.0143874  0.0326218  -0.0490621
4.76819  -0.00847545  -0.0171924  0.0112645  -0.0305516  0.0141869  0.0321323  -0.0481753
4.78436  -0.00822901  -0.0167477  0.0110068  -0.0298741  0.0139849  0.0316429  -0.0472976
4.80052  -0.00798869  -0.0163123  0.0107532  -0.0292076  0.0137818  0.031154  -0.0464293
4.81668  -0.00775442  -0.0158861  0.0105035  -0.0285521  0.0135776  0.030666  -0.0455706
4.83285  -0.00752607  -0.0154691  0.0102578  -0.0279077  0.0133728  0.0301792  -0.0447217
4.84901  -0.00730356  -0.0150611  0.0100161  -0.0272742  0.0131674  0.0296939  -0.0438828
4.86517  -0.00708678  -0.0146621  0.00977858  -0.0266517  0.0129618  0.0292106  -0.043054
4.88134  -0.00687564  -0.0142719  0.00954511  -0.0260403  0.0127561  0.0287295  -0.0422355
4.8975  -0.00667002  -0.0138905  0.00931573  -0.0254397  0.0125505  0.0282508  -0.0414275
4.91366  -0.00646983  -0.0135177  0.00909046  -0.0248501  0.0123452  0.0277749  -0.0406301
4.92983  -0.00627496  -0.0131534  0.0088693  -0.0242713  0.0121404  0.0273021  -0.0398433
4.94599  -0.00608531  -0.0127976  0.00865225  -0.0237034  0.0119363  0.0268325  -0.0390672
4.96215  -0.00590078  -0.01245  0.0084393  -0.0231462  0.011733  0.0263664  -0.0383021
4.97832  -0.00572126  -0.0121107  0.00823043  -0.0225996  0.0115306  0.025904  -0.0375478
4.99448  -0.00554665  -0.0117793  0.00802563  -0.0220637  0.0113293  0.0254456  -0.0368045
5.01064  -0.00537685  -0.0114559  0.00782489  -0.0215383  0.0111293  0.0249913  -0.0360721
5.02681  -0.00521175  -0.0111403  0.00762817  -0.0210233  0.0109307  0.0245412  -0.0353509
5.04297  -0.00505125  -0.0108324  0.00743546  -0.0205186  0.0107335  0.0240956  -0.0346406
5.05913  -0.00489526  -0.010532  0.00724672  -0.0200241  0.0105379  0.0236546  -0.0339415
5.0753  -0.00474366  -0.010239  0.00706193  -0.0195398  0.0103439  0.0232183  -0.0332534
5.09146  -0.00459637  -0.00995327  0.00688104  -0.0190655  0.0101518  0.0227869  -0.0325763
5.10762  -0.00445327  -0.0096747  0.00670402  -0.0186011  0.00996151  0.0223605  -0.0319103
5.12379  -0.00431428  -0.00940315  0.00653083  -0.0181465  0.00977317  0.0219391  -0.0312552
5.13995  -0.0041793  -0.00913848  0.00636142  -0.0177015  0.00958684  0.0215229  -0.0306111
5.15611  -0.00404823  -0.00888056  0.00619576  -0.0172661  0.00940259  0.021112  -0.029978
5.17228  -0.00392097  -0.00862927  0.0060338  -0.0168401  0.00922049  0.0207064  -0.0293556
5.18844  -0.00379744  -0.00838446  0.00587549  -0.0164234  0.00904058  0.0203063  -0.0287441
5.2046  -0.00367754  -0.00814601  0.00572078  -0.0160158  0.00886291  0.0199116  -0.0281433
5.22077  -0.00356118  -0.00791378  0.00556962  -0.0156172  0.00868753  0.0195223  -0.0275532
5.23693  -0.00344827  -0.00768766  0.00542196  -0.0152275  0.00851448  0.0191387  -0.0269736
5.25309  -0.00333872  -0.0074675  0.00527774  -0.0148466  0.0083438  0.0187606  -0.0264045
5.26926  -0.00323245  -0.00725317  0.00513693  -0.0144742  0.0081755  0.0183881  -0.0258458
5.28542  -0.00312936  -0.00704457  0.00499945  -0.0141103  0.00800963  0.0180213  -0.0252974
5.30158  -0.00302939  -0.00684154  0.00486525  -0.0137548  0.00784619  0.01766  -0.0247592
5.31775  -0.00293243  -0.00664398  0.00473429  -0.0134074  0.0076852  0.0173045  -0.0242311
5.33391  -0.00283842  -0.00645176  0.0046065  -0.013068  0.00752669  0.0169545  -0.0237129
5.35007  -0.00274728  -0.00626476  0.00448182  -0.0127366  0.00737065  0.0166102  -0.0232047
5.36624  -0.00265892  -0.00608285  0.00436021  -0.0124129  0.00721709  0.0162716  -0.0227062
5.3824  -0.00257327  -0.00590592  0.0042416  -0.0120968  0.00706603  0.0159385  -0.0222173
5.39856  -0.00249025  -0.00573385  0.00412594  -0.0117881  0.00691746  0.015611  -0.021738
5.41473  -0.0024098  -0.00556652  0.00401317  -0.0114869  0.00677137  0.0152891  -0.021268
5.43089  -0.00233183  -0.00540382  0.00390324  -0.0111927  0.00662776  0.0149727  -0.0208074
5.44705  -0.00225629  -0.00524565  0.00379608  -0.0109057  0.00648663  0.0146618  -0.0203558
5.46322  -0.0021831  -0.00509188  0.00369165  -0.0106256  0.00634796  0.0143563  -0.0199133
5.47938  -0.00211219  -0.0049424  0.00358988  -0.0103522  0.00621175  0.0140563  -0.0194797
5.49555  -0.0020435  -0.00479712  0.00349072  -0.0100854  0.00607797  0.0137617  -0.0190548
5.51171  -0.00197697  -0.00465593  0.00339412  -0.00982521  0.00594662  0.0134724  -0.0186386
5.52787  -0.00191253  -0.00451872  0.00330002  -0.00957134  0.00581768  0.0131884  -0.0182309
5.54404  -0.00185012  -0.00438539  0.00320836  -0.0093237  0.00569112  0.0129096  -0.0178315
5.5602  -0.00178969  -0.00425585  0.0031191  -0.00908216  0.00556694  0.012636  -0.0174403
5.57636  -0.00173117  -0.00412999  0.00303218  -0.00884659  0.00544509  0.0123675  -0.0170573
5.59253  -0.0016745  -0.00400773  0.00294755  -0.00861687  0.00532557  0.0121041  -0.0166822
5.60869  -0.00161964  -0.00388895  0.00286515  -0.00839286  0.00520835  0.0118457  -0.0163149
5.62485  -0.00156652  -0.00377359  0.00278494  -0.00817444  0.00509341  0.0115922  -0.0159553
5.64102  -0.00151511  -0.00366153  0.00270686  -0.00796148  0.00498071  0.0113436  -0.0156033
5.65718  -0.00146533  -0.00355271  0.00263087  -0.00775387  0.00487023  0.0110999  -0.0152588
5.67334  -0.00141716  -0.00344702  0.00255691  -0.00755149  0.00476195  0.0108609  -0.0149215
5.68951  -0.00137053  -0.00334439  0.00248494  -0.00735421  0.00465583  0.0106266  -0.0145914
5.70567  -0.0013254  -0.00324474  0.00241491  -0.00716192  0.00455185  0.0103969  -0.0142683
5.72183  -0.00128172  -0.00314798  0.00234677  -0.0069745  0.00444998  0.0101718  -0.0139522
5.738  -0.00123945  -0.00305403  0.00228048  -0.00679185  0.00435018  0.00995119  -0.0136428
5.75416  -0.00119855  -0.00296282  0.00221598  -0.00661385  0.00425244  0.00973501  -0.0133401
5.77032  -0.00115897  -0.00287427  0.00215325  -0.00644039  0.00415671  0.00952319  -0.0130439
5.78649  -0.00112067  -0.00278831  0.00209223  -0.00627137  0.00406296  0.00931566  -0.0127541
5.80265  -0.00108362  -0.00270487  0.00203288  -0.00610668  0.00397118  0.00911236  -0.0124707
5.81881  -0.00104777  -0.00262388  0.00197516  -0.00594622  0.00388131  0.00891322  -0.0121933
5.83498  -0.00101309  -0.00254527  0.00191903  -0.00578989  0.00379335  0.00871816  -0.0119221
5.85114  -0.000979539  -0.00246897  0.00186444  -0.00563758  0.00370724  0.00852713  -0.0116567
5.8673  -0.000947081  -0.00239491  0.00181136  -0.00548921  0.00362296  0.00834005  -0.0113972
5.88347  -0.000915683  -0.00232304  0.00175975  -0.00534467  0.00354049  0.00815686  -0.0111433
5.89963  -0.000885311  -0.0022533  0.00170958  -0.00520387  0.00345978  0.00797749  -0.010895
5.91579  -0.000855934  -0.00218562  0.00166079  -0.00506673  0.00338081  0.00780187  -0.0106522
5.93196  -0.000827519  -0.00211994  0.00161337  -0.00493314  0.00330355  0.00762994  -0.0104148
5.94812  -0.000800035  -0.00205621  0.00156727  -0.00480303  0.00322796  0.00746163  -0.0101826
5.96428  -0.000773454  -0.00199436  0.00152245  -0.0046763  0.00315402  0.00729687  -0.00995548
5.98045  -0.000747746  -0.00193436  0.00147889  -0.00455288  0.0030817  0.00713561  -0.00973344
5.99661  -0.000722883  -0.00187614  0.00143655  -0.00443268  0.00301096  0.00697777  -0.00951631
6.01277  -0.000698838  -0.00181966  0.0013954  -0.00431562  0.00294177  0.00682329  -0.00930402
6.02894  -0.000675586  -0.00176485  0.0013554  -0.00420163  0.00287411  0.00667211  -0.00909644
6.0451  -0.000653099  -0.00171168  0.00131653  -0.00409061  0.00280795  0.00652417  -0.00889348
6.06126  -0.000631355  -0.0016601  0.00127876  -0.00398251  0.00274325  0.0063794  -0.00869505
6.07743  -0.000610328  -0.00161006  0.00124205  -0.00387724  0.00267999  0.00623775  -0.00850105
6.09359  -0.000589996  -0.00156151  0.00120637  -0.00377474  0.00261814  0.00609915  -0.00831138
6.10975  -0.000570336  -0.00151442  0.00117171  -0.00367493  0.00255767  0.00596355  -0.00812595
6.12592  -0.000551327  -0.00146874  0.00113803  -0.00357774  0.00249856  0.00583088  -0.00794468
6.14208  -0.000532946  -0.00142442  0.0011053  -0.00348312  0.00244077  0.00570108  -0.00776746
6.15824  -0.000515175  -0.00138144  0.0010735  -0.00339098  0.00238429  0.00557411  -0.00759421
6.17441  -0.000497992  -0.00133974  0.00104261  -0.00330127  0.00232907  0.0054499  -0.00742485
6.19057  -0.000481379  -0.00129929  0.00101259  -0.00321393  0.0022751  0.00532841  -0.00725929
6.20673  -0.000465317  -0.00126006  0.000983429  -0.0031289  0.00222236  0.00520956  -0.00709745
6.2229  -0.000449788  -0.00122201  0.000955097  -0.00304611  0.0021708  0.00509332  -0.00693925
6.23906  -0.000434774  -0.0011851  0.000927573  -0.0029655  0.00212042  0.00497962  -0.00678461
6.25522  -0.00042026  -0.00114931  0.000900835  -0.00288703  0.00207119  0.00486841  -0.00663344
6.27139  -0.000406228  -0.00111459  0.000874859  -0.00281064  0.00202307  0.00475965  -0.00648568
6.28755  -0.000392662  -0.00108091  0.000849626  -0.00273626  0.00197605  0.00465328  -0.00634124
6.30371  -0.000379547  -0.00104825  0.000825115  -0.00266385  0.00193011  0.00454926  -0.00620006
6.31988  -0.000366869  -0.00101657  0.000801305  -0.00259337  0.00188522  0.00444753  -0.00606205
6.33604  -0.000354613  -0.000985851  0.000778177  -0.00252474  0.00184136  0.00434805  -0.00592716
6.3522  -0.000342765  -0.000956055  0.000755712  -0.00245794  0.0017985  0.00425076  -0.00579531
6.36837  -0.000331312  -0.000927159  0.00073389  -0.00239291  0.00175662  0.00415563  -0.00566643
6.38453  -0.00032024  -0.000899134  0.000712695  -0.0023296  0.00171571  0.00406261  -0.00554046
6.40069  -0.000309537  -0.000871955  0.000692108  -0.00226797  0.00167574  0.00397164  -0.00541733
6.41686  -0.000299192  -0.000845597  0.000672113  -0.00220798  0.00163669  0.0038827  -0.00529698
6.43302  -0.000289191  -0.000820035  0.000652692  -0.00214958  0.00159855  0.00379573  -0.00517935
6.44918  -0.000279523  -0.000795245  0.00063383  -0.00209272  0.00156128  0.0037107  -0.00506437
6.46535  -0.000270179  -0.000771204  0.00061551  -0.00203738  0.00152487  0.00362756  -0.00495198
6.48151  -0.000261146  -0.000747889  0.000597717  -0.00198351  0.00148931  0.00354627  -0.00484213
6.49767  -0.000252415  -0.00072528  0.000580436  -0.00193107  0.00145457  0.00346679  -0.00473476
6.51384  -0.000243975  -0.000703354  0.000563653  -0.00188002  0.00142063  0.00338908  -0.00462981
6.53  -0.000235817  -0.000682091  0.000547354  -0.00183033  0.00138748  0.00331311  -0.00452723
6.54616  -0.000227931  -0.000661471  0.000531524  -0.00178195  0.0013551  0.00323884  -0.00442696
6.56233  -0.000220309  -0.000641475  0.000516151  -0.00173487  0.00132347  0.00316622  -0.00432896
6.57849  -0.000212942  -0.000622084  0.000501221  -0.00168903  0.00129258  0.00309523  -0.00423317
6.59465  -0.000205821  -0.00060328  0.000486722  -0.00164441  0.0012624  0.00302582  -0.00413953
6.61082  -0.000198938  -0.000585044  0.000472642  -0.00160098  0.00123293  0.00295797  -0.00404801
6.62698  -0.000192285  -0.000567361  0.000458968  -0.0015587  0.00120414  0.00289163  -0.00395855
6.64314  -0.000185854  -0.000550213  0.000445688  -0.00151755  0.00117602  0.00282679  -0.00387111
6.65931  -0.000179638  -0.000533584  0.000432793  -0.00147748  0.00114856  0.00276339  -0.00378564
6.67547  -0.000173631  -0.000517459  0.00042027  -0.00143849  0.00112173  0.00270142  -0.0037021
6.69163  -0.000167824  -0.000501821  0.000408108  -0.00140053  0.00109554  0.00264084  -0.00362044
6.7078  -0.000162211  -0.000486658  0.000396299  -0.00136358  0.00106995  0.00258161  -0.00354061
6.72396  -0.000156786  -0.000471953  0.00038483  -0.00132761  0.00104496  0.00252372  -0.00346259
6.74012  -0.000151543  -0.000457694  0.000373694  -0.00129259  0.00102056  0.00246712  -0.00338632
6.75629  -0.000146475  -0.000443866  0.000362879  -0.00125851  0.00099672  0.00241179  -0.00331176
6.77245  -0.000141577  -0.000430457  0.000352377  -0.00122533  0.000973441  0.00235771  -0.00323889
6.78861  -0.000136842  -0.000417455  0.00034218  -0.00119303  0.000950706  0.00230484  -0.00316765
6.80478  -0.000132266  -0.000404846  0.000332277  -0.0011616  0.000928502  0.00225317  -0.00309801
6.82094  -0.000127843  -0.000392619  0.00032266  -0.00113099  0.000906818  0.00220265  -0.00302994
6.8371  -0.000123568  -0.000380762  0.000313323  -0.0011012  0.00088564  0.00215327  -0.0029634
6.85327  -0.000119436  -0.000369264  0.000304255  -0.0010722  0.000864958  0.00210499  -0.00289835
6.86943  -0.000115443  -0.000358115  0.00029545  -0.00104397  0.00084476  0.00205781  -0.00283477
6.88559  -0.000111583  -0.000347303  0.0002869  -0.00101649  0.000825035  0.00201168  -0.00277261
6.90176  -0.000107852  -0.000336819  0.000278597  -0.000989737  0.000805771  0.00196659  -0.00271184
6.91792  -0.000104246  -0.000326652  0.000270535  -0.000963696  0.000786959  0.00192252  -0.00265243
6.93408  -0.000100761  -0.000316793  0.000262706  -0.000938346  0.000768587  0.00187944  -0.00259436
6.95025  -9.73928e-05  -0.000307232  0.000255104  -0.000913668  0.000750645  0.00183733  -0.00253759
6.96641  -9.4137e-05  -0.000297961  0.000247723  -0.000889645  0.000733123  0.00179617  -0.00248209
6.98257  -9.09903e-05  -0.000288971  0.000240555  -0.000866259  0.000716012  0.00175593  -0.00242783
6.99874  -8.79489e-05  -0.000280253  0.000233594  -0.000843493  0.000699301  0.0017166  -0.00237478
7.0149  -8.50092e-05  -0.000271799  0.000226836  -0.00082133  0.000682983  0.00167815  -0.00232293
7.03106  -8.2168e-05  -0.000263601  0.000220273  -0.000799756  0.000667046  0.00164057  -0.00227223
7.04723  -7.94219e-05  -0.000255651  0.0002139  -0.000778753  0.000651483  0.00160383  -0.00222266
7.06339  -7.67677e-05  -0.000247941  0.000207712  -0.000758306  0.000636285  0.00156793  -0.0021742
7.07955  -7.42023e-05  -0.000240465  0.000201704  -0.000738401  0.000621442  0.00153283  -0.00212682
7.09572  -7.17228e-05  -0.000233215  0.000195869  -0.000719024  0.000606948  0.00149852  -0.0020805
7.11188  -6.93263e-05  -0.000226185  0.000190204  -0.000700159  0.000592793  0.00146498  -0.00203521
7.12804  -6.701e-05  -0.000219367  0.000184702  -0.000681794  0.00057897  0.0014322  -0.00199093
7.14421  -6.47712e-05  -0.000212756  0.00017936  -0.000663915  0.000565471  0.00140015  -0.00194764
7.16037  -6.26074e-05  -0.000206345  0.000174173  -0.000646509  0.000552288  0.00136883  -0.00190531
7.17653  -6.05159e-05  -0.000200127  0.000169136  -0.000629564  0.000539414  0.00133821  -0.00186392
7.1927  -5.84945e-05  -0.000194098  0.000164245  -0.000613067  0.000526842  0.00130828  -0.00182345
7.20886  -5.65407e-05  -0.000188251  0.000159496  -0.000597006  0.000514565  0.00127903  -0.00178388
7.22502  -5.46523e-05  -0.000182581  0.000154885  -0.00058137  0.000502575  0.00125043  -0.0017452
7.24119  -5.2827e-05  -0.000177082  0.000150407  -0.000566148  0.000490866  0.00122248  -0.00170737
7.25735  -5.10629e-05  -0.00017175  0.000146058  -0.000551327  0.000479432  0.00119516  -0.00167038
7.27351  -4.93577e-05  -0.000166579  0.000141836  -0.000536898  0.000468266  0.00116845  -0.00163421
7.28968  -4.77097e-05  -0.000161564  0.000137736  -0.000522851  0.000457361  0.00114234  -0.00159884
7.30584  -4.61167e-05  -0.0001567  0.000133755  -0.000509174  0.000446711  0.00111682  -0.00156426
7.322  -4.45771e-05  -0.000151984  0.000129889  -0.000495858  0.000436311  0.00109187  -0.00153044
7.33817  -4.30889e-05  -0.00014741  0.000126136  -0.000482894  0.000426155  0.00106749  -0.00149737
7.35433  -4.16505e-05  -0.000142975  0.000122491  -0.000470272  0.000416237  0.00104365  -0.00146503
7.37049  -4.02603e-05  -0.000138673  0.000118951  -0.000457983  0.00040655  0.00102035  -0.00143341
7.38666  -3.89165e-05  -0.000134502  0.000115514  -0.000446018  0.000397091  0.000997571  -0.00140248
7.40282  -3.76177e-05  -0.000130456  0.000112177  -0.000434369  0.000387853  0.000975306  -0.00137224
7.41898  -3.63623e-05  -0.000126533  0.000108936  -0.000423027  0.000378832  0.000953542  -0.00134267
7.43515  -3.51489e-05  -0.000122728  0.000105789  -0.000411984  0.000370022  0.000932267  -0.00131375
7.45131  -3.39761e-05  -0.000119038  0.000102734  -0.000401231  0.000361417  0.00091147  -0.00128547
7.46747  -3.28425e-05  -0.000115459  9.97664e-05  -0.000390762  0.000353015  0.000891141  -0.00125781
7.48364  -3.17467e-05  -0.000111989  9.68851e-05  -0.000380569  0.000344809  0.000871268  -0.00123076
7.4998  -3.06877e-05  -0.000108623  9.40873e-05  -0.000370644  0.000336795  0.000851842  -0.0012043
7.51596  -2.9664e-05  -0.000105358  9.13704e-05  -0.000360981  0.000328968  0.000832852  -0.00117843
7.53213  -2.86745e-05  -0.000102193  8.87322e-05  -0.000351571  0.000321325  0.000814289  -0.00115312
7.54829  -2.77182e-05  -9.91226e-05  8.61704e-05  -0.000342409  0.00031386  0.000796142  -0.00112838
7.56445  -2.67938e-05  -9.6145e-05  8.36828e-05  -0.000333489  0.00030657  0.000778404  -0.00110417
7.58062  -2.59002e-05  -9.32572e-05  8.12672e-05  -0.000324802  0.000299451  0.000761063  -0.0010805
7.59678  -2.50366e-05  -9.04565e-05  7.89215e-05  -0.000316344  0.000292498  0.000744111  -0.00105734
7.61294  -2.42018e-05  -8.77403e-05  7.66436e-05  -0.000308109  0.000285707  0.000727541  -0.0010347
7.62911  -2.33949e-05  -8.5106e-05  7.44318e-05  -0.00030009  0.000279076  0.000711342  -0.00101255
7.64527  -2.26149e-05  -8.25512e-05  7.22839e-05  -0.000292281  0.000272599  0.000695506  -0.000990885
7.66143  -2.18611e-05  -8.00733e-05  7.01981e-05  -0.000284677  0.000266273  0.000680026  -0.000969695
7.6776  -2.11324e-05  -7.76701e-05  6.81728e-05  -0.000277274  0.000260096  0.000664892  -0.000948969
7.69376  -2.0428e-05  -7.53394e-05  6.6206e-05  -0.000270064  0.000254063  0.000650099  -0.000928695
7.70992  -1.97472e-05  -7.30789e-05  6.42961e-05  -0.000263044  0.00024817  0.000635637  -0.000908865
7.72609  -1.90891e-05  -7.08865e-05  6.24415e-05  -0.000256207  0.000242415  0.000621499  -0.000889468
7.74225  -1.8453e-05  -6.87601e-05  6.06405e-05  -0.000249551  0.000236795  0.000607678  -0.000870495
7.75841  -1.78381e-05  -6.66978e-05  5.88916e-05  -0.000243068  0.000231306  0.000594167  -0.000851936
7.77458  -1.72438e-05  -6.46976e-05  5.71933e-05  -0.000236756  0.000225945  0.000580958  -0.000833781
7.79074  -1.66693e-05  -6.27576e-05  5.55442e-05  -0.000230609  0.000220709  0.000568046  -0.000816022
7.8069  -1.6114e-05  -6.08761e-05  5.39427e-05  -0.000224623  0.000215595  0.000555423  -0.00079865
7.82307  -1.55772e-05  -5.90512e-05  5.23875e-05  -0.000218793  0.000210601  0.000543082  -0.000781656
7.83923  -1.50584e-05  -5.72812e-05  5.08773e-05  -0.000213117  0.000205723  0.000531018  -0.000765032
7.85539  -1.45568e-05  -5.55645e-05  4.94107e-05  -0.000207589  0.000200959  0.000519224  -0.000748769
7.87156  -1.4072e-05  -5.38995e-05  4.79865e-05  -0.000202206  0.000196306  0.000507693  -0.00073286
7.88772  -1.36034e-05  -5.22845e-05  4.66035e-05  -0.000196963  0.000191762  0.000496421  -0.000717297
7.90388  -1.31505e-05  -5.07182e-05  4.52605e-05  -0.000191858  0.000187323  0.000485401  -0.000702071
7.92005  -1.27126e-05  -4.91989e-05  4.39563e-05  -0.000186886  0.000182988  0.000474628  -0.000687176
7.93621  -1.22894e-05  -4.77254e-05  4.26898e-05  -0.000182044  0.000178754  0.000464096  -0.000672604
7.95237  -1.18802e-05  -4.62961e-05  4.14598e-05  -0.000177329  0.000174619  0.000453799  -0.000658348
7.96854  -1.14848e-05  -4.49099e-05  4.02655e-05  -0.000172737  0.00017058  0.000443732  -0.0006444
7.9847  -1.11025e-05  -4.35653e-05  3.91056e-05  -0.000168265  0.000166635  0.000433891  -0.000630755
8.00086  -1.0733e-05  -4.22611e-05  3.79792e-05  -0.00016391  0.000162782  0.000424269  -0.000617405
8.01703  -1.03758e-05  -4.09962e-05  3.68854e-05  -0.000159668  0.000159019  0.000414863  -0.000604344
8.03319  -1.00305e-05  -3.97692e-05  3.58231e-05  -0.000155537  0.000155343  0.000405666  -0.000591565
8.04935  -9.69669e-06  -3.85792e-05  3.47916e-05  -0.000151514  0.000151753  0.000396675  -0.000579062
8.06552  -9.37404e-06  -3.74248e-05  3.37898e-05  -0.000147596  0.000148246  0.000387885  -0.000566829
8.08168  -9.06216e-06  -3.63052e-05  3.28169e-05  -0.00014378  0.000144821  0.000379291  -0.000554861
8.09784  -8.76067e-06  -3.52192e-05  3.18722e-05  -0.000140064  0.000141476  0.000370889  -0.00054315
8.11401  -8.46923e-06  -3.41658e-05  3.09547e-05  -0.000136444  0.000138208  0.000362675  -0.000531692
8.13017  -8.18751e-06  -3.3144e-05  3.00637e-05  -0.000132919  0.000135017  0.000354644  -0.000520481
8.14633  -7.91518e-06  -3.21529e-05  2.91984e-05  -0.000129486  0.000131899  0.000346792  -0.000509511
8.1625  -7.65193e-06  -3.11916e-05  2.83581e-05  -0.000126142  0.000128855  0.000339115  -0.000498778
8.17866  -7.39746e-06  -3.02591e-05  2.75421e-05  -0.000122885  0.000125881  0.000331609  -0.000488275
8.19482  -7.15146e-06  -2.93546e-05  2.67496e-05  -0.000119713  0.000122976  0.000324271  -0.000477999
8.21099  -6.91366e-06  -2.84773e-05  2.59799e-05  -0.000116624  0.000120138  0.000317097  -0.000467943
8.22715  -6.68378e-06  -2.76262e-05  2.52325e-05  -0.000113615  0.000117367  0.000310082  -0.000458103
8.24331  -6.46157e-06  -2.68008e-05  2.45067e-05  -0.000110684  0.00011466  0.000303224  -0.000448475
8.25948  -6.24676e-06  -2.6e-05  2.38017e-05  -0.000107829  0.000112015  0.000296519  -0.000439053
8.27564  -6.0391e-06  -2.52233e-05  2.31172e-05  -0.000105049  0.000109433  0.000289963  -0.000429833
8.2918  -5.83836e-06  -2.44699e-05  2.24523e-05  -0.000102341  0.00010691  0.000283553  -0.000420811
8.30797  -5.64431e-06  -2.3739e-05  2.18066e-05  -9.97034e-05  0.000104445  0.000277286  -0.000411982
8.32413  -5.45672e-06  -2.30301e-05  2.11796e-05  -9.71343e-05  0.000102038  0.000271158  -0.000403342
8.34029  -5.27537e-06  -2.23425e-05  2.05706e-05  -9.4632e-05  9.96869e-05  0.000265167  -0.000394888
8.35646  -5.10007e-06  -2.16754e-05  1.99792e-05  -9.21946e-05  9.73902e-05  0.000259309  -0.000386614
8.37262  -4.93061e-06  -2.10283e-05  1.94049e-05  -8.98206e-05  9.51467e-05  0.000253582  -0.000378517
8.38878  -4.76678e-06  -2.04007e-05  1.88471e-05  -8.75081e-05  9.29553e-05  0.000247982  -0.000370593
8.40495  -4.60841e-06  -1.97918e-05  1.83053e-05  -8.52557e-05  9.08147e-05  0.000242507  -0.000362838
8.42111  -4.45532e-06  -1.92012e-05  1.77792e-05  -8.30618e-05  8.87237e-05  0.000237153  -0.000355249
8.43727  -4.30732e-06  -1.86282e-05  1.72683e-05  -8.09247e-05  8.66812e-05  0.000231918  -0.000347822
8.45344  -4.16424e-06  -1.80724e-05  1.67721e-05  -7.88431e-05  8.46861e-05  0.0002268  -0.000340554
8.4696  -4.02593e-06  -1.75333e-05  1.62901e-05  -7.68154e-05  8.27371e-05  0.000221796  -0.00033344
8.48576  -3.89222e-06  -1.70103e-05  1.58221e-05  -7.48403e-05  8.08333e-05  0.000216903  -0.000326478
8.50193  -3.76296e-06  -1.6503e-05  1.53676e-05  -7.29164e-05  7.89737e-05  0.000212118  -0.000319664
8.51809  -3.638e-06  -1.60108e-05  1.49261e-05  -7.10423e-05  7.7157e-05  0.00020744  -0.000312995
8.53425  -3.5172e-06  -1.55334e-05  1.44974e-05  -6.92168e-05  7.53825e-05  0.000202866  -0.000306468
8.55042  -3.40042e-06  -1.50703e-05  1.4081e-05  -6.74386e-05  7.3649e-05  0.000198394  -0.00030008
8.56658  -3.28753e-06  -1.4621e-05  1.36766e-05  -6.57064e-05  7.19557e-05  0.00019402  -0.000293828
8.58274  -3.17838e-06  -1.41852e-05  1.32838e-05  -6.4019e-05  7.03015e-05  0.000189744  -0.000287709
8.59891  -3.07287e-06  -1.37624e-05  1.29024e-05  -6.23753e-05  6.86856e-05  0.000185563  -0.000281719
8.61507  -2.97087e-06  -1.33523e-05  1.25319e-05  -6.07742e-05  6.71072e-05  0.000181475  -0.000275857
8.63123  -2.87227e-06  -1.29544e-05  1.21721e-05  -5.92144e-05  6.55652e-05  0.000177477  -0.000270119
8.6474  -2.77694e-06  -1.25684e-05  1.18227e-05  -5.7695e-05  6.40589e-05  0.000173568  -0.000264503
8.66356  -2.68478e-06  -1.2194e-05  1.14833e-05  -5.62149e-05  6.25874e-05  0.000169746  -0.000259005
8.67972  -2.59568e-06  -1.18307e-05  1.11537e-05  -5.47731e-05  6.11499e-05  0.000166008  -0.000253625
8.69589  -2.50955e-06  -1.14783e-05  1.08335e-05  -5.33685e-05  5.97457e-05  0.000162354  -0.000248358
8.71205  -2.42628e-06  -1.11365e-05  1.05226e-05  -5.20002e-05  5.83739e-05  0.00015878  -0.000243203
8.72821  -2.34578e-06  -1.08049e-05  1.02207e-05  -5.06672e-05  5.70338e-05  0.000155286  -0.000238156
8.74438  -2.26796e-06  -1.04831e-05  9.92737e-06  -4.93687e-05  5.57247e-05  0.000151869  -0.000233217
8.76054  -2.19272e-06  -1.0171e-05  9.64253e-06  -4.81037e-05  5.44458e-05  0.000148527  -0.000228382
8.7767  -2.11999e-06  -9.86825e-06  9.36588e-06  -4.68713e-05  5.31965e-05  0.00014526  -0.000223649
8.79287  -2.04967e-06  -9.57451e-06  9.09719e-06  -4.56708e-05  5.1976e-05  0.000142065  -0.000219016
8.80903  -1.98168e-06  -9.28954e-06  8.83623e-06  -4.45012e-05  5.07837e-05  0.000138941  -0.000214481
8.82519  -1.91596e-06  -9.01309e-06  8.58278e-06  -4.33618e-05  4.96189e-05  0.000135887  -0.000210041
8.84136  -1.85242e-06  -8.74489e-06  8.33661e-06  -4.22518e-05  4.8481e-05  0.000132899  -0.000205695
8.85752  -1.79099e-06  -8.4847e-06  8.09752e-06  -4.11704e-05  4.73694e-05  0.000129978  -0.000201441
8.87368  -1.7316e-06  -8.23228e-06  7.86531e-06  -4.01169e-05  4.62834e-05  0.000127122  -0.000197276
8.88985  -1.67419e-06  -7.98739e-06  7.63977e-06  -3.90906e-05  4.52225e-05  0.000124328  -0.000193199
8.90601  -1.61868e-06  -7.74981e-06  7.42072e-06  -3.80907e-05  4.4186e-05  0.000121597  -0.000189208
8.92217  -1.56502e-06  -7.51932e-06  7.20796e-06  -3.71165e-05  4.31734e-05  0.000118926  -0.000185301
8.93834  -1.51314e-06  -7.29571e-06  7.00132e-06  -3.61675e-05  4.21842e-05  0.000116314  -0.000181476
8.9545  -1.46298e-06  -7.07877e-06  6.80062e-06  -3.52429e-05  4.12178e-05  0.00011376  -0.000177731
8.97066  -1.41449e-06  -6.86831e-06  6.60568e-06  -3.43421e-05  4.02737e-05  0.000111262  -0.000174065
8.98683  -1.3676e-06  -6.66412e-06  6.41635e-06  -3.34645e-05  3.93513e-05  0.00010882  -0.000170477
9.00299  -1.32228e-06  -6.46603e-06  6.23246e-06  -3.26095e-05  3.84502e-05  0.000106431  -0.000166963
9.01915  -1.27846e-06  -6.27384e-06  6.05385e-06  -3.17764e-05  3.75699e-05  0.000104095  -0.000163523
9.03532  -1.23609e-06  -6.08738e-06  5.88037e-06  -3.09648e-05  3.67098e-05  0.000101811  -0.000160155
9.05148  -1.19513e-06  -5.90648e-06  5.71188e-06  -3.01741e-05  3.58695e-05  9.95775e-05  -0.000156858
9.06764  -1.15553e-06  -5.73098e-06  5.54823e-06  -2.94037e-05  3.50486e-05  9.73932e-05  -0.00015363
9.08381  -1.11725e-06  -5.5607e-06  5.38927e-06  -2.86532e-05  3.42466e-05  9.52571e-05  -0.00015047
9.09997  -1.08023e-06  -5.39551e-06  5.23489e-06  -2.79219e-05  3.34631e-05  9.31681e-05  -0.000147376
9.11613  -1.04445e-06  -5.23523e-06  5.08493e-06  -2.72094e-05  3.26976e-05  9.11253e-05  -0.000144347
9.1323  -1.00985e-06  -5.07974e-06  4.93928e-06  -2.65152e-05  3.19497e-05  8.91276e-05  -0.000141381
9.14846  -9.76399e-07  -4.92887e-06  4.79782e-06  -2.58388e-05  3.1219e-05  8.7174e-05  -0.000138477
9.16462  -9.44059e-07  -4.7825e-06  4.66041e-06  -2.51798e-05  3.05051e-05  8.52634e-05  -0.000135633
9.18079  -9.12792e-07  -4.6405e-06  4.52695e-06  -2.45378e-05  2.98077e-05  8.3395e-05  -0.00013285
9.19695  -8.82562e-07  -4.50272e-06  4.39732e-06  -2.39122e-05  2.91263e-05  8.15679e-05  -0.000130124
9.21311  -8.53335e-07  -4.36904e-06  4.27142e-06  -2.33027e-05  2.84605e-05  7.9781e-05  -0.000127455
9.22928  -8.25078e-07  -4.23935e-06  4.14912e-06  -2.27088e-05  2.78101e-05  7.80335e-05  -0.000124842
9.24544  -7.97758e-07  -4.11352e-06  4.03034e-06  -2.21302e-05  2.71746e-05  7.63246e-05  -0.000122283
9.2616  -7.71344e-07  -3.99143e-06  3.91496e-06  -2.15664e-05  2.65538e-05  7.46533e-05  -0.000119778
9.27777  -7.45806e-07  -3.87298e-06  3.8029e-06  -2.1017e-05  2.59472e-05  7.30189e-05  -0.000117325
9.29393  -7.21115e-07  -3.75806e-06  3.69405e-06  -2.04818e-05  2.53545e-05  7.14205e-05  -0.000114923
9.31009  -6.97243e-07  -3.64656e-06  3.58832e-06  -1.99602e-05  2.47755e-05  6.98573e-05  -0.000112571
9.32626  -6.74163e-07  -3.53837e-06  3.48563e-06  -1.94521e-05  2.42098e-05  6.83285e-05  -0.000110269
9.34242  -6.51848e-07  -3.43341e-06  3.38588e-06  -1.89569e-05  2.3657e-05  6.68334e-05  -0.000108014
9.35858  -6.30272e-07  -3.33156e-06  3.289e-06  -1.84745e-05  2.3117e-05  6.53713e-05  -0.000105805
9.37475  -6.09412e-07  -3.23275e-06  3.19489e-06  -1.80044e-05  2.25893e-05  6.39413e-05  -0.000103643
9.39091  -5.89244e-07  -3.13688e-06  3.10348e-06  -1.75463e-05  2.20738e-05  6.25428e-05  -0.000101526
9.40707  -5.69744e-07  -3.04386e-06  3.0147e-06  -1.71e-05  2.15701e-05  6.11752e-05  -9.94529e-05
9.42324  -5.50891e-07  -2.95361e-06  2.92846e-06  -1.66651e-05  2.1078e-05  5.98376e-05  -9.74227e-05
9.4394  -5.32662e-07  -2.86604e-06  2.84469e-06  -1.62413e-05  2.05971e-05  5.85294e-05  -9.54347e-05
9.45556  -5.15038e-07  -2.78107e-06  2.76332e-06  -1.58284e-05  2.01273e-05  5.72501e-05  -9.34879e-05
9.47173  -4.97998e-07  -2.69863e-06  2.68429e-06  -1.54261e-05  1.96683e-05  5.59988e-05  -9.15815e-05
9.48789  -4.81522e-07  -2.61865e-06  2.60752e-06  -1.5034e-05  1.92198e-05  5.47752e-05  -8.97147e-05
9.50405  -4.65593e-07  -2.54104e-06  2.53296e-06  -1.4652e-05  1.87816e-05  5.35784e-05  -8.78866e-05
9.52022  -4.50191e-07  -2.46573e-06  2.46053e-06  -1.42797e-05  1.83534e-05  5.24079e-05  -8.60963e-05
9.53638  -4.353e-07  -2.39267e-06  2.39017e-06  -1.3917e-05  1.79351e-05  5.12632e-05  -8.43431e-05
9.55254  -4.20902e-07  -2.32178e-06  2.32184e-06  -1.35635e-05  1.75264e-05  5.01436e-05  -8.26263e-05
9.56871  -4.06981e-07  -2.25299e-06  2.25546e-06  -1.32191e-05  1.7127e-05  4.90487e-05  -8.09449e-05
9.58487  -3.93521e-07  -2.18625e-06  2.19098e-06  -1.28834e-05  1.67368e-05  4.79778e-05  -7.92984e-05
9.60103  -3.80507e-07  -2.12149e-06  2.12835e-06  -1.25564e-05  1.63555e-05  4.69304e-05  -7.76859e-05
9.6172  -3.67924e-07  -2.05865e-06  2.06751e-06  -1.22377e-05  1.59829e-05  4.59061e-05  -7.61067e-05
9.63336  -3.55758e-07  -1.99768e-06  2.00842e-06  -1.19271e-05  1.56189e-05  4.49043e-05  -7.45602e-05
9.64952  -3.43995e-07  -1.93852e-06  1.95102e-06  -1.16245e-05  1.52633e-05  4.39244e-05  -7.30456e-05
9.66569  -3.32621e-07  -1.88112e-06  1.89527e-06  -1.13296e-05  1.49157e-05  4.29661e-05  -7.15623e-05
9.68185  -3.21624e-07  -1.82543e-06  1.84111e-06  -1.10422e-05  1.45762e-05  4.20289e-05  -7.01097e-05
9.69801  -3.10992e-07  -1.77138e-06  1.7885e-06  -1.07621e-05  1.42444e-05  4.11122e-05  -6.8687e-05
9.71418  -3.00711e-07  -1.71895e-06  1.7374e-06  -1.04892e-05  1.39202e-05  4.02156e-05  -6.72936e-05
9.73034  -2.9077e-07  -1.66806e-06  1.68776e-06  -1.02233e-05  1.36034e-05  3.93387e-05  -6.5929e-05
9.7465  -2.81159e-07  -1.61869e-06  1.63954e-06  -9.96416e-06  1.32939e-05  3.84811e-05  -6.45926e-05
9.76267  -2.71866e-07  -1.57079e-06  1.59271e-06  -9.71162e-06  1.29915e-05  3.76423e-05  -6.32836e-05
9.77883  -2.62881e-07  -1.5243e-06  1.54721e-06  -9.46552e-06  1.2696e-05  3.68219e-05  -6.20017e-05
9.79499  -2.54193e-07  -1.4792e-06  1.50302e-06  -9.22569e-06  1.24073e-05  3.60195e-05  -6.07461e-05
9.81116  -2.45792e-07  -1.43543e-06  1.46009e-06  -8.99198e-06  1.21251e-05  3.52347e-05  -5.95164e-05
9.82732  -2.3767e-07  -1.39297e-06  1.4184e-06  -8.76422e-06  1.18494e-05  3.44671e-05  -5.8312e-05
9.84348  -2.29817e-07  -1.35176e-06  1.37789e-06  -8.54227e-06  1.15801e-05  3.37163e-05  -5.71324e-05
9.85965  -2.22223e-07  -1.31177e-06  1.33855e-06  -8.32597e-06  1.13169e-05  3.2982e-05  -5.5977e-05
9.87581  -2.14881e-07  -1.27297e-06  1.30033e-06  -8.11518e-06  1.10597e-05  3.22639e-05  -5.48454e-05
9.89197  -2.07781e-07  -1.23533e-06  1.2632e-06  -7.90977e-06  1.08084e-05  3.15614e-05  -5.3737e-05
9.90814  -2.00917e-07  -1.19879e-06  1.22714e-06  -7.70958e-06  1.05628e-05  3.08744e-05  -5.26514e-05
9.9243  -1.94279e-07  -1.16335e-06  1.1921e-06  -7.51449e-06  1.03228e-05  3.02024e-05  -5.15882e-05
9.94046  -1.87862e-07  -1.12895e-06  1.15808e-06  -7.32437e-06  1.00884e-05  2.95451e-05  -5.05467e-05
9.95663  -1.81656e-07  -1.09557e-06  1.12502e-06  -7.13908e-06  9.85927e-06  2.89023e-05  -4.95266e-05
9.97279  -1.75656e-07  -1.06318e-06  1.09291e-06  -6.95851e-06  9.6354e-06  2.82735e-05  -4.85275e-05
9.98895  -1.69855e-07  -1.03176e-06  1.06172e-06  -6.78254e-06  9.41665e-06  2.76585e-05  -4.75488e-05
10.0051  -1.64245e-07  -1.00126e-06  1.03142e-06  -6.61104e-06  9.2029e-06  2.7057e-05  -4.65902e-05
10.0213  -1.58821e-07  -9.71667e-07  1.00199e-06  -6.44391e-06  8.99403e-06  2.64686e-05  -4.56513e-05
10.0374  -1.53576e-07  -9.42952e-07  9.73394e-07  -6.28103e-06  8.78993e-06  2.58932e-05  -4.47316e-05
10.0536  -1.48505e-07  -9.15088e-07  9.45621e-07  -6.12229e-06  8.5905e-06  2.53303e-05  -4.38308e-05
10.0698  -1.43601e-07  -8.88049e-07  9.18642e-07  -5.96758e-06  8.39562e-06  2.47798e-05  -4.29484e-05
10.0859  -1.3886e-07  -8.61811e-07  8.92434e-07  -5.81681e-06  8.2052e-06  2.42413e-05  -4.2084e-05
10.1021  -1.34275e-07  -8.36351e-07  8.66976e-07  -5.66987e-06  8.01912e-06  2.37146e-05  -4.12374e-05
10.1183  -1.29842e-07  -8.11645e-07  8.42246e-07  -5.52667e-06  7.83729e-06  2.31995e-05  -4.04081e-05
10.1344  -1.25555e-07  -7.87671e-07  8.18222e-07  -5.3871e-06  7.65962e-06  2.26956e-05  -3.95957e-05
10.1506  -1.21411e-07  -7.64407e-07  7.94886e-07  -5.25108e-06  7.486e-06  2.22027e-05  -3.88e-05
10.1668  -1.17403e-07  -7.41832e-07  7.72216e-07  -5.11852e-06  7.31635e-06  2.17207e-05  -3.80205e-05
10.1829  -1.13528e-07  -7.19925e-07  7.50195e-07  -4.98932e-06  7.15057e-06  2.12491e-05  -3.7257e-05
10.1991  -1.0978e-07  -6.98667e-07  7.28803e-07  -4.8634e-06  6.98858e-06  2.07879e-05  -3.6509e-05
10.2152  -1.06157e-07  -6.78039e-07  7.08022e-07  -4.74068e-06  6.83028e-06  2.03368e-05  -3.57764e-05
10.2314  -1.02654e-07  -6.58021e-07  6.87836e-07  -4.62108e-06  6.6756e-06  1.98956e-05  -3.50587e-05
10.2476  -9.92659e-08  -6.38596e-07  6.68226e-07  -4.50451e-06  6.52444e-06  1.9464e-05  -3.43557e-05
10.2637  -9.59901e-08  -6.19746e-07  6.49177e-07  -4.3909e-06  6.37674e-06  1.90419e-05  -3.3667e-05
10.2799  -9.28226e-08  -6.01453e-07  6.30672e-07  -4.28018e-06  6.23241e-06  1.8629e-05  -3.29924e-05
10.2961  -8.97598e-08  -5.83703e-07  6.12696e-07  -4.17226e-06  6.09137e-06  1.82251e-05  -3.23315e-05
10.3122  -8.67982e-08  -5.66477e-07  5.95233e-07  -4.06709e-06  5.95356e-06  1.783e-05  -3.16841e-05
10.3284  -8.39345e-08  -5.49762e-07  5.78269e-07  -3.96458e-06  5.81888e-06  1.74436e-05  -3.10499e-05
10.3445  -8.11654e-08  -5.3354e-07  5.6179e-07  -3.86467e-06  5.68728e-06  1.70657e-05  -3.04287e-05
10.3607  -7.84877e-08  -5.17799e-07  5.45782e-07  -3.76729e-06  5.55869e-06  1.6696e-05  -2.98201e-05
10.3769  -7.58986e-08  -5.02524e-07  5.30231e-07  -3.67239e-06  5.43303e-06  1.63344e-05  -2.92239e-05
10.393  -7.3395e-08  -4.877e-07  5.15125e-07  -3.57989e-06  5.31023e-06  1.59807e-05  -2.86399e-05
10.4092  -7.0974e-08  -4.73315e-07  5.0045e-07  -3.48973e-06  5.19024e-06  1.56348e-05  -2.80677e-05
10.4254  -6.86331e-08  -4.59356e-07  4.86194e-07  -3.40186e-06  5.07298e-06  1.52964e-05  -2.75072e-05
10.4415  -6.63695e-08  -4.45809e-07  4.72345e-07  -3.31622e-06  4.95841e-06  1.49654e-05  -2.69582e-05
10.4577  -6.41807e-08  -4.32663e-07  4.58892e-07  -3.23275e-06  4.84644e-06  1.46416e-05  -2.64203e-05
10.4739  -6.20641e-08  -4.19906e-07  4.45823e-07  -3.15139e-06  4.73703e-06  1.43249e-05  -2.58933e-05
10.49  -6.00175e-08  -4.07526e-07  4.33127e-07  -3.0721e-06  4.63012e-06  1.40152e-05  -2.53771e-05
10.5062  -5.80385e-08  -3.95513e-07  4.20794e-07  -2.99481e-06  4.52565e-06  1.37122e-05  -2.48713e-05
10.5223  -5.61248e-08  -3.83854e-07  4.08813e-07  -2.91949e-06  4.42356e-06  1.34159e-05  -2.43759e-05
10.5385  -5.42743e-08  -3.7254e-07  3.97174e-07  -2.84607e-06  4.3238e-06  1.3126e-05  -2.38906e-05
10.5547  -5.24849e-08  -3.61561e-07  3.85868e-07  -2.77451e-06  4.22632e-06  1.28424e-05  -2.34151e-05
10.5708  -5.07547e-08  -3.50906e-07  3.74884e-07  -2.70476e-06  4.13106e-06  1.25651e-05  -2.29492e-05
10.587  -4.90815e-08  -3.40566e-07  3.64214e-07  -2.63678e-06  4.03798e-06  1.22938e-05  -2.24929e-05
10.6032  -4.74636e-08  -3.30532e-07  3.53849e-07  -2.57052e-06  3.94702e-06  1.20285e-05  -2.20458e-05
10.6193  -4.58991e-08  -3.20794e-07  3.4378e-07  -2.50593e-06  3.85814e-06  1.1769e-05  -2.16078e-05
10.6355  -4.43863e-08  -3.11344e-07  3.33998e-07  -2.44299e-06  3.77129e-06  1.15151e-05  -2.11788e-05
10.6517  -4.29234e-08  -3.02174e-07  3.24495e-07  -2.38163e-06  3.68642e-06  1.12668e-05  -2.07584e-05
10.6678  -4.15088e-08  -2.93274e-07  3.15264e-07  -2.32183e-06  3.60349e-06  1.10239e-05  -2.03466e-05
10.684  -4.0141e-08  -2.84638e-07  3.06297e-07  -2.26355e-06  3.52246e-06  1.07864e-05  -1.99431e-05
10.7001  -3.88182e-08  -2.76256e-07  2.97585e-07  -2.20674e-06  3.44327e-06  1.0554e-05  -1.95478e-05
10.7163  -3.75392e-08  -2.68123e-07  2.89122e-07  -2.15136e-06  3.3659e-06  1.03268e-05  -1.91606e-05
10.7325  -3.63023e-08  -2.60229e-07  2.80901e-07  -2.09739e-06  3.29029e-06  1.01045e-05  -1.87813e-05
10.7486  -3.51063e-08  -2.52569e-07  2.72914e-07  -2.04478e-06  3.21641e-06  9.88703e-06  -1.84096e-05
10.7648  -3.39498e-08  -2.45135e-07  2.65156e-07  -1.99351e-06  3.14422e-06  9.67435e-06  -1.80455e-05
10.781  -3.28314e-08  -2.37921e-07  2.57619e-07  -1.94353e-06  3.07368e-06  9.46633e-06  -1.76888e-05
10.7971  -3.175e-08  -2.3092e-07  2.50297e-07  -1.89482e-06  3.00475e-06  9.26287e-06  -1.73393e-05
10.8133  -3.07042e-08  -2.24126e-07  2.43185e-07  -1.84734e-06  2.9374e-06  9.06387e-06  -1.69969e-05
10.8294  -2.9693e-08  -2.17532e-07  2.36275e-07  -1.80106e-06  2.87159e-06  8.86922e-06  -1.66615e-05
10.8456  -2.87151e-08  -2.11134e-07  2.29563e-07  -1.75595e-06  2.80729e-06  8.67884e-06  -1.63329e-05
10.8618  -2.77695e-08  -2.04924e-07  2.23043e-07  -1.71198e-06  2.74446e-06  8.49263e-06  -1.6011e-05
10.8779  -2.68552e-08  -1.98898e-07  2.16708e-07  -1.66913e-06  2.68306e-06  8.31051e-06  -1.56956e-05
10.8941  -2.5971e-08  -1.9305e-07  2.10555e-07  -1.62736e-06  2.62308e-06  8.13237e-06  -1.53866e-05
10.9103  -2.51159e-08  -1.87374e-07  2.04577e-07  -1.58665e-06  2.56447e-06  7.95815e-06  -1.50839e-05
10.9264  -2.42891e-08  -1.81867e-07  1.9877e-07  -1.54697e-06  2.5072e-06  7.78775e-06  -1.47874e-05
10.9426  -2.34896e-08  -1.76522e-07  1.93129e-07  -1.50829e-06  2.45124e-06  7.62108e-06  -1.44968e-05
10.9588  -2.27165e-08  -1.71334e-07  1.87649e-07  -1.47059e-06  2.39657e-06  7.45808e-06  -1.42122e-05
10.9749  -2.19689e-08  -1.663e-07  1.82326e-07  -1.43385e-06  2.34316e-06  7.29866e-06  -1.39334e-05
10.9911  -2.12459e-08  -1.61415e-07  1.77155e-07  -1.39803e-06  2.29097e-06  7.14274e-06  -1.36602e-05
11.0072  -2.05469e-08  -1.56674e-07  1.72132e-07  -1.36312e-06  2.23998e-06  6.99024e-06  -1.33926e-05
11.0234  -1.98709e-08  -1.52074e-07  1.67252e-07  -1.3291e-06  2.19016e-06  6.8411e-06  -1.31304e-05
11.0396  -1.92172e-08  -1.47609e-07  1.62511e-07  -1.29593e-06  2.14149e-06  6.69524e-06  -1.28736e-05
11.0557  -1.8585e-08  -1.43276e-07  1.57907e-07  -1.26361e-06  2.09394e-06  6.55259e-06  -1.2622e-05
11.0719  -1.79738e-08  -1.39071e-07  1.53433e-07  -1.23211e-06  2.04748e-06  6.41309e-06  -1.23755e-05
11.0881  -1.73827e-08  -1.3499e-07  1.49088e-07  -1.2014e-06  2.00209e-06  6.27665e-06  -1.2134e-05
11.1042  -1.68111e-08  -1.3103e-07  1.44867e-07  -1.17147e-06  1.95775e-06  6.14322e-06  -1.18975e-05
11.1204  -1.62584e-08  -1.27187e-07  1.40767e-07  -1.1423e-06  1.91443e-06  6.01274e-06  -1.16657e-05
11.1366  -1.5724e-08  -1.23458e-07  1.36784e-07  -1.11387e-06  1.87212e-06  5.88514e-06  -1.14387e-05
11.1527  -1.52072e-08  -1.19839e-07  1.32915e-07  -1.08616e-06  1.83078e-06  5.76035e-06  -1.12164e-05
11.1689  -1.47074e-08  -1.16327e-07  1.29157e-07  -1.05915e-06  1.7904e-06  5.63832e-06  -1.09985e-05
11.185  -1.42242e-08  -1.12918e-07  1.25506e-07  -1.03283e-06  1.75095e-06  5.51899e-06  -1.07851e-05
11.2012  -1.37569e-08  -1.09611e-07  1.21961e-07  -1.00717e-06  1.71242e-06  5.4023e-06  -1.05761e-05
11.2174  -1.3305e-08  -1.06401e-07  1.18516e-07  -9.8217e-07  1.67478e-06  5.2882e-06  -1.03713e-05
11.2335  -1.28681e-08  -1.03287e-07  1.1517e-07  -9.578e-07  1.63801e-06  5.17662e-06  -1.01708e-05
11.2497  -1.24456e-08  -1.00264e-07  1.11921e-07  -9.3405e-07  1.6021e-06  5.06752e-06  -9.97428e-06
11.2659  -1.2037e-08  -9.73311e-08  1.08764e-07  -9.10902e-07  1.56702e-06  4.96085e-06  -9.78182e-06
11.282  -1.1642e-08  -9.44849e-08  1.05698e-07  -8.88343e-07  1.53277e-06  4.85654e-06  -9.59331e-06
11.2982  -1.126e-08  -9.17229e-08  1.0272e-07  -8.66358e-07  1.49931e-06  4.75456e-06  -9.40867e-06
11.3143  -1.08906e-08  -8.90428e-08  9.98278e-08  -8.44931e-07  1.46663e-06  4.65485e-06  -9.22781e-06
11.3305  -1.05334e-08  -8.6442e-08  9.70185e-08  -8.2405e-07  1.43472e-06  4.55736e-06  -9.05066e-06
11.3467  -1.01881e-08  -8.39183e-08  9.42898e-08  -8.037e-07  1.40355e-06  4.46205e-06  -8.87716e-06
11.3628  -9.85416e-09  -8.14695e-08  9.16397e-08  -7.83869e-07  1.37312e-06  4.36887e-06  -8.70722e-06
11.379  -9.53127e-09  -7.90932e-08  8.90658e-08  -7.64543e-07  1.3434e-06  4.27777e-06  -8.54078e-06
11.3952  -9.21906e-09  -7.67874e-08  8.65661e-08  -7.4571e-07  1.31438e-06  4.18872e-06  -8.37777e-06
11.4113  -8.91719e-09  -7.45501e-08  8.41383e-08  -7.27358e-07  1.28605e-06  4.10166e-06  -8.21813e-06
11.4275  -8.6253e-09  -7.23792e-08  8.17806e-08  -7.09474e-07  1.25838e-06  4.01656e-06  -8.06178e-06
11.4437  -8.34308e-09  -7.02727e-08  7.94908e-08  -6.92047e-07  1.23137e-06  3.93338e-06  -7.90866e-06
11.4598  -8.07021e-09  -6.82289e-08  7.72672e-08  -6.75066e-07  1.205e-06  3.85207e-06  -7.75871e-06
11.476  -7.80638e-09  -6.62458e-08  7.51079e-08  -6.5852e-07  1.17926e-06  3.7726e-06  -7.61187e-06
11.4921  -7.55129e-09  -6.43217e-08  7.3011e-08  -6.42398e-07  1.15413e-06  3.69493e-06  -7.46808e-06
11.5083  -7.30466e-09  -6.24549e-08  7.09748e-08  -6.26689e-07  1.1296e-06  3.61902e-06  -7.32727e-06
11.5245  -7.06622e-09  -6.06437e-08  6.89976e-08  -6.11383e-07  1.10566e-06  3.54483e-06  -7.1894e-06
11.5406  -6.83568e-09  -5.88865e-08  6.70778e-08  -5.9647e-07  1.08229e-06  3.47234e-06  -7.0544e-06
11.5568  -6.6128e-09  -5.71817e-08  6.52137e-08  -5.81941e-07  1.05949e-06  3.40149e-06  -6.92222e-06
11.573  -6.39733e-09  -5.55278e-08  6.34038e-08  -5.67787e-07  1.03724e-06  3.33227e-06  -6.7928e-06
11.5891  -6.18901e-09  -5.39233e-08  6.16466e-08  -5.53997e-07  1.01552e-06  3.26463e-06  -6.66609e-06
11.6053  -5.98763e-09  -5.23667e-08  5.99407e-08  -5.40563e-07  9.94334e-07  3.19854e-06  -6.54204e-06
11.6215  -5.79295e-09  -5.08568e-08  5.82845e-08  -5.27477e-07  9.73663e-07  3.13398e-06  -6.42061e-06
11.6376  -5.60475e-09  -4.93921e-08  5.66768e-08  -5.14729e-07  9.53498e-07  3.07091e-06  -6.30173e-06
11.6538  -5.42283e-09  -4.79713e-08  5.51162e-08  -5.02313e-07  9.33828e-07  3.0093e-06  -6.18536e-06
11.6699  -5.24697e-09  -4.65932e-08  5.36013e-08  -4.90218e-07  9.14642e-07  2.94912e-06  -6.07145e-06
11.6861  -5.07699e-09  -4.52565e-08  5.2131e-08  -4.78438e-07  8.95931e-07  2.89034e-06  -5.95996e-06
11.7023  -4.91269e-09  -4.396e-08  5.07039e-08  -4.66966e-07  8.77685e-07  2.83294e-06  -5.85084e-06
11.7184  -4.75389e-09  -4.27027e-08  4.9319e-08  -4.55793e-07  8.59893e-07  2.77688e-06  -5.74405e-06
11.7346  -4.6004e-09  -4.14833e-08  4.7975e-08  -4.44912e-07  8.42548e-07  2.72215e-06  -5.63953e-06
11.7508  -4.45206e-09  -4.03007e-08  4.66708e-08  -4.34317e-07  8.2564e-07  2.6687e-06  -5.53726e-06
11.7669  -4.3087e-09  -3.9154e-08  4.54054e-08  -4.24e-07  8.0916e-07  2.61652e-06  -5.43719e-06
11.7831  -4.17016e-09  -3.8042e-08  4.41776e-08  -4.13955e-07  7.93099e-07  2.56559e-06  -5.33927e-06
11.7992  -4.03629e-09  -3.69639e-08  4.29866e-08  -4.04175e-07  7.77449e-07  2.51587e-06  -5.24347e-06
11.8154  -3.90693e-09  -3.59185e-08  4.18312e-08  -3.94654e-07  7.62201e-07  2.46735e-06  -5.14975e-06
11.8316  -3.78193e-09  -3.49051e-08  4.07105e-08  -3.85386e-07  7.47349e-07  2.42e-06  -5.05807e-06
11.8477  -3.66117e-09  -3.39227e-08  3.96236e-08  -3.76365e-07  7.32883e-07  2.37379e-06  -4.9684e-06
11.8639  -3.5445e-09  -3.29704e-08  3.85695e-08  -3.67585e-07  7.18797e-07  2.32872e-06  -4.88069e-06
11.8801  -3.43179e-09  -3.20474e-08  3.75475e-08  -3.5904e-07  7.05083e-07  2.28474e-06  -4.79491e-06
11.8962  -3.32292e-09  -3.11528e-08  3.65566e-08  -3.50725e-07  6.91734e-07  2.24185e-06  -4.71102e-06
11.9124  -3.21777e-09  -3.02858e-08  3.5596e-08  -3.42634e-07  6.78743e-07  2.20002e-06  -4.629e-06
11.9286  -3.11621e-09  -2.94458e-08  3.46649e-08  -3.34763e-07  6.66103e-07  2.15924e-06  -4.54881e-06
11.9447  -3.01813e-09  -2.86319e-08  3.37626e-08  -3.27106e-07  6.53807e-07  2.11948e-06  -4.47041e-06
11.9609  -2.92343e-09  -2.78433e-08  3.28883e-08  -3.19657e-07  6.41849e-07  2.08072e-06  -4.39378e-06
11.977  -2.832e-09  -2.70795e-08  3.20412e-08  -3.12414e-07  6.30223e-07  2.04295e-06  -4.31888e-06
11.9932  -2.74372e-09  -2.63397e-08  3.12207e-08  -3.05369e-07  6.18923e-07  2.00614e-06  -4.24568e-06
12.0094  -2.65852e-09  -2.56233e-08  3.04261e-08  -2.9852e-07  6.07943e-07  1.97028e-06  -4.17416e-06
12.0255  -2.57628e-09  -2.49296e-08  2.96567e-08  -2.91862e-07  5.97277e-07  1.93536e-06  -4.10428e-06
12.0417  -2.49692e-09  -2.4258e-08  2.89119e-08  -2.8539e-07  5.86919e-07  1.90135e-06  -4.03602e-06
12.0579  -2.42036e-09  -2.36079e-08  2.8191e-08  -2.791e-07  5.76864e-07  1.86824e-06  -3.96934e-06
12.074  -2.34649e-09  -2.29787e-08  2.74935e-08  -2.72989e-07  5.67107e-07  1.83602e-06  -3.90423e-06
12.0902  -2.27525e-09  -2.23699e-08  2.68187e-08  -2.67052e-07  5.57643e-07  1.80466e-06  -3.84065e-06
12.1064  -2.20654e-09  -2.17809e-08  2.61662e-08  -2.61285e-07  5.48466e-07  1.77416e-06  -3.77857e-06
12.1225  -2.1403e-09  -2.12112e-08  2.55353e-08  -2.55685e-07  5.39573e-07  1.74449e-06  -3.71799e-06
12.1387  -2.07646e-09  -2.06604e-08  2.49256e-08  -2.50248e-07  5.30958e-07  1.71565e-06  -3.65886e-06
12.1548  -2.01492e-09  -2.01278e-08  2.43365e-08  -2.4497e-07  5.22616e-07  1.68762e-06  -3.60117e-06
12.171  -1.95564e-09  -1.9613e-08  2.37676e-08  -2.39849e-07  5.14544e-07  1.66039e-06  -3.54489e-06
12.1872  -1.89854e-09  -1.91156e-08  2.32183e-08  -2.3488e-07  5.06737e-07  1.63394e-06  -3.49e-06
12.2033  -1.84357e-09  -1.86352e-08  2.26883e-08  -2.30062e-07  4.99192e-07  1.60826e-06  -3.43647e-06
12.2195  -1.79064e-09  -1.81712e-08  2.21771e-08  -2.25389e-07  4.91903e-07  1.58334e-06  -3.3843e-06
12.2357  -1.73972e-09  -1.77234e-08  2.16842e-08  -2.20861e-07  4.84868e-07  1.55917e-06  -3.33344e-06
12.2518  -1.69074e-09  -1.72912e-08  2.12092e-08  -2.16473e-07  4.78082e-07  1.53573e-06  -3.28389e-06
12.268  -1.64364e-09  -1.68743e-08  2.07518e-08  -2.12223e-07  4.71543e-07  1.51302e-06  -3.23563e-06
12.2841  -1.59838e-09  -1.64724e-08  2.03115e-08  -2.08107e-07  4.65246e-07  1.49102e-06  -3.18863e-06
12.3003  -1.5549e-09  -1.6085e-08  1.98881e-08  -2.04125e-07  4.59189e-07  1.46972e-06  -3.14287e-06
12.3165  -1.51316e-09  -1.57119e-08  1.94811e-08  -2.00272e-07  4.53368e-07  1.44912e-06  -3.09834e-06
12.3326  -1.47311e-09  -1.53527e-08  1.90902e-08  -1.96546e-07  4.4778e-07  1.4292e-06  -3.05502e-06
12.3488  -1.43469e-09  -1.5007e-08  1.87151e-08  -1.92946e-07  4.42423e-07  1.40995e-06  -3.01289e-06
12.365  -1.39788e-09  -1.46746e-08  1.83555e-08  -1.89468e-07  4.37292e-07  1.39137e-06  -2.97194e-06
12.3811  -1.36263e-09  -1.43552e-08  1.8011e-08  -1.86111e-07  4.32387e-07  1.37344e-06  -2.93214e-06
12.3973  -1.32889e-09  -1.40485e-08  1.76815e-08  -1.82871e-07  4.27704e-07  1.35615e-06  -2.89349e-06
12.4135  -1.29664e-09  -1.37542e-08  1.73665e-08  -1.79748e-07  4.2324e-07  1.33951e-06  -2.85596e-06
12.4296  -1.26583e-09  -1.34721e-08  1.70659e-08  -1.7674e-07  4.18994e-07  1.32349e-06  -2.81955e-06
12.4458  -1.23644e-09  -1.32019e-08  1.67794e-08  -1.73843e-07  4.14963e-07  1.3081e-06  -2.78422e-06
12.4619  -1.20842e-09  -1.29433e-08  1.65068e-08  -1.71057e-07  4.11145e-07  1.29332e-06  -2.74999e-06
12.4781  -1.18175e-09  -1.26962e-08  1.62478e-08  -1.68379e-07  4.07537e-07  1.27916e-06  -2.71682e-06
12.4943  -1.1564e-09  -1.24603e-08  1.60022e-08  -1.65808e-07  4.04139e-07  1.26559e-06  -2.6847e-06
12.5104  -1.13233e-09  -1.22353e-08  1.57698e-08  -1.63342e-07  4.00948e-07  1.25261e-06  -2.65363e-06
12.5266  -1.10953e-09  -1.20212e-08  1.55505e-08  -1.6098e-07  3.97963e-07  1.24023e-06  -2.62358e-06
12.5428  -1.08796e-09  -1.18178e-08  1.5344e-08  -1.5872e-07  3.95182e-07  1.22842e-06  -2.59455e-06
12.5589  -1.06761e-09  -1.16247e-08  1.51501e-08  -1.5656e-07  3.92603e-07  1.2172e-06  -2.56653e-06
12.5751  -1.04844e-09  -1.14419e-08  1.49688e-08  -1.545e-07  3.90226e-07  1.20654e-06  -2.5395e-06
12.5913  -1.03044e-09  -1.12692e-08  1.47998e-08  -1.52538e-07  3.88048e-07  1.19645e-06  -2.51346e-06
12.6074  -1.01359e-09  -1.11065e-08  1.4643e-08  -1.50672e-07  3.86069e-07  1.18692e-06  -2.48838e-06
12.6236  -9.97867e-10  -1.09535e-08  1.44983e-08  -1.48901e-07  3.84287e-07  1.17795e-06  -2.46427e-06
12.6397  -9.83256e-10  -1.08102e-08  1.43656e-08  -1.47225e-07  3.82703e-07  1.16953e-06  -2.44111e-06
12.6559  -9.69739e-10  -1.06765e-08  1.42447e-08  -1.45642e-07  3.81314e-07  1.16166e-06  -2.41889e-06
12.6721  -9.57301e-10  -1.05521e-08  1.41355e-08  -1.44151e-07  3.8012e-07  1.15433e-06  -2.39761e-06
12.6882  -9.4593e-10  -1.04371e-08  1.4038e-08  -1.42752e-07  3.79121e-07  1.14755e-06  -2.37725e-06
12.7044  -9.3561e-10  -1.03312e-08  1.39521e-08  -1.41442e-07  3.78315e-07  1.1413e-06  -2.35781e-06
12.7206  -9.26332e-10  -1.02345e-08  1.38777e-08  -1.40222e-07  3.77703e-07  1.13558e-06  -2.33928e-06
12.7367  -9.18085e-10  -1.01468e-08  1.38147e-08  -1.39091e-07  3.77283e-07  1.1304e-06  -2.32165e-06
12.7529  -9.10859e-10  -1.0068e-08  1.37631e-08  -1.38047e-07  3.77057e-07  1.12574e-06  -2.30491e-06
12.769  -9.04646e-10  -9.99814e-09  1.37228e-08  -1.37091e-07  3.77023e-07  1.12161e-06  -2.28906e-06
12.7852  -8.9944e-10  -9.93705e-09  1.36939e-08  -1.36221e-07  3.77182e-07  1.11801e-06  -2.27409e-06
12.8014  -8.95234e-10  -9.88471e-09  1.36762e-08  -1.35437e-07  3.77533e-07  1.11493e-06  -2.26e-06
12.8175  -8.92023e-10  -9.84108e-09  1.36698e-08  -1.34739e-07  3.78076e-07  1.11237e-06  -2.24677e-06
12.8337  -8.89804e-10  -9.80611e-09  1.36746e-08  -1.34126e-07  3.78813e-07  1.11033e-06  -2.2344e-06
12.8499  -8.88575e-10  -9.77977e-09  1.36907e-08  -1.33597e-07  3.79743e-07  1.1088e-06  -2.2229e-06
12.866  -8.88333e-10  -9.76204e-09  1.37181e-08  -1.33153e-07  3.80866e-07  1.1078e-06  -2.21224e-06
12.8822  -8.89078e-10  -9.7529e-09  1.37568e-08  -1.32792e-07  3.82184e-07  1.10731e-06  -2.20244e-06
12.8984  -8.90812e-10  -9.75235e-09  1.38067e-08  -1.32515e-07  3.83697e-07  1.10734e-06  -2.19347e-06
12.9145  -8.93535e-10  -9.76037e-09  1.38681e-08  -1.32322e-07  3.85405e-07  1.10789e-06  -2.18535e-06
12.9307  -8.97252e-10  -9.77698e-09  1.39408e-08  -1.32212e-07  3.87309e-07  1.10895e-06  -2.17807e-06
