-8.32319  4.42644  0
-8.18706  4.44329  0
-8.3307  4.42677  0
-8.28154  4.43193  0
-8.23392  4.42855  0
-8.18549  4.43793  0
-8.27847  4.4384  0
-8.24114  4.43997  0
-8.29166  4.42964  0
-8.24095  4.42787  0
-8.2943  4.44669  0
-8.31678  4.43551  0
-8.26397  4.44788  0
-8.21786  4.44119  0
-8.32344  4.4228  0
-8.26342  4.42403  0
-8.25315  4.43614  0
-8.27666  4.42699  0
-8.27007  4.43782  0
-8.24121  4.43757  0
-8.27591  4.43002  0
-8.28659  4.43308  0
-8.24573  4.44127  0
-8.18678  4.44086  0
-8.23771  4.4372  0
-8.26061  4.42947  0
-8.29347  4.42943  0
-8.27909  4.43384  0
-8.3669  4.42291  0
-8.29819  4.42263  0
-8.27532  4.43786  0
-8.25162  4.43775  0
-8.28634  4.4393  0
-8.24034  4.44314  0
-8.33537  4.42925  0
-8.20182  4.4545  0
-8.26132  4.43629  0
-8.19  4.44011  0
-8.31723  4.43223  0
-8.27592  4.42921  0
-8.31378  4.43908  0
-8.34542  4.42384  0
-8.2674  4.43338  0
-8.30345  4.43135  0
-8.29741  4.41926  0
-8.31199  4.43502  0
-8.33355  4.41812  0
-8.26653  4.43472  0
-8.2708  4.43257  0
-8.16684  4.44268  0
