-8.33016  4.44937  0
-8.21437  4.4677  0
-8.36603  4.46369  0
-8.32414  4.464  0
-8.24907  4.45739  0
-8.28585  4.4558  0
-8.25988  4.46605  0
-8.27464  4.45744  0
-8.26209  4.45622  0
-8.29249  4.46611  0
-8.2737  4.45619  0
-8.3036  4.46178  0
-8.2401  4.46679  0
-8.26445  4.45176  0
-8.34182  4.46395  0
-8.28084  4.4653  0
-8.21709  4.46288  0
-8.30094  4.45566  0
-8.28465  4.45409  0
-8.27414  4.45913  0
-8.24352  4.46328  0
-8.31932  4.45139  0
-8.33962  4.46294  0
-8.29718  4.45715  0
-8.22706  4.45524  0
-8.24859  4.45386  0
-8.29572  4.44989  0
-8.2784  4.47112  0
-8.27193  4.46166  0
-8.3098  4.45843  0
-8.28917  4.46616  0
-8.25547  4.46335  0
-8.31554  4.46611  0
-8.32331  4.46039  0
-8.37133  4.44292  0
-8.3878  4.47208  0
-8.29664  4.45589  0
-8.34096  4.45905  0
-8.27689  4.45617  0
-8.31257  4.45859  0
-8.33149  4.45425  0
-8.27192  4.44877  0
-8.24275  4.4595  0
-8.27007  4.45678  0
-8.28166  4.47213  0
-8.27979  4.46342  0
-8.26421  4.45727  0
-8.22961  4.45387  0
-8.23412  4.46542  0
-8.30333  4.46254  0
