8.00000e-06
1.83887e-02
3.67694e-02
5.51500e-02
7.35307e-02
9.19114e-02
1.10292e-01
1.28673e-01
1.47053e-01
1.65434e-01
1.83815e-01
2.02195e-01
2.20576e-01
2.38957e-01
2.57338e-01
2.75718e-01
2.94099e-01
3.12480e-01
3.30860e-01
3.49241e-01
3.67622e-01
3.86002e-01
4.04383e-01
4.22764e-01
4.41144e-01
4.59525e-01
4.77906e-01
4.96286e-01
5.14667e-01
5.33048e-01
5.51428e-01
5.69809e-01
5.88190e-01
6.06570e-01
6.24951e-01
6.43332e-01
6.61713e-01
6.80093e-01
6.98474e-01
7.16855e-01
7.35235e-01
7.53616e-01
7.71997e-01
7.90377e-01
8.08758e-01
8.27139e-01
8.45519e-01
8.63900e-01
8.82281e-01
9.00661e-01
9.19042e-01
9.37423e-01
9.55803e-01
9.74184e-01
9.92565e-01
1.01095e+00
1.02933e+00
1.04771e+00
1.06609e+00
1.08447e+00
1.10285e+00
1.12123e+00
1.13961e+00
1.15799e+00
1.17637e+00
1.19475e+00
1.21313e+00
1.23151e+00
1.24989e+00
1.26828e+00
1.28666e+00
1.30504e+00
1.32342e+00
1.34180e+00
1.36018e+00
1.37856e+00
1.39694e+00
1.41532e+00
1.43370e+00
1.45208e+00
1.47046e+00
1.48884e+00
1.50722e+00
1.52560e+00
1.54399e+00
1.56237e+00
1.58075e+00
1.59913e+00
1.61751e+00
1.63589e+00
1.65427e+00
1.67265e+00
1.69103e+00
1.70941e+00
1.72779e+00
1.74617e+00
1.76455e+00
1.78293e+00
1.80131e+00
1.81970e+00
1.83808e+00
1.85646e+00
1.87484e+00
1.89322e+00
1.91160e+00
1.92998e+00
1.94836e+00
1.96674e+00
1.98512e+00
2.00350e+00
2.02188e+00
2.04026e+00
2.05864e+00
2.07703e+00
2.09541e+00
2.11379e+00
2.13217e+00
2.15055e+00
2.16893e+00
2.18731e+00
2.20569e+00
2.22407e+00
2.24245e+00
2.26083e+00
2.27921e+00
2.29759e+00
2.31597e+00
2.33435e+00
2.35274e+00
2.37112e+00
2.38950e+00
2.40788e+00
2.42626e+00
2.44464e+00
2.46302e+00
2.48140e+00
2.49978e+00
2.51816e+00
2.53654e+00
2.55492e+00
2.57330e+00
2.59168e+00
2.61006e+00
2.62845e+00
2.64683e+00
2.66521e+00
2.68359e+00
2.70197e+00
2.72035e+00
2.73873e+00
2.75711e+00
2.77549e+00
2.79387e+00
2.81225e+00
2.83063e+00
2.84901e+00
2.86739e+00
2.88578e+00
2.90416e+00
2.92254e+00
2.94092e+00
2.95930e+00
2.97768e+00
2.99606e+00
3.01444e+00
3.03282e+00
3.05120e+00
3.06958e+00
3.08796e+00
3.10634e+00
3.12472e+00
3.14310e+00
3.16149e+00
3.17987e+00
3.19825e+00
3.21663e+00
3.23501e+00
3.25339e+00
3.27177e+00
3.29015e+00
3.30853e+00
3.32691e+00
3.34529e+00
3.36367e+00
3.38205e+00
3.40043e+00
3.41881e+00
3.43720e+00
3.45558e+00
3.47396e+00
3.49234e+00
3.51072e+00
3.52910e+00
3.54748e+00
3.56586e+00
3.58424e+00
3.60262e+00
3.62100e+00
3.63938e+00
3.65776e+00
3.67614e+00
3.69453e+00
3.71291e+00
3.73129e+00
3.74967e+00
3.76805e+00
3.78643e+00
3.80481e+00
3.82319e+00
3.84157e+00
3.85995e+00
3.87833e+00
3.89671e+00
3.91509e+00
3.93347e+00
3.95185e+00
3.97024e+00
3.98862e+00
4.00700e+00
4.02538e+00
4.04376e+00
4.06214e+00
4.08052e+00
4.09890e+00
4.11728e+00
4.13566e+00
4.15404e+00
4.17242e+00
4.19080e+00
4.20918e+00
4.22756e+00
4.24595e+00
4.26433e+00
4.28271e+00
4.30109e+00
4.31947e+00
4.33785e+00
4.35623e+00
4.37461e+00
4.39299e+00
4.41137e+00
4.42975e+00
4.44813e+00
4.46651e+00
4.48489e+00
4.50328e+00
4.52166e+00
4.54004e+00
4.55842e+00
4.57680e+00
4.59518e+00
4.61356e+00
4.63194e+00
4.65032e+00
4.66870e+00
4.68708e+00
4.70546e+00
4.72384e+00
4.74222e+00
4.76060e+00
4.77899e+00
4.79737e+00
4.81575e+00
4.83413e+00
4.85251e+00
4.87089e+00
4.88927e+00
4.90765e+00
4.92603e+00
4.94441e+00
4.96279e+00
4.98117e+00
4.99955e+00
5.01793e+00
5.03631e+00
5.05470e+00
5.07308e+00
5.09146e+00
5.10984e+00
5.12822e+00
5.14660e+00
5.16498e+00
5.18336e+00
5.20174e+00
5.22012e+00
5.23850e+00
5.25688e+00
5.27526e+00
5.29364e+00
5.31203e+00
5.33041e+00
5.34879e+00
5.36717e+00
5.38555e+00
5.40393e+00
5.42231e+00
5.44069e+00
5.45907e+00
5.47745e+00
5.49583e+00
5.51421e+00
5.53259e+00
5.55097e+00
5.56935e+00
5.58774e+00
5.60612e+00
5.62450e+00
5.64288e+00
5.66126e+00
5.67964e+00
5.69802e+00
5.71640e+00
5.73478e+00
5.75316e+00
5.77154e+00
5.78992e+00
5.80830e+00
5.82668e+00
5.84506e+00
5.86345e+00
5.88183e+00
5.90021e+00
5.91859e+00
5.93697e+00
5.95535e+00
5.97373e+00
5.99211e+00
6.01049e+00
6.02887e+00
6.04725e+00
6.06563e+00
6.08401e+00
6.10239e+00
6.12078e+00
6.13916e+00
6.15754e+00
6.17592e+00
6.19430e+00
6.21268e+00
6.23106e+00
6.24944e+00
6.26782e+00
6.28620e+00
6.30458e+00
6.32296e+00
6.34134e+00
6.35972e+00
6.37810e+00
6.39649e+00
6.41487e+00
6.43325e+00
6.45163e+00
6.47001e+00
6.48839e+00
6.50677e+00
6.52515e+00
6.54353e+00
6.56191e+00
6.58029e+00
6.59867e+00
6.61705e+00
6.63543e+00
6.65381e+00
6.67220e+00
6.69058e+00
6.70896e+00
6.72734e+00
6.74572e+00
6.76410e+00
6.78248e+00
6.80086e+00
6.81924e+00
6.83762e+00
6.85600e+00
6.87438e+00
6.89276e+00
6.91114e+00
6.92953e+00
6.94791e+00
6.96629e+00
6.98467e+00
7.00305e+00
7.02143e+00
7.03981e+00
7.05819e+00
7.07657e+00
7.09495e+00
7.11333e+00
7.13171e+00
7.15009e+00
7.16847e+00
7.18685e+00
7.20524e+00
7.22362e+00
7.24200e+00
7.26038e+00
7.27876e+00
7.29714e+00
7.31552e+00
7.33390e+00
7.35228e+00
7.37066e+00
7.38904e+00
7.40742e+00
7.42580e+00
7.44418e+00
7.46256e+00
7.48095e+00
7.49933e+00
7.51771e+00
7.53609e+00
7.55447e+00
7.57285e+00
7.59123e+00
7.60961e+00
7.62799e+00
7.64637e+00
7.66475e+00
7.68313e+00
7.70151e+00
7.71989e+00
7.73828e+00
7.75666e+00
7.77504e+00
7.79342e+00
7.81180e+00
7.83018e+00
7.84856e+00
7.86694e+00
7.88532e+00
7.90370e+00
7.92208e+00
7.94046e+00
7.95884e+00
7.97722e+00
7.99560e+00
8.01399e+00
8.03237e+00
8.05075e+00
8.06913e+00
8.08751e+00
8.10589e+00
8.12427e+00
8.14265e+00
8.16103e+00
8.17941e+00
8.19779e+00
8.21617e+00
8.23455e+00
8.25293e+00
8.27131e+00
8.28970e+00
8.30808e+00
8.32646e+00
8.34484e+00
8.36322e+00
8.38160e+00
8.39998e+00
8.41836e+00
8.43674e+00
8.45512e+00
8.47350e+00
8.49188e+00
8.51026e+00
8.52864e+00
8.54703e+00
8.56541e+00
8.58379e+00
8.60217e+00
8.62055e+00
8.63893e+00
8.65731e+00
8.67569e+00
8.69407e+00
8.71245e+00
8.73083e+00
8.74921e+00
8.76759e+00
8.78597e+00
8.80435e+00
8.82274e+00
8.84112e+00
8.85950e+00
8.87788e+00
8.89626e+00
8.91464e+00
8.93302e+00
8.95140e+00
8.96978e+00
8.98816e+00
9.00654e+00
9.02492e+00
9.04330e+00
9.06168e+00
9.08006e+00
9.09845e+00
9.11683e+00
9.13521e+00
9.15359e+00
9.17197e+00
9.19035e+00
9.20873e+00
9.22711e+00
9.24549e+00
9.26387e+00
9.28225e+00
9.30063e+00
9.31901e+00
9.33739e+00
9.35578e+00
9.37416e+00
9.39254e+00
9.41092e+00
9.42930e+00
9.44768e+00
9.46606e+00
9.48444e+00
9.50282e+00
9.52120e+00
9.53958e+00
9.55796e+00
9.57634e+00
9.59472e+00
9.61310e+00
9.63149e+00
9.64987e+00
9.66825e+00
9.68663e+00
9.70501e+00
9.72339e+00
9.74177e+00
9.76015e+00
9.77853e+00
9.79691e+00
9.81529e+00
9.83367e+00
9.85205e+00
9.87043e+00
9.88881e+00
9.90720e+00
9.92558e+00
9.94396e+00
9.96234e+00
9.98072e+00
9.99910e+00
1.00175e+01
1.00359e+01
1.00542e+01
1.00726e+01
1.00910e+01
1.01094e+01
1.01278e+01
1.01461e+01
1.01645e+01
1.01829e+01
1.02013e+01
1.02197e+01
1.02380e+01
1.02564e+01
1.02748e+01
1.02932e+01
1.03116e+01
1.03300e+01
1.03483e+01
1.03667e+01
1.03851e+01
1.04035e+01
1.04219e+01
1.04402e+01
1.04586e+01
1.04770e+01
1.04954e+01
1.05138e+01
1.05321e+01
1.05505e+01
1.05689e+01
1.05873e+01
1.06057e+01
1.06240e+01
1.06424e+01
1.06608e+01
1.06792e+01
1.06976e+01
1.07159e+01
1.07343e+01
1.07527e+01
1.07711e+01
1.07895e+01
1.08078e+01
1.08262e+01
1.08446e+01
1.08630e+01
1.08814e+01
1.08998e+01
1.09181e+01
1.09365e+01
1.09549e+01
1.09733e+01
1.09917e+01
1.10100e+01
1.10284e+01
1.10468e+01
1.10652e+01
1.10836e+01
1.11019e+01
1.11203e+01
1.11387e+01
1.11571e+01
1.11755e+01
1.11938e+01
1.12122e+01
1.12306e+01
1.12490e+01
1.12674e+01
1.12857e+01
1.13041e+01
1.13225e+01
1.13409e+01
1.13593e+01
1.13777e+01
1.13960e+01
1.14144e+01
1.14328e+01
1.14512e+01
1.14696e+01
1.14879e+01
1.15063e+01
1.15247e+01
1.15431e+01
1.15615e+01
1.15798e+01
1.15982e+01
1.16166e+01
1.16350e+01
1.16534e+01
1.16717e+01
1.16901e+01
1.17085e+01
1.17269e+01
1.17453e+01
1.17636e+01
1.17820e+01
1.18004e+01
1.18188e+01
1.18372e+01
1.18555e+01
1.18739e+01
1.18923e+01
1.19107e+01
1.19291e+01
1.19475e+01
1.19658e+01
1.19842e+01
1.20026e+01
1.20210e+01
1.20394e+01
1.20577e+01
1.20761e+01
1.20945e+01
1.21129e+01
1.21313e+01
1.21496e+01
1.21680e+01
1.21864e+01
1.22048e+01
1.22232e+01
1.22415e+01
1.22599e+01
1.22783e+01
1.22967e+01
1.23151e+01
1.23334e+01
1.23518e+01
1.23702e+01
1.23886e+01
1.24070e+01
1.24253e+01
1.24437e+01
1.24621e+01
1.24805e+01
1.24989e+01
1.25173e+01
1.25356e+01
1.25540e+01
1.25724e+01
1.25908e+01
1.26092e+01
1.26275e+01
1.26459e+01
1.26643e+01
1.26827e+01
1.27011e+01
1.27194e+01
1.27378e+01
1.27562e+01
1.27746e+01
1.27930e+01
1.28113e+01
1.28297e+01
1.28481e+01
1.28665e+01
1.28849e+01
1.29032e+01
1.29216e+01
1.29400e+01
1.29584e+01
1.29768e+01
1.29952e+01
1.30135e+01
1.30319e+01
1.30503e+01
1.30687e+01
1.30871e+01
1.31054e+01
1.31238e+01
1.31422e+01
1.31606e+01
1.31790e+01
1.31973e+01
1.32157e+01
1.32341e+01
1.32525e+01
1.32709e+01
1.32892e+01
1.33076e+01
1.33260e+01
1.33444e+01
1.33628e+01
1.33811e+01
1.33995e+01
1.34179e+01
1.34363e+01
1.34547e+01
1.34730e+01
1.34914e+01
1.35098e+01
1.35282e+01
1.35466e+01
1.35650e+01
1.35833e+01
1.36017e+01
1.36201e+01
1.36385e+01
1.36569e+01
1.36752e+01
1.36936e+01
1.37120e+01
1.37304e+01
1.37488e+01
1.37671e+01
1.37855e+01
1.38039e+01
1.38223e+01
1.38407e+01
1.38590e+01
1.38774e+01
1.38958e+01
1.39142e+01
1.39326e+01
1.39509e+01
1.39693e+01
1.39877e+01
1.40061e+01
1.40245e+01
1.40428e+01
1.40612e+01
1.40796e+01
1.40980e+01
1.41164e+01
1.41348e+01
1.41531e+01
1.41715e+01
1.41899e+01
1.42083e+01
1.42267e+01
1.42450e+01
1.42634e+01
1.42818e+01
1.43002e+01
1.43186e+01
1.43369e+01
1.43553e+01
1.43737e+01
1.43921e+01
1.44105e+01
1.44288e+01
1.44472e+01
1.44656e+01
1.44840e+01
1.45024e+01
1.45207e+01
1.45391e+01
1.45575e+01
1.45759e+01
1.45943e+01
1.46127e+01
1.46310e+01
1.46494e+01
1.46678e+01
1.46862e+01
1.47046e+01
