67.8716  69.395  69.8909  
67.8769  69.3971  69.8917  
67.8101  69.3698  69.8924  
67.8897  69.4029  69.8911  
67.904  69.4086  69.8888  
67.8278  69.378  69.891  
67.8131  69.3723  69.8874  
67.8148  69.3726  69.8938  
67.8093  69.367  69.886  
67.8554  69.3927  69.9051  
67.7776  69.3556  69.8894  
67.8878  69.4017  69.8964  
67.8623  69.3924  69.8861  
67.8435  69.3838  69.8928  
67.9384  69.4211  69.8898  
67.8365  69.3822  69.8914  
67.7939  69.3695  69.901  
67.8633  69.3938  69.8956  
67.8379  69.3806  69.8868  
67.8013  69.3714  69.9051  
67.8885  69.4039  69.8937  
67.8508  69.3889  69.889  
67.802  69.3682  69.892  
67.7661  69.3472  69.885  
67.8239  69.3757  69.9003  
67.8425  69.3809  69.8879  
67.8997  69.4077  69.8975  
67.8873  69.4041  69.9006  
67.8537  69.3872  69.893  
67.8409  69.3793  69.8838  
67.8156  69.3718  69.8853  
67.8231  69.3766  69.8977  
67.7699  69.3542  69.8868  
67.8487  69.3893  69.8954  
67.8236  69.3763  69.8889  
67.8307  69.3827  69.8907  
67.7935  69.365  69.8929  
67.8823  69.4016  69.896  
67.8618  69.3942  69.8956  
67.8845  69.4002  69.8973  
67.8687  69.3916  69.8869  
67.8919  69.4016  69.883  
67.9006  69.4004  69.8878  
67.8279  69.3768  69.8952  
67.8569  69.3939  69.9009  
67.8144  69.3721  69.8855  
67.82  69.3742  69.8901  
67.8993  69.4081  69.8889  
67.8571  69.3886  69.8932  
67.8235  69.3821  69.8979  
