66.9463  67.5183  67.5908  68.1992  68.3842  68.6583  68.9478  69.2794  69.5833  69.675  69.7315  70.2179  70.4406  
66.9876  67.5584  67.6283  68.2325  68.4097  68.6646  68.9714  69.2874  69.5731  69.6614  69.7442  70.2067  70.4205  
66.9576  67.5265  67.597  68.2035  68.383  68.6531  68.9484  69.2702  69.5739  69.664  69.7293  70.2024  70.4303  
66.9794  67.553  67.6259  68.2321  68.4166  68.6799  68.9761  69.3048  69.5935  69.6844  69.7534  70.2329  70.4426  
66.9368  67.5162  67.589  68.2017  68.3876  68.6526  68.9519  69.2837  69.5711  69.6619  69.7343  70.2182  70.4216  
66.9896  67.5638  67.6348  68.2428  68.4232  68.6831  68.9865  69.308  69.594  69.6831  69.7633  70.2329  70.4411  
66.9912  67.5599  67.6311  68.2345  68.4152  68.6794  68.9756  69.2983  69.5937  69.6837  69.7516  70.2244  70.445  
66.9872  67.5634  67.6365  68.244  68.4293  68.6889  68.9886  69.318  69.6013  69.6917  69.7656  70.2452  70.4494  
66.9587  67.5289  67.5998  68.2074  68.3884  68.6597  68.9537  69.2782  69.5813  69.6718  69.7354  70.2122  70.437  
66.9368  67.5111  67.5834  68.1944  68.3792  68.6531  68.9452  69.2768  69.58  69.6722  69.7306  70.2174  70.4374  
67.0089  67.5762  67.6467  68.2503  68.4299  68.6969  68.9907  69.3119  69.6072  69.6963  69.7655  70.2363  70.4534  
66.9802  67.5485  67.6195  68.2244  68.4049  68.6739  68.968  69.2912  69.5939  69.6845  69.7475  70.2224  70.4499  
66.9912  67.5609  67.632  68.2351  68.4157  68.6754  68.9742  69.2965  69.5843  69.6737  69.747  70.2182  70.43  
66.9805  67.5522  67.6235  68.2292  68.4106  68.6724  68.9715  69.2953  69.5849  69.6743  69.7474  70.2209  70.4334  
66.9302  67.5044  67.5778  68.1878  68.3753  68.6508  68.939  69.2748  69.5789  69.6717  69.7247  70.217  70.4374  
66.9586  67.5322  67.6051  68.2137  68.3991  68.6698  68.9623  69.2937  69.5937  69.6854  69.7457  70.2308  70.4511  
66.9352  67.5123  67.5858  68.1965  68.3844  68.6528  68.9463  69.2822  69.5752  69.6674  69.7288  70.2198  70.4284  
66.9505  67.5253  67.598  68.2073  68.3924  68.6606  68.9556  69.2864  69.5824  69.6736  69.738  70.2219  70.4378  
66.9848  67.5562  67.6275  68.2338  68.4153  68.6803  68.977  69.3012  69.5928  69.6824  69.7539  70.2281  70.4406  
66.9981  67.5716  67.6437  68.248  68.43  68.6844  68.9881  69.3112  69.592  69.6812  69.7612  70.2316  70.4386  
66.931  67.5068  67.5803  68.1912  68.3792  68.6523  68.9425  69.2791  69.5791  69.6719  69.7276  70.2206  70.436  
66.9588  67.5322  67.605  68.2102  68.3944  68.654  68.953  69.2811  69.5689  69.6597  69.7293  70.2082  70.4204  
67.0138  67.5828  67.6535  68.2555  68.4342  68.6907  68.9927  69.3107  69.5954  69.6839  69.7636  70.2278  70.4394  
66.9854  67.559  67.6311  68.2392  68.4228  68.6893  68.9848  69.3127  69.6036  69.6944  69.7632  70.2426  70.4506  
66.9894  67.5651  67.6385  68.2429  68.4276  68.6792  68.9835  69.3107  69.5876  69.6777  69.7565  70.2317  70.4352  
66.9619  67.537  67.6095  68.2175  68.4014  68.6638  68.9633  69.2911  69.581  69.6716  69.7428  70.2214  70.4338  
66.9968  67.5701  67.642  68.2478  68.4293  68.6878  68.9902  69.3127  69.5986  69.6876  69.7664  70.2365  70.4487  
66.969  67.5389  67.61  68.2182  68.4  68.6755  68.9658  69.2921  69.5979  69.6891  69.7486  70.2284  70.4523  
66.9461  67.516  67.5875  68.1966  68.3793  68.6585  68.9466  69.2751  69.5877  69.6794  69.7331  70.2168  70.4491  
66.9324  67.5079  67.5811  68.1937  68.3811  68.6596  68.9478  69.284  69.5913  69.6839  69.7369  70.2302  70.453  
66.9823  67.5537  67.6253  68.2306  68.4123  68.6748  68.9729  69.2972  69.5881  69.6781  69.7493  70.2234  70.4377  
67.0441  67.6106  67.6805  68.28  68.4557  68.7097  69.0144  69.3263  69.6119  69.6992  69.7837  70.2391  70.4571  
66.9888  67.5574  67.6289  68.2296  68.4103  68.6669  68.9667  69.2883  69.5758  69.6654  69.738  70.208  70.424  
66.9701  67.547  67.621  68.2297  68.4179  68.6826  68.9764  69.3118  69.5969  69.6888  69.7547  70.2431  70.4427  
66.9805  67.5512  67.6227  68.2277  68.4088  68.6718  68.9702  69.2932  69.5866  69.6762  69.7476  70.22  70.4395  
67.0333  67.6027  67.6726  68.2752  68.4519  68.7064  69.0117  69.3263  69.6081  69.6959  69.7814  70.241  70.4492  
66.9995  67.5703  67.6409  68.2449  68.4234  68.6797  68.9842  69.302  69.5878  69.6762  69.7577  70.2218  70.4359  
66.9824  67.561  67.6339  68.2396  68.4232  68.6684  68.9797  69.3043  69.5737  69.6626  69.7514  70.2219  70.4194  
66.9721  67.5423  67.6148  68.2203  68.4044  68.6746  68.9656  69.2949  69.5961  69.6875  69.7462  70.2288  70.4522  
66.9502  67.5262  67.599  68.2094  68.3951  68.6636  68.9588  69.2906  69.5857  69.6769  69.7419  70.2271  70.4408  
66.9889  67.5575  67.6288  68.2312  68.412  68.6731  68.9706  69.2931  69.585  69.6744  69.7447  70.2164  70.4352  
66.9424  67.5156  67.5885  68.1987  68.3852  68.6626  68.9498  69.2842  69.59  69.6819  69.7359  70.2262  70.4484  
66.9585  67.532  67.604  68.2124  68.3963  68.6639  68.9592  69.288  69.5839  69.6744  69.7402  70.2215  70.4379  
66.9747  67.5496  67.6222  68.2295  68.4136  68.6748  68.9739  69.3017  69.5879  69.6777  69.7515  70.2291  70.4376  
66.9407  67.515  67.5882  68.2007  68.3883  68.6707  68.9549  69.2918  69.601  69.694  69.7438  70.2384  70.4592  
66.963  67.534  67.6061  68.2106  68.3938  68.657  68.9528  69.2797  69.5715  69.6619  69.7289  70.2069  70.4217  
66.9102  67.4889  67.5629  68.1804  68.3709  68.6577  68.9405  69.2831  69.594  69.6874  69.7348  70.2375  70.4554  
66.9551  67.5296  67.6018  68.2099  68.394  68.6578  68.9552  69.2839  69.573  69.6633  69.7334  70.2136  70.4222  
66.9307  67.5077  67.5808  68.1913  68.3777  68.6442  68.9404  69.2736  69.5658  69.6576  69.7225  70.2096  70.4192  
67.0159  67.5919  67.6651  68.2717  68.4564  68.7138  69.0146  69.3423  69.621  69.7113  69.7893  70.2654  70.4645  
