65.9794  66.5933  66.6528  67.329  67.4899  67.7987  68.137  68.4373  68.7598  68.8527  68.9799  69.4378  69.6645  69.8186  69.8257  69.8751  
66.0703  66.6801  66.7382  67.407  67.5621  67.8551  68.2028  68.4902  68.7929  68.8825  69.0316  69.4678  69.6784  69.8272  69.8627  69.8838  
66.0125  66.6221  66.68  67.3528  67.5089  67.815  68.1559  68.4472  68.7692  68.8604  68.9948  69.4397  69.6699  69.8218  69.8377  69.8799  
65.9847  66.6023  66.6622  67.3383  67.4988  67.7957  68.1438  68.4415  68.7493  68.8412  68.9827  69.4345  69.6495  69.8023  69.8241  69.8594  
65.9854  66.6067  66.6666  67.3483  67.5101  67.8135  68.1595  68.4604  68.7692  68.8612  69.0029  69.4592  69.6668  69.8194  69.8466  69.874  
66.023  66.6382  66.697  67.3709  67.5288  67.8234  68.1723  68.465  68.7671  68.8574  69.0059  69.4495  69.6564  69.8064  69.841  69.8623  
66.0243  66.6342  66.693  67.3624  67.5202  67.8179  68.161  68.4542  68.765  68.8562  68.9938  69.4396  69.6597  69.8111  69.8299  69.8686  
66.002  66.6199  66.6806  67.3545  67.5171  67.8094  68.1565  68.4572  68.7548  68.8466  68.9898  69.444  69.6454  69.7971  69.8239  69.8524  
66.0056  66.6165  66.6749  67.3487  67.5063  67.8128  68.153  68.4471  68.768  68.8597  68.9925  69.4413  69.6682  69.8206  69.8352  69.8775  
65.9753  66.5916  66.6509  67.3301  67.4906  67.8002  68.141  68.4409  68.7645  68.8578  68.9868  69.4446  69.6708  69.8255  69.835  69.8806  
66.0271  66.6352  66.6935  67.3618  67.519  67.8176  68.1583  68.4508  68.76  68.8503  68.9882  69.4331  69.6486  69.7987  69.8208  69.8556  
66.0127  66.6213  66.6801  67.3495  67.5073  67.8087  68.1489  68.4429  68.7594  68.8512  68.9833  69.4313  69.6569  69.8091  69.8214  69.8664  
66.0426  66.6531  66.7119  67.3814  67.539  67.8348  68.1789  68.4715  68.7769  68.8675  69.0093  69.4537  69.6656  69.8161  69.842  69.8724  
66.0388  66.6506  66.7096  67.3809  67.5395  67.8378  68.1806  68.4752  68.7816  68.8723  69.013  69.4601  69.6708  69.8212  69.8472  69.8773  
65.9572  66.5745  66.6345  67.3142  67.4767  67.7876  68.1266  68.4301  68.7552  68.849  68.9741  69.4371  69.6653  69.821  69.8244  69.877  
65.9763  66.5924  66.6524  67.3289  67.4904  67.7943  68.1366  68.4372  68.7542  68.8471  68.9787  69.436  69.6587  69.8126  69.8237  69.8693  
65.9839  66.6028  66.6632  67.3423  67.5059  67.8115  68.1522  68.4569  68.7704  68.8638  68.9948  69.4577  69.67  69.8244  69.8381  69.8781  
65.9883  66.6048  66.6647  67.3414  67.5029  67.8065  68.1488  68.4491  68.763  68.8554  68.9897  69.4461  69.6634  69.8166  69.8327  69.8727  
66.0129  66.626  66.6848  67.358  67.5164  67.8157  68.1598  68.4542  68.763  68.8538  68.9948  69.4421  69.6559  69.8069  69.832  69.8635  
66.0287  66.644  66.7038  67.3751  67.5345  67.8235  68.1738  68.468  68.7646  68.8551  69.0045  69.449  69.6539  69.8042  69.8372  69.8614  
65.9676  66.5857  66.646  67.3256  67.489  67.7979  68.1372  68.442  68.7623  68.8562  68.9827  69.447  69.6676  69.823  69.8298  69.8774  
66.0149  66.6305  66.6904  67.3646  67.5249  67.8225  68.1684  68.4655  68.7738  68.8658  69.0057  69.4565  69.6718  69.8245  69.8454  69.8814  
66.0408  66.652  66.7104  67.3796  67.5356  67.8264  68.1759  68.4646  68.7661  68.8557  69.0054  69.4431  69.6552  69.8045  69.8379  69.8626  
65.9925  66.6092  66.6684  67.3448  67.5047  67.8043  68.1503  68.4478  68.7569  68.8488  68.9887  69.4408  69.6532  69.8057  69.8285  69.8606  
66.0233  66.6413  66.7022  67.3744  67.5362  67.8232  68.1743  68.4723  68.7656  68.8569  69.0056  69.4549  69.6561  69.8074  69.8386  69.8641  
66.0009  66.6178  66.6776  67.3533  67.5138  67.812  68.1585  68.4561  68.764  68.8558  68.9968  69.4482  69.6616  69.8139  69.8372  69.8703  
66.0146  66.6292  66.6889  67.3601  67.5195  67.8104  68.1591  68.4534  68.7525  68.8428  68.9905  69.4354  69.6432  69.7931  69.8244  69.8513  
65.9853  66.597  66.6554  67.3302  67.4884  67.7962  68.1359  68.4317  68.7544  68.8467  68.9767  69.4286  69.6564  69.8096  69.8206  69.8656  
65.9737  66.5847  66.6434  67.3184  67.4776  67.7893  68.1255  68.4234  68.752  68.8448  68.9688  69.4243  69.6586  69.8126  69.8158  69.8697  
65.9572  66.5739  66.6342  67.3129  67.4767  67.7879  68.1241  68.4299  68.7528  68.8468  68.9696  69.4354  69.6586  69.8136  69.817  69.8685  
66.0177  66.6306  66.6898  67.3618  67.5205  67.8176  68.1626  68.4572  68.7649  68.8561  68.9968  69.4441  69.6588  69.8102  69.8335  69.8669  
66.0548  66.6625  66.7207  67.3849  67.539  67.8239  68.1753  68.4597  68.7568  68.8454  68.9991  69.4297  69.6428  69.7902  69.8273  69.8503  
66.0452  66.6556  66.7146  67.3833  67.5406  67.8345  68.1806  68.4719  68.7785  68.8691  69.0119  69.4541  69.672  69.8229  69.8468  69.8813  
65.9719  66.593  66.6537  67.3327  67.4965  67.7951  68.1413  68.4454  68.7506  68.8437  68.9816  69.4425  69.6485  69.8027  69.8224  69.8566  
66.0154  66.6273  66.6864  67.3573  67.5157  67.8128  68.1573  68.451  68.7597  68.8505  68.9912  69.437  69.6546  69.8055  69.8283  69.8639  
66.0614  66.6705  66.7288  67.3946  67.5501  67.8368  68.1859  68.4735  68.7675  68.8566  69.0088  69.4441  69.6467  69.7946  69.8337  69.8509  
66.0463  66.6573  66.716  67.3848  67.5413  67.8325  68.1807  68.4702  68.7707  68.8603  69.0095  69.448  69.658  69.8069  69.8411  69.865  
66.0555  66.6739  66.7349  67.4064  67.5679  67.8515  68.2042  68.5008  68.7861  68.8764  69.0318  69.4775  69.6683  69.8178  69.8598  69.8735  
65.992  66.6041  66.6638  67.3359  67.4966  67.799  68.1389  68.438  68.7544  68.8471  68.9765  69.4317  69.6555  69.809  69.8174  69.866  
65.9853  66.6025  66.6626  67.3396  67.5019  67.8051  68.147  68.4488  68.7606  68.8531  68.9873  69.4455  69.6589  69.812  69.8291  69.8673  
66.0387  66.6479  66.7069  67.3749  67.533  67.8293  68.1717  68.4648  68.7724  68.8632  69.0021  69.4472  69.6637  69.8143  69.8357  69.8722  
65.9632  66.5783  66.6382  67.3157  67.4782  67.7888  68.1253  68.4287  68.7515  68.8448  68.9694  69.4319  69.6565  69.8109  69.816  69.8669  
66.0099  66.6234  66.6831  67.3569  67.5178  67.8208  68.1606  68.4599  68.7719  68.8638  68.9976  69.4522  69.6667  69.8188  69.8363  69.8745  
66.0054  66.6218  66.6819  67.356  67.5172  67.8131  68.1587  68.4572  68.7595  68.8506  68.9936  69.4451  69.6519  69.803  69.83  69.8599  
65.9312  66.5486  66.6084  67.2899  67.4527  67.7686  68.1048  68.4095  68.7399  68.8339  68.9552  69.4208  69.6526  69.8085  69.8085  69.8649  
66.0171  66.6302  66.6894  67.3627  67.5218  67.8227  68.1657  68.4615  68.7741  68.8656  69.0029  69.4525  69.6718  69.8241  69.8428  69.8814  
65.9122  66.5334  66.594  67.2793  67.4453  67.7641  68.0982  68.4093  68.7379  68.8327  68.9512  69.4257  69.6485  69.8049  69.805  69.8583  
66.0099  66.626  66.6854  67.3618  67.5221  67.824  68.1675  68.4655  68.7753  68.8668  69.0062  69.4586  69.6705  69.8225  69.8462  69.8783  
65.9884  66.6071  66.6672  67.3465  67.5086  67.8136  68.1566  68.4583  68.7722  68.8651  68.9997  69.4584  69.6728  69.8268  69.8439  69.8813  
65.9931  66.6131  66.6737  67.3484  67.5102  67.7977  68.1505  68.4492  68.7425  68.8339  68.9835  69.4343  69.6335  69.785  69.8176  69.8403  
