-8.71954  3.86013  0
-8.56944  3.86888  0
-8.7238  3.85742  0
-8.68908  3.87018  0
-8.61439  3.86435  0
-8.59435  3.86594  0
-8.68717  3.86717  0
-8.65756  3.86916  0
-8.68771  3.85955  0
-8.62372  3.86204  0
-8.72085  3.87165  0
-8.72776  3.86125  0
-8.65818  3.87672  0
-8.61372  3.86876  0
-8.71019  3.8613  0
-8.67044  3.85782  0
-8.62862  3.86995  0
-8.67251  3.8598  0
-8.67972  3.86836  0
-8.6522  3.86885  0
-8.65719  3.86503  0
-8.66472  3.8696  0
-8.65998  3.87267  0
-8.59562  3.87368  0
-8.64082  3.87057  0
-8.6557  3.86265  0
-8.72262  3.85824  0
-8.68896  3.86356  0
-8.77495  3.85233  0
-8.70224  3.85231  0
-8.67805  3.86839  0
-8.69471  3.8642  0
-8.6744  3.87359  0
-8.6385  3.88074  0
-8.74797  3.85918  0
-8.62694  3.87579  0
-8.673  3.8633  0
-8.57939  3.86927  0
-8.72814  3.86264  0
-8.67549  3.85968  0
-8.71748  3.8676  0
-8.75241  3.85633  0
-8.66472  3.86132  0
-8.71463  3.86291  0
-8.71037  3.85876  0
-8.69432  3.87111  0
-8.74007  3.85139  0
-8.64966  3.86918  0
-8.63942  3.86806  0
-8.60097  3.87493  0
