-8.7251  3.84428  0
-8.6082  3.86607  0
-8.77302  3.85977  0
-8.69876  3.8601  0
-8.61518  3.8566  0
-8.68442  3.84801  0
-8.62179  3.86988  0
-8.67192  3.85294  0
-8.64946  3.84975  0
-8.69814  3.85931  0
-8.70215  3.85194  0
-8.6944  3.85674  0
-8.6626  3.86152  0
-8.66388  3.8482  0
-8.74039  3.85707  0
-8.69775  3.8604  0
-8.62518  3.85691  0
-8.69817  3.85213  0
-8.65377  3.8573  0
-8.67454  3.85419  0
-8.60129  3.8565  0
-8.70084  3.84689  0
-8.7797  3.85727  0
-8.73528  3.85308  0
-8.62578  3.84985  0
-8.63863  3.84891  0
-8.68274  3.84593  0
-8.74105  3.86529  0
-8.65365  3.85532  0
-8.70451  3.85108  0
-8.69505  3.85986  0
-8.65556  3.86059  0
-8.71786  3.85962  0
-8.73128  3.8533  0
-8.77232  3.83973  0
-8.78309  3.86689  0
-8.76453  3.85282  0
-8.73523  3.85374  0
-8.64424  3.85584  0
-8.6829  3.85549  0
-8.6999  3.84729  0
-8.67488  3.84299  0
-8.6614  3.85545  0
-8.66885  3.84998  0
-8.68167  3.86535  0
-8.68595  3.85901  0
-8.66514  3.84811  0
-8.59367  3.84938  0
-8.61655  3.865  0
-8.73422  3.8565  0
