8.0000000000e-06
1.6171344204e-02
3.2334688407e-02
4.8498032611e-02
6.4661376814e-02
8.0824721018e-02
9.6988065222e-02
1.1315140943e-01
1.2931475363e-01
1.4547809783e-01
1.6164144204e-01
1.7780478624e-01
1.9396813044e-01
2.1013147465e-01
2.2629481885e-01
2.4245816305e-01
2.5862150726e-01
2.7478485146e-01
2.9094819566e-01
3.0711153987e-01
3.2327488407e-01
3.3943822828e-01
3.5560157248e-01
3.7176491668e-01
3.8792826089e-01
4.0409160509e-01
4.2025494929e-01
4.3641829350e-01
4.5258163770e-01
4.6874498190e-01
4.8490832611e-01
5.0107167031e-01
5.1723501451e-01
5.3339835872e-01
5.4956170292e-01
5.6572504713e-01
5.8188839133e-01
5.9805173553e-01
6.1421507974e-01
6.3037842394e-01
6.4654176814e-01
6.6270511235e-01
6.7886845655e-01
6.9503180075e-01
7.1119514496e-01
7.2735848916e-01
7.4352183337e-01
7.5968517757e-01
7.7584852177e-01
7.9201186598e-01
8.0817521018e-01
8.2433855438e-01
8.4050189859e-01
8.5666524279e-01
8.7282858699e-01
8.8899193120e-01
9.0515527540e-01
9.2131861960e-01
9.3748196381e-01
9.5364530801e-01
9.6980865222e-01
9.8597199642e-01
1.0021353406e+00
1.0182986848e+00
1.0344620290e+00
1.0506253732e+00
1.0667887174e+00
1.0829520616e+00
1.0991154058e+00
1.1152787500e+00
1.1314420943e+00
1.1476054385e+00
1.1637687827e+00
1.1799321269e+00
1.1960954711e+00
1.2122588153e+00
1.2284221595e+00
1.2445855037e+00
1.2607488479e+00
1.2769121921e+00
1.2930755363e+00
1.3092388805e+00
1.3254022247e+00
1.3415655689e+00
1.3577289131e+00
1.3738922573e+00
1.3900556015e+00
1.4062189457e+00
1.4223822899e+00
1.4385456341e+00
1.4547089783e+00
1.4708723225e+00
1.4870356667e+00
1.5031990109e+00
1.5193623551e+00
1.5355256993e+00
1.5516890435e+00
1.5678523877e+00
1.5840157320e+00
1.6001790762e+00
1.6163424204e+00
1.6325057646e+00
1.6486691088e+00
1.6648324530e+00
1.6809957972e+00
1.6971591414e+00
1.7133224856e+00
1.7294858298e+00
1.7456491740e+00
1.7618125182e+00
1.7779758624e+00
1.7941392066e+00
1.8103025508e+00
1.8264658950e+00
1.8426292392e+00
1.8587925834e+00
1.8749559276e+00
1.8911192718e+00
1.9072826160e+00
1.9234459602e+00
1.9396093044e+00
1.9557726486e+00
1.9719359928e+00
1.9880993370e+00
2.0042626812e+00
2.0204260254e+00
2.0365893697e+00
2.0527527139e+00
2.0689160581e+00
2.0850794023e+00
2.1012427465e+00
2.1174060907e+00
2.1335694349e+00
2.1497327791e+00
2.1658961233e+00
2.1820594675e+00
2.1982228117e+00
2.2143861559e+00
2.2305495001e+00
2.2467128443e+00
2.2628761885e+00
2.2790395327e+00
2.2952028769e+00
2.3113662211e+00
2.3275295653e+00
2.3436929095e+00
2.3598562537e+00
2.3760195979e+00
2.3921829421e+00
2.4083462863e+00
2.4245096305e+00
2.4406729747e+00
2.4568363189e+00
2.4729996631e+00
2.4891630074e+00
2.5053263516e+00
2.5214896958e+00
2.5376530400e+00
2.5538163842e+00
2.5699797284e+00
2.5861430726e+00
2.6023064168e+00
2.6184697610e+00
2.6346331052e+00
2.6507964494e+00
2.6669597936e+00
2.6831231378e+00
2.6992864820e+00
2.7154498262e+00
2.7316131704e+00
2.7477765146e+00
2.7639398588e+00
2.7801032030e+00
2.7962665472e+00
2.8124298914e+00
2.8285932356e+00
2.8447565798e+00
2.8609199240e+00
2.8770832682e+00
2.8932466124e+00
2.9094099566e+00
2.9255733009e+00
2.9417366451e+00
2.9578999893e+00
2.9740633335e+00
2.9902266777e+00
3.0063900219e+00
3.0225533661e+00
3.0387167103e+00
3.0548800545e+00
3.0710433987e+00
3.0872067429e+00
3.1033700871e+00
3.1195334313e+00
3.1356967755e+00
3.1518601197e+00
3.1680234639e+00
3.1841868081e+00
3.2003501523e+00
3.2165134965e+00
3.2326768407e+00
3.2488401849e+00
3.2650035291e+00
3.2811668733e+00
3.2973302175e+00
3.3134935617e+00
3.3296569059e+00
3.3458202501e+00
3.3619835943e+00
3.3781469386e+00
3.3943102828e+00
3.4104736270e+00
3.4266369712e+00
3.4428003154e+00
3.4589636596e+00
3.4751270038e+00
3.4912903480e+00
3.5074536922e+00
3.5236170364e+00
3.5397803806e+00
3.5559437248e+00
3.5721070690e+00
3.5882704132e+00
3.6044337574e+00
3.6205971016e+00
3.6367604458e+00
3.6529237900e+00
3.6690871342e+00
3.6852504784e+00
3.7014138226e+00
3.7175771668e+00
3.7337405110e+00
3.7499038552e+00
3.7660671994e+00
3.7822305436e+00
3.7983938878e+00
3.8145572320e+00
3.8307205763e+00
3.8468839205e+00
3.8630472647e+00
3.8792106089e+00
3.8953739531e+00
3.9115372973e+00
3.9277006415e+00
3.9438639857e+00
3.9600273299e+00
3.9761906741e+00
3.9923540183e+00
4.0085173625e+00
4.0246807067e+00
4.0408440509e+00
4.0570073951e+00
4.0731707393e+00
4.0893340835e+00
4.1054974277e+00
4.1216607719e+00
4.1378241161e+00
4.1539874603e+00
4.1701508045e+00
4.1863141487e+00
4.2024774929e+00
4.2186408371e+00
4.2348041813e+00
4.2509675255e+00
4.2671308697e+00
4.2832942140e+00
4.2994575582e+00
4.3156209024e+00
4.3317842466e+00
4.3479475908e+00
4.3641109350e+00
4.3802742792e+00
4.3964376234e+00
4.4126009676e+00
4.4287643118e+00
4.4449276560e+00
4.4610910002e+00
4.4772543444e+00
4.4934176886e+00
4.5095810328e+00
4.5257443770e+00
4.5419077212e+00
4.5580710654e+00
4.5742344096e+00
4.5903977538e+00
4.6065610980e+00
4.6227244422e+00
4.6388877864e+00
4.6550511306e+00
4.6712144748e+00
4.6873778190e+00
4.7035411632e+00
4.7197045074e+00
4.7358678517e+00
4.7520311959e+00
4.7681945401e+00
4.7843578843e+00
4.8005212285e+00
4.8166845727e+00
4.8328479169e+00
4.8490112611e+00
4.8651746053e+00
4.8813379495e+00
4.8975012937e+00
4.9136646379e+00
4.9298279821e+00
4.9459913263e+00
4.9621546705e+00
4.9783180147e+00
4.9944813589e+00
5.0106447031e+00
5.0268080473e+00
5.0429713915e+00
5.0591347357e+00
5.0752980799e+00
5.0914614241e+00
5.1076247683e+00
5.1237881125e+00
5.1399514567e+00
5.1561148009e+00
5.1722781451e+00
5.1884414894e+00
5.2046048336e+00
5.2207681778e+00
5.2369315220e+00
5.2530948662e+00
5.2692582104e+00
5.2854215546e+00
5.3015848988e+00
5.3177482430e+00
5.3339115872e+00
5.3500749314e+00
5.3662382756e+00
5.3824016198e+00
5.3985649640e+00
5.4147283082e+00
5.4308916524e+00
5.4470549966e+00
5.4632183408e+00
5.4793816850e+00
5.4955450292e+00
5.5117083734e+00
5.5278717176e+00
5.5440350618e+00
5.5601984060e+00
5.5763617502e+00
5.5925250944e+00
5.6086884386e+00
5.6248517829e+00
5.6410151271e+00
5.6571784713e+00
5.6733418155e+00
5.6895051597e+00
5.7056685039e+00
5.7218318481e+00
5.7379951923e+00
5.7541585365e+00
5.7703218807e+00
5.7864852249e+00
5.8026485691e+00
5.8188119133e+00
5.8349752575e+00
5.8511386017e+00
5.8673019459e+00
5.8834652901e+00
5.8996286343e+00
5.9157919785e+00
5.9319553227e+00
5.9481186669e+00
5.9642820111e+00
5.9804453553e+00
5.9966086995e+00
6.0127720437e+00
6.0289353879e+00
6.0450987321e+00
6.0612620763e+00
6.0774254206e+00
6.0935887648e+00
6.1097521090e+00
6.1259154532e+00
6.1420787974e+00
6.1582421416e+00
6.1744054858e+00
6.1905688300e+00
6.2067321742e+00
6.2228955184e+00
6.2390588626e+00
6.2552222068e+00
6.2713855510e+00
6.2875488952e+00
6.3037122394e+00
6.3198755836e+00
6.3360389278e+00
6.3522022720e+00
6.3683656162e+00
6.3845289604e+00
6.4006923046e+00
6.4168556488e+00
6.4330189930e+00
6.4491823372e+00
6.4653456814e+00
6.4815090256e+00
6.4976723698e+00
6.5138357140e+00
6.5299990583e+00
6.5461624025e+00
6.5623257467e+00
6.5784890909e+00
6.5946524351e+00
6.6108157793e+00
6.6269791235e+00
6.6431424677e+00
6.6593058119e+00
6.6754691561e+00
6.6916325003e+00
6.7077958445e+00
6.7239591887e+00
6.7401225329e+00
6.7562858771e+00
6.7724492213e+00
6.7886125655e+00
6.8047759097e+00
6.8209392539e+00
6.8371025981e+00
6.8532659423e+00
6.8694292865e+00
6.8855926307e+00
6.9017559749e+00
6.9179193191e+00
6.9340826633e+00
6.9502460075e+00
6.9664093517e+00
6.9825726960e+00
6.9987360402e+00
7.0148993844e+00
7.0310627286e+00
7.0472260728e+00
7.0633894170e+00
7.0795527612e+00
7.0957161054e+00
7.1118794496e+00
7.1280427938e+00
7.1442061380e+00
7.1603694822e+00
7.1765328264e+00
7.1926961706e+00
7.2088595148e+00
7.2250228590e+00
7.2411862032e+00
7.2573495474e+00
7.2735128916e+00
7.2896762358e+00
7.3058395800e+00
7.3220029242e+00
7.3381662684e+00
7.3543296126e+00
7.3704929568e+00
7.3866563010e+00
7.4028196452e+00
7.4189829894e+00
7.4351463337e+00
7.4513096779e+00
7.4674730221e+00
7.4836363663e+00
7.4997997105e+00
7.5159630547e+00
7.5321263989e+00
7.5482897431e+00
7.5644530873e+00
7.5806164315e+00
7.5967797757e+00
7.6129431199e+00
7.6291064641e+00
7.6452698083e+00
7.6614331525e+00
7.6775964967e+00
7.6937598409e+00
7.7099231851e+00
7.7260865293e+00
7.7422498735e+00
7.7584132177e+00
7.7745765619e+00
7.7907399061e+00
7.8069032503e+00
7.8230665945e+00
7.8392299387e+00
7.8553932829e+00
7.8715566271e+00
7.8877199714e+00
7.9038833156e+00
7.9200466598e+00
7.9362100040e+00
7.9523733482e+00
7.9685366924e+00
7.9847000366e+00
8.0008633808e+00
8.0170267250e+00
8.0331900692e+00
8.0493534134e+00
8.0655167576e+00
8.0816801018e+00
8.0978434460e+00
8.1140067902e+00
8.1301701344e+00
8.1463334786e+00
8.1624968228e+00
8.1786601670e+00
8.1948235112e+00
8.2109868554e+00
8.2271501996e+00
8.2433135438e+00
8.2594768880e+00
8.2756402322e+00
8.2918035764e+00
8.3079669206e+00
8.3241302649e+00
8.3402936091e+00
8.3564569533e+00
8.3726202975e+00
8.3887836417e+00
8.4049469859e+00
8.4211103301e+00
8.4372736743e+00
8.4534370185e+00
8.4696003627e+00
8.4857637069e+00
8.5019270511e+00
8.5180903953e+00
8.5342537395e+00
8.5504170837e+00
8.5665804279e+00
8.5827437721e+00
8.5989071163e+00
8.6150704605e+00
8.6312338047e+00
8.6473971489e+00
8.6635604931e+00
8.6797238373e+00
8.6958871815e+00
8.7120505257e+00
8.7282138699e+00
8.7443772141e+00
8.7605405583e+00
8.7767039026e+00
8.7928672468e+00
8.8090305910e+00
8.8251939352e+00
8.8413572794e+00
8.8575206236e+00
8.8736839678e+00
8.8898473120e+00
8.9060106562e+00
8.9221740004e+00
8.9383373446e+00
8.9545006888e+00
8.9706640330e+00
8.9868273772e+00
9.0029907214e+00
9.0191540656e+00
9.0353174098e+00
9.0514807540e+00
9.0676440982e+00
9.0838074424e+00
9.0999707866e+00
9.1161341308e+00
9.1322974750e+00
9.1484608192e+00
9.1646241634e+00
9.1807875076e+00
9.1969508518e+00
9.2131141960e+00
9.2292775403e+00
9.2454408845e+00
9.2616042287e+00
9.2777675729e+00
9.2939309171e+00
9.3100942613e+00
9.3262576055e+00
9.3424209497e+00
9.3585842939e+00
9.3747476381e+00
9.3909109823e+00
9.4070743265e+00
9.4232376707e+00
9.4394010149e+00
9.4555643591e+00
9.4717277033e+00
9.4878910475e+00
9.5040543917e+00
9.5202177359e+00
9.5363810801e+00
9.5525444243e+00
9.5687077685e+00
9.5848711127e+00
9.6010344569e+00
9.6171978011e+00
9.6333611453e+00
9.6495244895e+00
9.6656878337e+00
9.6818511780e+00
9.6980145222e+00
9.7141778664e+00
9.7303412106e+00
9.7465045548e+00
9.7626678990e+00
9.7788312432e+00
9.7949945874e+00
9.8111579316e+00
9.8273212758e+00
9.8434846200e+00
9.8596479642e+00
9.8758113084e+00
9.8919746526e+00
9.9081379968e+00
9.9243013410e+00
9.9404646852e+00
9.9566280294e+00
9.9727913736e+00
9.9889547178e+00
1.0005118062e+01
1.0021281406e+01
1.0037444750e+01
1.0053608095e+01
1.0069771439e+01
1.0085934783e+01
1.0102098127e+01
1.0118261471e+01
1.0134424816e+01
1.0150588160e+01
1.0166751504e+01
1.0182914848e+01
1.0199078192e+01
1.0215241537e+01
1.0231404881e+01
1.0247568225e+01
1.0263731569e+01
1.0279894913e+01
1.0296058258e+01
1.0312221602e+01
1.0328384946e+01
1.0344548290e+01
1.0360711635e+01
1.0376874979e+01
1.0393038323e+01
1.0409201667e+01
1.0425365011e+01
1.0441528356e+01
1.0457691700e+01
1.0473855044e+01
1.0490018388e+01
1.0506181732e+01
1.0522345077e+01
1.0538508421e+01
1.0554671765e+01
1.0570835109e+01
1.0586998453e+01
1.0603161798e+01
1.0619325142e+01
1.0635488486e+01
1.0651651830e+01
1.0667815174e+01
1.0683978519e+01
1.0700141863e+01
1.0716305207e+01
1.0732468551e+01
1.0748631895e+01
1.0764795240e+01
1.0780958584e+01
1.0797121928e+01
1.0813285272e+01
1.0829448616e+01
1.0845611961e+01
1.0861775305e+01
1.0877938649e+01
1.0894101993e+01
1.0910265337e+01
1.0926428682e+01
1.0942592026e+01
1.0958755370e+01
1.0974918714e+01
1.0991082058e+01
1.1007245403e+01
1.1023408747e+01
1.1039572091e+01
1.1055735435e+01
1.1071898779e+01
1.1088062124e+01
1.1104225468e+01
1.1120388812e+01
1.1136552156e+01
1.1152715500e+01
1.1168878845e+01
1.1185042189e+01
1.1201205533e+01
1.1217368877e+01
1.1233532221e+01
1.1249695566e+01
1.1265858910e+01
1.1282022254e+01
1.1298185598e+01
1.1314348943e+01
1.1330512287e+01
1.1346675631e+01
1.1362838975e+01
1.1379002319e+01
1.1395165664e+01
1.1411329008e+01
1.1427492352e+01
1.1443655696e+01
1.1459819040e+01
1.1475982385e+01
1.1492145729e+01
1.1508309073e+01
1.1524472417e+01
1.1540635761e+01
1.1556799106e+01
1.1572962450e+01
1.1589125794e+01
1.1605289138e+01
1.1621452482e+01
1.1637615827e+01
1.1653779171e+01
1.1669942515e+01
1.1686105859e+01
1.1702269203e+01
1.1718432548e+01
1.1734595892e+01
1.1750759236e+01
1.1766922580e+01
1.1783085924e+01
1.1799249269e+01
1.1815412613e+01
1.1831575957e+01
1.1847739301e+01
1.1863902645e+01
1.1880065990e+01
1.1896229334e+01
1.1912392678e+01
1.1928556022e+01
1.1944719366e+01
1.1960882711e+01
1.1977046055e+01
1.1993209399e+01
1.2009372743e+01
1.2025536087e+01
1.2041699432e+01
1.2057862776e+01
1.2074026120e+01
1.2090189464e+01
1.2106352808e+01
1.2122516153e+01
1.2138679497e+01
1.2154842841e+01
1.2171006185e+01
1.2187169530e+01
1.2203332874e+01
1.2219496218e+01
1.2235659562e+01
1.2251822906e+01
1.2267986251e+01
1.2284149595e+01
1.2300312939e+01
1.2316476283e+01
1.2332639627e+01
1.2348802972e+01
1.2364966316e+01
1.2381129660e+01
1.2397293004e+01
1.2413456348e+01
1.2429619693e+01
1.2445783037e+01
1.2461946381e+01
1.2478109725e+01
1.2494273069e+01
1.2510436414e+01
1.2526599758e+01
1.2542763102e+01
1.2558926446e+01
1.2575089790e+01
1.2591253135e+01
1.2607416479e+01
1.2623579823e+01
1.2639743167e+01
1.2655906511e+01
1.2672069856e+01
1.2688233200e+01
1.2704396544e+01
1.2720559888e+01
1.2736723232e+01
1.2752886577e+01
1.2769049921e+01
1.2785213265e+01
1.2801376609e+01
1.2817539953e+01
1.2833703298e+01
1.2849866642e+01
1.2866029986e+01
1.2882193330e+01
1.2898356674e+01
1.2914520019e+01
1.2930683363e+01
