66.2786  66.9679  67.0475  67.7582  67.9709  68.2144  68.598  68.9611  69.1691  69.2365  69.4513  69.9503  70.0297  70.163  
66.2936  66.9709  67.049  67.7491  67.9575  68.2006  68.5781  68.9348  69.1482  69.2155  69.4224  69.9148  70.0052  70.1375  
66.2293  66.922  67.0023  67.7215  67.9388  68.1998  68.5732  68.9469  69.1683  69.2367  69.4391  69.9552  70.0395  70.1754  
66.2951  66.977  67.0557  67.7584  67.9675  68.2061  68.5895  68.9463  69.1545  69.2218  69.4352  69.9261  70.0118  70.1439  
66.3141  66.9969  67.0747  67.7785  67.985  68.2216  68.6099  68.9621  69.1699  69.237  69.456  69.9411  70.0272  70.1588  
66.2613  66.9443  67.0233  67.7319  67.9446  68.1991  68.5716  68.9374  69.1576  69.2258  69.4262  69.9317  70.0195  70.1532  
66.2441  66.9287  67.0073  67.7192  67.9314  68.1898  68.5625  68.9279  69.151  69.219  69.421  69.9266  70.0161  70.1499  
66.2404  66.9231  67.0025  67.7117  67.926  68.1845  68.553  68.9223  69.1464  69.2153  69.4097  69.9211  70.0117  70.1468  
66.2414  66.9238  67.0028  67.7122  67.925  68.1836  68.5539  68.9203  69.1462  69.2144  69.4117  69.9194  70.0145  70.1492  
66.2086  66.9038  66.9859  67.7014  67.922  68.1709  68.5476  68.9241  69.1295  69.1982  69.4058  69.9219  69.995  70.1316  
66.227  66.9157  66.9962  67.7122  67.9309  68.1958  68.5618  68.9386  69.1644  69.2328  69.426  69.9465  70.0322  70.1672  
66.2859  66.9705  67.051  67.7538  67.9677  68.2053  68.5858  68.9498  69.1538  69.2212  69.4314  69.9302  70.0105  70.1435  
66.262  66.9437  67.0214  67.7278  67.9348  68.1814  68.5641  68.9188  69.138  69.2057  69.4171  69.908  70.0058  70.1389  
66.2615  66.9464  67.0255  67.7349  67.9477  68.1994  68.5748  68.9405  69.158  69.2266  69.4294  69.9346  70.0206  70.1551  
66.3365  67.0144  67.0925  67.7876  67.9924  68.2186  68.6096  68.9574  69.1604  69.2273  69.4471  69.9249  70.0147  70.1454  
66.2806  66.9635  67.0423  67.7502  67.9625  68.2145  68.5885  68.953  69.1706  69.2382  69.4413  69.9442  70.0292  70.1618  
66.2074  66.9036  66.985  67.7073  67.9292  68.1932  68.562  68.9437  69.1608  69.2294  69.4288  69.9537  70.0258  70.1615  
66.273  66.9572  67.0362  67.7435  67.9552  68.2025  68.5808  68.9437  69.1582  69.2266  69.4326  69.9335  70.0192  70.1531  
66.2469  66.9378  67.0162  67.7341  67.9452  68.2014  68.5829  68.9459  69.1678  69.2359  69.4473  69.9501  70.0408  70.1763  
66.1925  66.8864  66.9681  67.6875  67.9097  68.1733  68.5399  68.9224  69.1413  69.2107  69.4051  69.9324  70.0098  70.1471  
66.292  66.9788  67.0587  67.7646  67.9767  68.2142  68.5996  68.9604  69.1657  69.233  69.4483  69.9431  70.0245  70.1568  
66.2992  66.9862  67.0651  67.7755  67.9868  68.234  68.6162  68.978  69.1937  69.2613  69.4716  69.9699  70.0549  70.1867  
66.2466  66.933  67.0116  67.7274  67.9409  68.2058  68.5757  68.9449  69.174  69.243  69.4394  69.952  70.0421  70.1774  
66.2353  66.9158  66.9945  67.706  67.9207  68.1914  68.5513  68.9238  69.1594  69.2285  69.4129  69.9313  70.0267  70.1625  
66.2097  66.9027  66.9838  67.7017  67.921  68.1806  68.5523  68.9293  69.1485  69.2179  69.4169  69.9377  70.0212  70.1592  
66.2662  66.9473  67.0264  67.7314  67.9428  68.1923  68.5674  68.9302  69.1498  69.2179  69.4195  69.9208  70.0142  70.148  
66.2859  66.971  67.0505  67.7553  67.9668  68.2052  68.5884  68.9489  69.1537  69.2211  69.4353  69.9305  70.0118  70.1452  
66.2806  66.9674  67.048  67.7532  67.9683  68.2069  68.5872  68.9537  69.1559  69.224  69.4335  69.9358  70.0099  70.1434  
66.2436  66.9339  67.0147  67.726  67.9422  68.1887  68.5677  68.9366  69.1459  69.2135  69.4232  69.9297  70.0112  70.1457  
66.2837  66.9668  67.0448  67.7539  67.9633  68.2154  68.5939  68.9539  69.1769  69.2449  69.4501  69.9489  70.0433  70.177  
66.2811  66.9613  67.0397  67.7465  67.9573  68.2127  68.5852  68.9482  69.1744  69.2425  69.4404  69.943  70.0377  70.1703  
66.2142  66.9017  66.9821  67.6942  67.9114  68.1682  68.538  68.9113  69.1291  69.1981  69.3959  69.9112  69.9952  70.1315  
66.2189  66.9069  66.9864  67.7038  67.9202  68.188  68.5546  68.9284  69.1579  69.2265  69.4206  69.9383  70.027  70.1619  
66.2423  66.9309  67.0108  67.7224  67.9362  68.1853  68.5649  68.9314  69.1467  69.2156  69.4218  69.9273  70.0127  70.1475  
66.2417  66.9238  67.0022  67.7111  67.9221  68.1783  68.5514  68.9148  69.1391  69.2077  69.4077  69.9115  70.0057  70.1401  
66.2469  66.933  67.0119  67.7233  67.9353  68.188  68.5658  68.9298  69.1499  69.2183  69.4234  69.9263  70.0153  70.1489  
66.2154  66.9054  66.9858  67.7025  67.9204  68.1826  68.552  68.9273  69.1505  69.2195  69.4159  69.9343  70.019  70.1546  
66.2759  66.9626  67.0424  67.7493  67.9615  68.2023  68.5861  68.9483  69.1582  69.2266  69.4373  69.9358  70.0209  70.1548  
66.2579  66.9421  67.0205  67.7291  67.9395  68.1887  68.5675  68.9289  69.1457  69.2144  69.4209  69.9209  70.0091  70.1437  
66.2925  66.9791  67.0602  67.7645  67.98  68.2177  68.5987  68.9652  69.1697  69.2374  69.4464  69.9483  70.0277  70.1609  
66.2997  66.977  67.055  67.7554  67.9631  68.2071  68.5859  68.9415  69.1597  69.2271  69.433  69.9245  70.0216  70.1538  
66.2885  66.9684  67.0464  67.7469  67.953  68.189  68.576  68.9271  69.1378  69.2046  69.4214  69.9049  70  70.1315  
66.3419  67.026  67.1069  67.8066  68.0203  68.251  68.6349  68.9967  69.1957  69.2618  69.4765  69.9701  70.0475  70.1783  
66.2037  66.8971  66.9785  67.6946  67.9142  68.1682  68.5423  68.9178  69.1298  69.1981  69.4031  69.9194  69.9988  70.1352  
66.2248  66.9161  66.997  67.7092  67.9262  68.1731  68.5517  68.9226  69.1308  69.1998  69.4068  69.9166  69.9937  70.1292  
66.2688  66.9531  67.0315  67.7432  67.9544  68.2116  68.5866  68.9506  69.1765  69.2448  69.4461  69.9502  70.0426  70.1759  
66.2267  66.9117  66.9908  67.702  67.9155  68.1723  68.5445  68.9119  69.133  69.2016  69.4019  69.9103  69.9989  70.1341  
66.304  66.9875  67.0658  67.7694  67.9767  68.212  68.6012  68.9545  69.1627  69.2301  69.448  69.9341  70.0219  70.1534  
66.2746  66.9589  67.0383  67.7453  67.9586  68.206  68.5819  68.9471  69.1585  69.2261  69.4322  69.935  70.0166  70.1501  
66.2623  66.9501  67.0292  67.7435  67.958  68.2156  68.5885  68.9579  69.1764  69.2447  69.447  69.9566  70.0354  70.1688  
