67.5555  69.1015  69.6035  
67.5601  69.1034  69.6043  
67.491  69.074  69.603  
67.5736  69.1096  69.604  
67.5881  69.1153  69.6014  
67.511  69.0839  69.6034  
67.4948  69.0771  69.5986  
67.4966  69.0777  69.6055  
67.49  69.0711  69.5965  
67.5366  69.0981  69.6173  
67.4603  69.0607  69.6011  
67.5726  69.1091  69.6101  
67.542  69.096  69.5959  
67.5265  69.0899  69.6052  
67.6233  69.1286  69.603  
67.5211  69.089  69.6045  
67.477  69.0754  69.6138  
67.5465  69.1001  69.6082  
67.5171  69.0836  69.5958  
67.4824  69.0763  69.6171  
67.5731  69.1108  69.6068  
67.536  69.0957  69.6018  
67.4837  69.0729  69.6031  
67.4487  69.0522  69.5966  
67.5035  69.0796  69.6108  
67.5246  69.0861  69.5995  
67.583  69.1144  69.6103  
67.5732  69.1124  69.6154  
67.5357  69.0925  69.6047  
67.5231  69.0843  69.5947  
67.4995  69.0776  69.5973  
67.5039  69.0815  69.6094  
67.4516  69.0586  69.5978  
67.5307  69.0947  69.6072  
67.5043  69.0807  69.5997  
67.5128  69.0878  69.6022  
67.4753  69.0698  69.6044  
67.5656  69.1078  69.6085  
67.5434  69.0996  69.6073  
67.5702  69.1079  69.6113  
67.5514  69.0971  69.5985  
67.5735  69.1066  69.594  
67.589  69.1096  69.6029  
67.508  69.0811  69.6063  
67.5392  69.1  69.6137  
67.4974  69.0774  69.597  
67.5008  69.0788  69.6013  
67.5833  69.1147  69.6014  
67.5411  69.0954  69.6064  
67.5083  69.0891  69.6113  
