67.0181  67.7386  67.8389  68.6119  68.8799  69.2979  69.5492  70.022  70.3039  70.4058  70.4889  
67.0995  67.8159  67.9136  68.6744  68.9294  69.3072  69.5921  70.0375  70.2937  70.3947  70.5117  
67.051  67.7671  67.8648  68.6326  68.8912  69.2959  69.5623  70.0179  70.2985  70.4007  70.4959  
67.0465  67.7682  67.869  68.6376  68.9041  69.3034  69.5677  70.0341  70.2989  70.3998  70.499  
67.021  67.7501  67.8513  68.6278  68.8969  69.2986  69.5651  70.0362  70.2958  70.3968  70.5011  
67.0722  67.794  67.8933  68.6598  68.9204  69.3054  69.5844  70.0395  70.2942  70.3951  70.5093  
67.0696  67.7847  67.8837  68.6469  68.908  69.305  69.5711  70.0292  70.2995  70.4007  70.4981  
67.0465  67.771  67.873  68.6413  68.911  69.3042  69.5699  70.0403  70.294  70.3942  70.4976  
67.045  67.7629  67.8614  68.6306  68.8918  69.2984  69.5619  70.0222  70.3007  70.403  70.4962  
67.0212  67.7443  67.8443  68.6187  68.8852  69.2976  69.5566  70.0265  70.3049  70.4081  70.4961  
67.0731  67.7873  67.8858  68.6488  68.9096  69.3076  69.5717  70.0294  70.2966  70.397  70.4962  
67.0568  67.7717  67.8705  68.635  68.8961  69.2983  69.5616  70.0211  70.2982  70.4006  70.4919  
67.0788  67.795  67.8939  68.6564  68.9172  69.3079  69.5779  70.0346  70.2957  70.3964  70.5007  
67.0665  67.7855  67.8848  68.6509  68.9137  69.3083  69.5765  70.0369  70.2989  70.3993  70.503  
67.0013  67.7247  67.8258  68.6021  68.8731  69.2959  69.5438  70.0221  70.3059  70.4083  70.4874  
67.0253  67.7473  67.8483  68.6204  68.8889  69.3004  69.5565  70.0286  70.3051  70.4069  70.4947  
67.014  67.7402  67.842  68.6171  68.8894  69.3002  69.555  70.0335  70.3007  70.4024  70.492  
67.0252  67.7487  67.8495  68.6223  68.8907  69.299  69.5578  70.0292  70.3004  70.4018  70.4945  
67.0586  67.7778  67.8771  68.6444  68.9072  69.3048  69.5717  70.0323  70.2969  70.3975  70.5001  
67.0742  67.7947  67.8951  68.6588  68.9224  69.307  69.5815  70.0404  70.2939  70.3937  70.505  
67.0052  67.7303  67.8319  68.6079  68.88  69.2977  69.5483  70.0278  70.304  70.4064  70.4892  
67.05  67.7707  67.8712  68.6388  68.9044  69.3025  69.5677  70.0329  70.2985  70.3994  70.4982  
67.0958  67.811  67.9094  68.6697  68.9272  69.3104  69.588  70.0374  70.2957  70.3957  70.5085  
67.0541  67.776  67.8763  68.6453  68.9105  69.3082  69.5748  70.0395  70.3017  70.4032  70.5042  
67.0637  67.7866  67.8886  68.6535  68.9213  69.307  69.5781  70.0437  70.2946  70.3942  70.5028  
67.0433  67.7663  67.867  68.6367  68.9025  69.2999  69.5676  70.0329  70.2969  70.3981  70.4995  
67.0609  67.7817  67.8821  68.6477  68.9115  69.3011  69.5732  70.0331  70.2914  70.391  70.5  
67.0405  67.7585  67.8573  68.6272  68.8897  69.2997  69.5596  70.0228  70.3025  70.4053  70.4946  
67.0163  67.7346  67.8338  68.6063  68.8711  69.2914  69.5438  70.0121  70.3018  70.4048  70.485  
66.9921  67.7173  67.8189  68.5967  68.8697  69.2939  69.5401  70.022  70.304  70.4064  70.4847  
67.0621  67.7806  67.8802  68.6457  68.9084  69.3034  69.5716  70.0317  70.2964  70.3974  70.4991  
67.1178  67.8291  67.9268  68.6819  68.9354  69.3109  69.5944  70.0358  70.2936  70.393  70.5107  
67.0833  67.7977  67.8965  68.6574  68.9174  69.3085  69.5783  70.0333  70.2992  70.3995  70.5022  
67.0295  67.7557  67.8581  68.6302  68.9028  69.3056  69.5639  70.0409  70.2991  70.4001  70.4958  
67.0558  67.7737  67.8731  68.6389  68.9013  69.299  69.5658  70.0255  70.2943  70.3949  70.4953  
67.1123  67.8273  67.9255  68.6827  68.9384  69.3109  69.5956  70.0409  70.2892  70.3893  70.5093  
67.0858  67.8029  67.9016  68.6634  68.9216  69.3044  69.5835  70.034  70.2917  70.3918  70.5055  
67.0728  67.7985  67.9004  68.6653  68.9321  69.3073  69.5877  70.0496  70.2894  70.3885  70.5086  
67.0369  67.7547  67.8551  68.623  68.89  69.3006  69.5547  70.0244  70.3025  70.4042  70.4891  
67.0201  67.745  67.8463  68.6199  68.8898  69.2976  69.5561  70.0298  70.298  70.3993  70.4926  
67.0699  67.7849  67.884  68.6467  68.9086  69.3051  69.57  70.029  70.2969  70.3972  70.4959  
67.0002  67.7228  67.8238  68.5999  68.8713  69.296  69.5411  70.0203  70.3034  70.4048  70.484  
67.0349  67.7566  67.857  68.6278  68.895  69.3013  69.5605  70.03  70.2993  70.4003  70.4942  
67.0403  67.7637  67.8647  68.6345  68.9026  69.3012  69.5651  70.0335  70.2934  70.393  70.4958  
66.9912  67.7151  67.8162  68.5955  68.8677  69.2993  69.5412  70.0226  70.3114  70.4135  70.4886  
67.0514  67.7697  67.8693  68.6367  68.9009  69.3038  69.5655  70.0294  70.2998  70.4005  70.4964  
66.9545  67.6851  67.7876  68.5735  68.8517  69.2893  69.5263  70.0186  70.3036  70.4059  70.4785  
67.0404  67.7634  67.8636  68.6348  68.9013  69.3033  69.5668  70.034  70.2981  70.3986  70.4989  
67.0203  67.7461  67.8473  68.6216  68.8909  69.2972  69.5581  70.031  70.298  70.4  70.4945  
67.0662  67.7905  67.8925  68.6584  68.9263  69.3111  69.5835  70.0491  70.2968  70.397  70.5074  
