65.7808  66.5367  66.627  67.4426  67.6969  68.1008  68.412  68.8735  69.1614  69.2681  69.386  
65.8738  66.6249  66.7137  67.5152  67.7579  68.1225  68.464  68.8995  69.1601  69.2655  69.4169  
65.8168  66.5678  66.6562  67.4655  67.711  68.1013  68.4266  68.8714  69.1568  69.2636  69.3939  
65.8045  66.5631  66.6539  67.4663  67.7191  68.1036  68.4292  68.8846  69.1534  69.259  69.395  
65.7841  66.5486  66.6401  67.459  67.7148  68.1034  68.4283  68.8889  69.154  69.2596  69.3982  
65.8391  66.5968  66.6868  67.4959  67.7436  68.1151  68.453  68.8977  69.1578  69.2632  69.4128  
65.8367  66.5876  66.677  67.4827  67.7306  68.1134  68.439  68.8864  69.1617  69.2676  69.4005  
65.8123  66.573  66.6652  67.4771  67.7334  68.1137  68.4389  68.8988  69.1588  69.2637  69.4021  
65.8112  66.5641  66.6531  67.4642  67.7122  68.1046  68.4272  68.8766  69.1605  69.2674  69.3956  
65.784  66.5424  66.6328  67.4495  67.7024  68.1005  68.4192  68.878  69.1618  69.2698  69.3928  
65.8422  66.5924  66.6812  67.4872  67.7346  68.1189  68.4429  68.8897  69.1632  69.2682  69.4028  
65.8251  66.5755  66.6647  67.4716  67.7194  68.1075  68.4305  68.8789  69.1618  69.2689  69.3955  
65.8496  66.601  66.6905  67.495  67.7428  68.1199  68.4482  68.8945  69.1605  69.2657  69.4049  
65.8376  66.5915  66.6814  67.4892  67.7391  68.1207  68.4466  68.8966  69.1644  69.2695  69.4072  
65.7604  66.5193  66.6103  67.4295  67.6866  68.0949  68.4033  68.8702  69.1594  69.2666  69.381  
65.7857  66.5438  66.6347  67.4501  67.7049  68.1021  68.4188  68.8797  69.1619  69.2685  69.3918  
65.7803  66.5416  66.6335  67.451  67.7098  68.1074  68.4207  68.8884  69.1619  69.2684  69.3918  
65.7889  66.5478  66.6388  67.4542  67.7091  68.1038  68.4219  68.8824  69.1595  69.2656  69.3929  
65.824  66.5791  66.6687  67.4788  67.7283  68.1121  68.4385  68.8885  69.1584  69.2636  69.4016  
65.8395  66.5961  66.687  67.4937  67.7442  68.1153  68.4489  68.8976  69.1556  69.26  69.4069  
65.7685  66.5288  66.6204  67.4392  67.6975  68.1014  68.4116  68.8799  69.1623  69.2695  69.3867  
65.8146  66.5706  66.6615  67.4711  67.7237  68.1076  68.4315  68.8862  69.1557  69.2613  69.3952  
65.8608  66.6124  66.7013  67.5044  67.7489  68.1177  68.4551  68.8941  69.156  69.2605  69.4098  
65.8164  66.575  66.6654  67.4781  67.7297  68.1131  68.4405  68.8943  69.1617  69.2679  69.405  
65.8286  66.5877  66.6799  67.4879  67.7426  68.1149  68.445  68.9004  69.1558  69.26  69.4041  
65.807  66.5658  66.6568  67.469  67.7217  68.1053  68.4321  68.8868  69.1558  69.2616  69.3982  
65.8248  66.5819  66.6727  67.4816  67.7322  68.1084  68.4401  68.8896  69.1534  69.2576  69.4023  
65.8042  66.5581  66.6471  67.46  67.7088  68.1042  68.425  68.8768  69.1623  69.2699  69.3949  
65.7798  66.5334  66.6228  67.4379  67.6888  68.0948  68.4076  68.8643  69.1606  69.2683  69.3836  
65.7558  66.5162  66.6078  67.4286  67.6876  68.0985  68.4046  68.8751  69.1651  69.2723  69.3844  
65.8283  66.5826  66.6726  67.4807  67.7302  68.1113  68.4388  68.8883  69.1579  69.2636  69.4007  
65.8829  66.6312  66.7195  67.5178  67.7585  68.1195  68.4633  68.8943  69.156  69.2599  69.4148  
65.85  66.5997  66.6892  67.4919  67.7391  68.1157  68.4441  68.8888  69.1578  69.2628  69.4011  
65.7901  66.553  66.6452  67.4615  67.7202  68.109  68.4283  68.8943  69.1577  69.2635  69.3952  
65.8209  66.5744  66.6643  67.4726  67.7218  68.1057  68.4317  68.8808  69.1548  69.26  69.3958  
65.8855  66.6367  66.7256  67.5254  67.7685  68.1277  68.4712  68.9064  69.16  69.2646  69.4202  
65.8547  66.6074  66.6968  67.5007  67.7462  68.1155  68.4528  68.8932  69.1557  69.2603  69.4093  
65.8448  66.6055  66.6982  67.5047  67.7591  68.1224  68.4589  68.9114  69.1563  69.2599  69.4137  
65.8012  66.5547  66.6452  67.4562  67.7094  68.1059  68.4204  68.879  69.163  69.2695  69.3897  
65.7854  66.5456  66.6371  67.4535  67.7098  68.1046  68.4221  68.8849  69.1599  69.2659  69.3934  
65.8394  66.5895  66.6792  67.4839  67.7327  68.1156  68.439  68.8874  69.1605  69.2654  69.3989  
65.7621  66.5202  66.611  67.4302  67.6876  68.0987  68.404  68.8718  69.162  69.2683  69.3819  
65.8041  66.5606  66.6513  67.4642  67.7182  68.1116  68.4289  68.8877  69.1638  69.2695  69.397  
65.8048  66.5639  66.6552  67.468  67.7227  68.1084  68.4312  68.8891  69.155  69.2592  69.3967  
65.7447  66.5053  66.5958  67.4195  67.6771  68.0936  68.3983  68.8677  69.1625  69.2696  69.3809  
65.8164  66.5698  66.6598  67.4692  67.7202  68.1089  68.4294  68.8827  69.1572  69.2626  69.3935  
65.713  66.4793  66.5713  67.4012  67.6648  68.0892  68.3872  68.8678  69.1616  69.2688  69.3754  
65.8063  66.5643  66.6549  67.4682  67.7215  68.1101  68.4318  68.8886  69.1577  69.2629  69.3976  
65.7856  66.5464  66.6379  67.4542  67.7102  68.103  68.4222  68.8845  69.1568  69.2635  69.3921  
65.826  66.5881  66.68  67.491  67.7452  68.1161  68.4503  68.9052  69.1581  69.263  69.4104  
