67.1155  68.3728  68.7416  69.5643  70.118  70.0185  
67.1938  68.4246  68.773  69.5931  70.1168  70.0235  
67.133  68.3786  68.7347  69.5664  70.1079  70.0207  
67.1514  68.4011  68.7658  69.5801  70.121  70.0153  
67.1331  68.3969  68.7654  69.5828  70.1267  70.0106  
67.1743  68.4179  68.774  69.592  70.1221  70.0182  
67.1633  68.4017  68.7597  69.5777  70.1154  70.0217  
67.1649  68.4149  68.7829  69.5872  70.1261  70.0106  
67.1331  68.3816  68.7409  69.5694  70.1137  70.0222  
67.1194  68.3764  68.742  69.5699  70.1226  70.0264  
67.1652  68.4057  68.7639  69.5795  70.1158  70.0158  
67.147  68.3868  68.745  69.5682  70.1109  70.0229  
67.1769  68.4148  68.772  69.5852  70.1185  70.0176  
67.1675  68.412  68.7723  69.5866  70.1227  70.0182  
67.1033  68.3662  68.7388  69.562  70.1208  70.0193  
67.128  68.383  68.7513  69.5714  70.1218  70.0214  
67.1289  68.3899  68.7627  69.5759  70.1287  70.0163  
67.1304  68.3871  68.7553  69.5735  70.1214  70.0159  
67.1563  68.4037  68.7643  69.5815  70.1189  70.0147  
67.1821  68.4228  68.7827  69.5909  70.1207  70.0129  
67.1145  68.3766  68.7497  69.5684  70.1258  70.0198  
67.1547  68.4016  68.7654  69.5792  70.1197  70.0161  
67.1894  68.423  68.7755  69.5907  70.1161  70.0178  
67.1585  68.4079  68.7704  69.5871  70.1279  70.0226  
67.1816  68.4249  68.7898  69.5918  70.1245  70.0113  
67.149  68.3994  68.7631  69.5798  70.1204  70.0158  
67.1653  68.4104  68.7715  69.5831  70.1152  70.0079  
67.1295  68.3794  68.7402  69.5688  70.1165  70.0248  
67.1033  68.3586  68.7235  69.5549  70.1098  70.0204  
67.0994  68.3651  68.7402  69.5616  70.1225  70.018  
67.1613  68.4045  68.7643  69.5805  70.1176  70.0171  
67.2064  68.4296  68.7763  69.5919  70.1097  70.019  
67.178  68.4126  68.769  69.583  70.1153  70.0194  
67.149  68.4062  68.7783  69.5846  70.1316  70.0141  
67.1515  68.3959  68.7563  69.574  70.1112  70.0119  
67.2111  68.4376  68.7863  69.5977  70.1175  70.0185  
67.1822  68.418  68.7714  69.5873  70.1135  70.0145  
67.1964  68.4392  68.8021  69.6011  70.1268  70.0075  
67.1361  68.3841  68.7505  69.5678  70.117  70.0202  
67.1296  68.3882  68.758  69.5739  70.1226  70.0136  
67.1658  68.4048  68.7644  69.5778  70.114  70.0152  
67.1023  68.3666  68.7404  69.5608  70.119  70.0136  
67.1393  68.3929  68.7597  69.5757  70.1215  70.0155  
67.1499  68.404  68.7715  69.5807  70.1198  70.005  
67.0903  68.3599  68.7347  69.5613  70.1242  70.0211  
67.149  68.3965  68.7596  69.576  70.1175  70.0155  
67.0675  68.3492  68.732  69.5553  70.1255  70.0115  
67.1452  68.4001  68.7659  69.581  70.123  70.0125  
67.1301  68.3888  68.7576  69.5752  70.1242  70.0158  
67.1848  68.4298  68.7938  69.5978  70.1308  70.0164  
