66.4638  67.7569  68.1245  68.9801  69.4387  69.5405  
66.5501  67.815  68.1623  69.014  69.4488  69.544  
66.4829  67.7632  68.1179  68.9822  69.4409  69.5298  
66.4972  67.784  68.1477  68.9952  69.4336  69.5429  
66.483  67.7827  68.1503  69.0001  69.4318  69.551  
66.5262  67.8055  68.1606  69.0115  69.4421  69.5484  
66.5144  67.7883  68.1452  68.996  69.4443  69.5403  
66.5164  67.8031  68.1704  69.0078  69.4355  69.5541  
66.4834  67.7669  68.1248  68.9861  69.4436  69.5369  
66.4681  67.7604  68.1246  68.9855  69.4466  69.5447  
66.5171  67.7936  68.1508  68.9998  69.4408  69.5429  
66.4987  67.7736  68.1305  68.9868  69.4466  69.536  
66.5305  67.8036  68.1599  69.0053  69.4417  69.5453  
66.5217  67.8012  68.1606  69.0071  69.4431  69.55  
66.4494  67.7485  68.1197  68.9759  69.4373  69.5415  
66.4753  67.7666  68.1337  68.9871  69.4414  69.5444  
66.4805  67.7771  68.149  68.9946  69.4392  69.5544  
66.4801  67.7726  68.1397  68.9906  69.4373  69.5455  
66.5065  67.79  68.1496  68.9997  69.437  69.5439  
66.5331  67.8101  68.1692  69.01  69.4355  69.5467  
66.4638  67.7616  68.1336  68.9851  69.4409  69.5494  
66.505  67.7873  68.1502  68.9959  69.436  69.543  
66.5394  67.8091  68.1606  69.0085  69.439  69.5405  
66.507  67.793  68.1545  69.0047  69.4444  69.5524  
66.5328  67.8126  68.177  69.0112  69.4339  69.551  
66.4989  67.7851  68.1479  68.9971  69.4371  69.5445  
66.5152  67.7968  68.1572  69.0019  69.4308  69.541  
66.4779  67.7637  68.123  68.9852  69.4462  69.5396  
66.4516  67.7423  68.1058  68.9706  69.4413  69.532  
66.4488  67.7504  68.1243  68.9792  69.4409  69.5472  
66.5122  67.7911  68.1499  68.9988  69.4395  69.5426  
66.5563  67.8158  68.1616  69.0104  69.4414  69.5347  
66.529  67.7989  68.1543  69.0002  69.4397  69.5389  
66.4968  67.7913  68.1625  69.0022  69.4352  69.5565  
66.5016  67.7818  68.1412  68.9916  69.4336  69.5355  
66.5664  67.8285  68.1763  69.0207  69.4462  69.5473  
66.535  67.8062  68.1587  69.007  69.4382  69.5397  
66.5529  67.8311  68.1935  69.0238  69.4338  69.5566  
66.4852  67.7693  68.1345  68.9851  69.442  69.5412  
66.4804  67.7749  68.1437  68.9925  69.4368  69.5483  
66.5181  67.7926  68.1512  68.9971  69.4384  69.5399  
66.4502  67.7507  68.1234  68.9772  69.4347  69.5424  
66.4923  67.7811  68.147  68.9955  69.4401  69.5482  
66.5003  67.7908  68.1577  68.9996  69.4277  69.5458  
66.4325  67.7393  68.1128  68.9737  69.4377  69.5435  
66.4989  67.7819  68.1439  68.9924  69.4352  69.5405  
66.4136  67.7322  68.1138  68.9713  69.4329  69.5489  
66.4962  67.7867  68.1515  68.9989  69.434  69.5476  
66.481  67.775  68.1428  68.9926  69.4371  69.5484  
66.5324  67.8154  68.1788  69.0168  69.4392  69.5571  
