66.6249  67.8499  68.1804  69.0241  69.4611  69.5334  
66.6486  67.8598  68.1832  69.0289  69.4751  69.5341  
66.5734  67.8132  68.1531  69.0045  69.4633  69.5326  
66.6504  67.8635  68.1873  69.0313  69.4697  69.5336  
66.6643  67.8721  68.1912  69.0354  69.4684  69.5307  
66.5996  67.8279  68.1594  69.013  69.4718  69.5328  
66.5842  67.8179  68.1493  69.0084  69.4682  69.5289  
66.5905  67.82  68.1538  69.0084  69.4764  69.5343  
66.5873  67.8155  68.1475  69.004  69.4713  69.5267  
66.5971  67.8375  68.1806  69.0208  69.4641  69.5462  
66.5502  67.7956  68.1383  68.9952  69.4658  69.5311  
66.6427  67.8617  68.1934  69.0305  69.4684  69.5401  
66.6301  67.8452  68.1659  69.0223  69.4738  69.5259  
66.6111  67.8354  68.1662  69.0158  69.4712  69.5334  
66.6999  67.8928  68.2071  69.0447  69.4748  69.5317  
66.6068  67.8347  68.1657  69.0175  69.4707  69.5346  
66.5472  67.804  68.1518  69.0052  69.4626  69.543  
66.6283  67.8481  68.1762  69.0239  69.4742  69.5364  
66.6008  67.8283  68.1575  69.0112  69.4621  69.5251  
66.5593  67.8083  68.1556  69.0056  69.4703  69.545  
66.6409  67.8607  68.1891  69.0316  69.4675  69.537  
66.6138  67.8397  68.1679  69.0209  69.4689  69.5318  
66.5793  67.8126  68.146  69.005  69.4742  69.5317  
66.559  67.7928  68.129  68.9898  69.4744  69.5255  
66.5852  67.8206  68.1624  69.0075  69.4689  69.5385  
66.6157  67.8348  68.1632  69.014  69.473  69.5288  
66.6553  67.8696  68.1971  69.035  69.4701  69.5398  
66.6375  67.8608  68.194  69.0313  69.468  69.5437  
66.6063  67.8377  68.1743  69.0177  69.462  69.5352  
66.6165  67.8338  68.1592  69.0123  69.4699  69.5239  
66.5964  67.8214  68.1496  69.0089  69.4756  69.5274  
66.5864  67.8216  68.1601  69.0096  69.4702  69.5377  
66.5442  67.7908  68.1299  68.9941  69.467  69.5281  
66.6061  67.8345  68.1658  69.0181  69.4718  69.5351  
66.5976  67.8236  68.152  69.0106  69.4743  69.5289  
66.594  67.8256  68.155  69.0147  69.4718  69.5314  
66.5591  67.803  68.1434  69.0008  69.4678  69.5334  
66.6392  67.856  68.1836  69.0281  69.4734  69.5366  
66.6269  67.8462  68.1722  69.0234  69.4756  69.5349  
66.6392  67.8589  68.1925  69.0287  69.4696  69.5408  
66.6458  67.8535  68.1752  69.0239  69.4771  69.5285  
66.654  67.8618  68.1802  69.0291  69.4686  69.5245  
66.6562  67.87  68.202  69.0307  69.4593  69.535  
66.5792  67.8208  68.1637  69.0087  69.4592  69.5362  
66.6035  67.8381  68.1746  69.0211  69.4673  69.5413  
66.5896  67.8183  68.1474  69.0078  69.4719  69.5266  
66.5879  67.8196  68.1523  69.0079  69.4686  69.5301  
66.6567  67.8666  68.1863  69.0338  69.4706  69.5304  
66.6208  67.8453  68.1774  69.0211  69.4668  69.5361  
66.5878  67.8265  68.1615  69.0171  69.4718  69.5405  
