67.0122  67.4396  67.4885  67.9766  68.0904  68.3816  68.5894  68.7941  69.1448  69.2241  69.2512  69.5642  69.8875  69.941  70.0106  70.0916  
67.1127  67.5352  67.5825  68.0666  68.1762  68.4656  68.6742  68.8717  69.2244  69.3022  69.3315  69.6347  69.9629  70.0176  70.0847  70.1646  
66.9678  67.3964  67.4464  67.937  68.0539  68.3548  68.5554  68.7666  69.1308  69.2129  69.2241  69.5481  69.8835  69.9214  70.0103  70.0902  
67.0824  67.5072  67.5549  68.0405  68.1512  68.4391  68.6495  68.8485  69.1974  69.2752  69.3078  69.6124  69.9362  69.9945  70.0578  70.1386  
67.0576  67.4813  67.5292  68.013  68.1239  68.4095  68.6197  68.8187  69.1641  69.2415  69.2753  69.5795  69.901  69.9596  70.022  70.1047  
67.0415  67.4672  67.515  68.0043  68.1158  68.4134  68.6191  68.8209  69.1837  69.2631  69.2846  69.595  69.9314  69.979  70.0555  70.1351  
67.039  67.4656  67.5133  68.0037  68.1153  68.4137  68.6201  68.8218  69.1863  69.2659  69.2873  69.5977  69.936  69.9836  70.0603  70.1397  
67.0552  67.481  67.5292  68.0187  68.1311  68.431  68.6347  68.8382  69.205  69.2855  69.3018  69.6152  69.9553  69.9978  70.081  70.1596  
67.0493  67.4744  67.5226  68.0109  68.1231  68.4215  68.6256  68.8285  69.1942  69.2744  69.2916  69.6036  69.9446  69.987  70.0697  70.1496  
67.0556  67.4876  67.5378  68.0306  68.1476  68.4437  68.6502  68.8611  69.2172  69.2991  69.3186  69.6415  69.9647  70.0139  70.091  70.1671  
66.9757  67.4044  67.4531  67.9465  68.0607  68.3662  68.5679  68.7751  69.1473  69.2287  69.2406  69.5599  69.9035  69.9424  70.0299  70.109  
67.0752  67.5017  67.5501  68.0373  68.1497  68.4391  68.6485  68.8507  69.2  69.2787  69.3087  69.6179  69.9397  69.9967  70.0622  70.1418  
67.0979  67.5224  67.5702  68.0562  68.1667  68.4569  68.6666  68.8652  69.2203  69.2986  69.3275  69.6319  69.9648  70.0179  70.0873  70.1692  
67.0337  67.4596  67.508  67.9963  68.1092  68.4052  68.6101  68.8141  69.1736  69.2536  69.2741  69.5874  69.9202  69.9666  70.045  70.1248  
67.1099  67.5318  67.5793  68.0603  68.1697  68.4505  68.663  68.8588  69.1987  69.275  69.3144  69.6131  69.9312  69.9945  70.0507  70.1342  
67.0296  67.4551  67.5026  67.9917  68.1027  68.3995  68.6057  68.8065  69.1673  69.2461  69.2702  69.579  69.9132  69.9635  70.0363  70.1164  
66.9685  67.4014  67.4507  67.9481  68.0642  68.3704  68.5735  68.7843  69.1537  69.2357  69.2492  69.5737  69.9092  69.9526  70.0361  70.1128  
67.0531  67.4786  67.5269  68.0143  68.1267  68.4203  68.6266  68.8293  69.1856  69.265  69.2888  69.5999  69.9297  69.9795  70.0537  70.1339  
66.9869  67.4131  67.463  67.9494  68.0654  68.3596  68.5622  68.7708  69.1271  69.2081  69.2247  69.544  69.8743  69.9159  70  70.0815  
67.0135  67.4451  67.495  67.9901  68.1071  68.4122  68.6137  68.8259  69.1955  69.2785  69.2877  69.6142  69.9508  69.9894  70.0791  70.1549  
67.0454  67.4727  67.521  68.0091  68.1213  68.4105  68.6212  68.8228  69.1717  69.25  69.2823  69.5906  69.9132  69.9717  70.0351  70.1166  
66.9752  67.4019  67.4497  67.9394  68.0511  68.3468  68.5539  68.7556  69.1133  69.1917  69.2188  69.5281  69.8606  69.9128  69.9831  70.0666  
66.9846  67.4103  67.459  67.9485  68.0625  68.3651  68.5652  68.7718  69.1407  69.2219  69.2331  69.5513  69.8935  69.9302  70.02  70.1003  
67.0071  67.431  67.479  67.9681  68.0806  68.3864  68.5849  68.7895  69.1657  69.2471  69.2539  69.5701  69.9207  69.9526  70.0478  70.1265  
67.0068  67.4353  67.4863  67.9755  68.0943  68.3942  68.5931  68.8074  69.1703  69.2537  69.2605  69.5891  69.9219  69.9559  70.0504  70.1285  
67.0634  67.4879  67.5359  68.0227  68.1342  68.4286  68.6348  68.8359  69.1955  69.2747  69.2975  69.6064  69.9418  69.9894  70.0656  70.1465  
67.081  67.5064  67.5552  68.0403  68.1534  68.441  68.6494  68.8524  69.1996  69.2785  69.3071  69.6175  69.9376  69.9927  70.0603  70.1402  
67.0588  67.4869  67.5352  68.0245  68.1372  68.4284  68.6379  68.8411  69.1913  69.2703  69.3  69.6113  69.9316  69.9894  70.0547  70.1332  
67.0416  67.4706  67.52  68.0097  68.1245  68.4179  68.6253  68.8318  69.1865  69.2668  69.2903  69.6063  69.9326  69.9833  70.057  70.1363  
67.0017  67.4251  67.4736  67.9587  68.0714  68.366  68.5694  68.7724  69.1313  69.2108  69.2306  69.5422  69.8778  69.9213  70.002  70.0851  
67.0177  67.4419  67.4891  67.9779  68.0879  68.3869  68.5923  68.7914  69.1575  69.2362  69.2582  69.565  69.9078  69.954  70.0312  70.1134  
67.0665  67.4948  67.5438  68.0349  68.1492  68.4483  68.6528  68.8596  69.2234  69.3048  69.3209  69.6388  69.9729  70.0171  70.0994  70.176  
66.9874  67.4161  67.4643  67.9584  68.0714  68.3771  68.5803  68.7854  69.1592  69.2402  69.2539  69.5703  69.9164  69.9568  70.0426  70.1217  
67.0418  67.4707  67.5193  68.0104  68.1237  68.4194  68.6273  68.8317  69.1906  69.2706  69.2944  69.6079  69.9396  69.9899  70.0646  70.1446  
67.0725  67.4979  67.5457  68.0345  68.1457  68.4427  68.6491  68.85  69.2139  69.2936  69.3147  69.6239  69.9629  70.0095  70.0875  70.167  
67.043  67.4712  67.5189  68.0108  68.122  68.4191  68.6283  68.8291  69.1914  69.2705  69.2965  69.6054  69.9417  69.9938  70.0656  70.1459  
67.0017  67.4315  67.4803  67.9744  68.0886  68.3921  68.5961  68.8031  69.1727  69.2541  69.2688  69.5876  69.9281  69.9702  70.0547  70.1331  
67.0486  67.4755  67.5243  68.0119  68.1251  68.4162  68.6244  68.8279  69.18  69.2592  69.2863  69.5978  69.9239  69.9766  70.0476  70.1291  
67.0731  67.4986  67.5469  68.0342  68.1465  68.4398  68.6465  68.849  69.2057  69.2853  69.3087  69.6195  69.9503  69.9995  70.0747  70.1544  
67.0343  67.4614  67.5102  67.9981  68.1116  68.4029  68.6106  68.8149  69.1657  69.2448  69.2722  69.5846  69.908  69.9618  70.031  70.112  
67.083  67.5047  67.5523  68.0356  68.1457  68.4359  68.643  68.841  69.1958  69.2737  69.3007  69.6045  69.9375  69.9881  70.0596  70.1421  
67.1156  67.5397  67.5871  68.0716  68.1809  68.4658  68.6791  68.875  69.2224  69.2993  69.3362  69.6357  69.9613  70.0225  70.0818  70.1641  
67.005  67.4296  67.478  67.9624  68.0748  68.362  68.57  68.7719  69.1163  69.1939  69.2261  69.5342  69.8526  69.9105  69.9731  70.0561  
67.0397  67.4704  67.5205  68.0124  68.129  68.4264  68.6316  68.8419  69.2016  69.2835  69.3004  69.6225  69.9513  69.9968  70.0778  70.1548  
67.0639  67.495  67.5439  68.0369  68.151  68.4463  68.6556  68.8615  69.2181  69.2986  69.3236  69.6395  69.9651  70.019  70.0904  70.1676  
66.9914  67.417  67.4648  67.9545  68.0661  68.3657  68.5703  68.7722  69.1378  69.2172  69.2373  69.548  69.8894  69.9341  70.0136  70.096  
67.0638  67.4909  67.5391  68.0294  68.1418  68.4395  68.6457  68.849  69.2125  69.2928  69.3127  69.6254  69.9616  70.0083  70.0869  70.165  
67.0624  67.4878  67.5355  68.0217  68.132  68.4187  68.631  68.829  69.1763  69.2535  69.2897  69.5925  69.9163  69.9772  70.0373  70.1203  
67.0492  67.4749  67.5232  68.0107  68.1232  68.4167  68.623  68.826  69.1814  69.2607  69.2849  69.5963  69.9239  69.9749  70.0474  70.1265  
66.9984  67.4266  67.4743  67.9671  68.0793  68.3805  68.5857  68.7892  69.1541  69.2338  69.2548  69.5683  69.9037  69.9523  70.028  70.1071  
