65.9757  66.7072  66.7938  67.573  67.8048  68.1524  68.4981  68.9119  69.1729  69.2763  69.4318  
66.0134  66.7368  66.8214  67.5941  67.8204  68.1668  68.512  68.9175  69.1846  69.2881  69.4405  
65.9248  66.6589  66.7463  67.5334  67.7705  68.1395  68.4705  68.8972  69.1767  69.2824  69.4173  
66.0079  66.7347  66.82  67.594  67.8212  68.1624  68.5125  68.9181  69.1783  69.2814  69.4408  
66.0244  66.7493  66.8339  67.605  67.8292  68.1643  68.5193  68.9188  69.1752  69.2775  69.4434  
65.9618  66.6911  66.7769  67.5586  67.7901  68.1513  68.4886  68.9051  69.1825  69.288  69.4288  
65.9495  66.6802  66.7656  67.5501  67.781  68.1452  68.4833  68.8991  69.18  69.2853  69.4271  
65.952  66.6813  66.7673  67.5502  67.7832  68.1496  68.4825  68.903  69.1859  69.2924  69.4255  
65.9526  66.6806  66.7662  67.5481  67.7794  68.145  68.4796  68.8967  69.1815  69.2873  69.4227  
65.9314  66.6706  66.7594  67.5475  67.788  68.148  68.4837  68.9145  69.1789  69.2838  69.4269  
65.9058  66.6406  66.7283  67.5185  67.7573  68.1356  68.4609  68.8919  69.1807  69.2875  69.4134  
65.9891  66.7194  66.8065  67.5831  67.8162  68.1618  68.5056  68.9213  69.1804  69.2838  69.4368  
65.996  66.7223  66.8064  67.5828  67.8071  68.1533  68.5051  68.907  69.1785  69.2823  69.4393  
65.9693  66.6983  66.7843  67.5641  67.7956  68.1519  68.4913  68.9073  69.1797  69.2851  69.4283  
66.0563  66.7779  66.8623  67.6269  67.849  68.1733  68.5334  68.9274  69.1772  69.2789  69.4502  
65.9688  66.6979  66.7838  67.5647  67.796  68.1551  68.4934  68.9089  69.1832  69.2879  69.432  
65.8901  66.6319  66.7206  67.5167  67.7594  68.1377  68.4638  68.9012  69.1807  69.287  69.4183  
65.9854  66.7138  66.7995  67.5773  67.8073  68.1581  68.5013  68.9139  69.1818  69.2866  69.4351  
65.9619  66.6912  66.7767  67.5574  67.7873  68.143  68.4852  68.8979  69.171  69.2754  69.4236  
65.9013  66.6402  66.7289  67.5218  67.7643  68.1414  68.4659  68.9035  69.1849  69.2919  69.418  
65.9895  66.7208  66.8074  67.5849  67.8159  68.1585  68.5079  68.9191  69.1774  69.2805  69.4399  
65.9714  66.7024  66.7886  67.5691  67.7994  68.151  68.4968  68.9087  69.1777  69.282  69.4347  
65.9445  66.6739  66.7597  67.5439  67.7764  68.1458  68.4779  68.8978  69.1834  69.2901  69.4226  
65.9311  66.6576  66.7433  67.5276  67.7612  68.1411  68.4637  68.8878  69.1853  69.2933  69.4117  
65.93  66.6636  66.7515  67.5369  67.7759  68.1436  68.4723  68.9026  69.1799  69.2862  69.4167  
65.9773  66.704  66.7896  67.5672  67.7969  68.1518  68.4925  68.9051  69.1805  69.2856  69.4291  
66.0057  66.7337  66.8198  67.594  67.824  68.1656  68.5128  68.9231  69.1803  69.2833  69.4403  
65.981  66.7138  66.8012  67.5802  67.8147  68.161  68.5046  68.9231  69.1795  69.2836  69.4363  
65.9515  66.6857  66.7733  67.5563  67.792  68.1474  68.4872  68.9087  69.1756  69.2797  69.427  
65.9827  66.7077  66.7927  67.5687  67.7963  68.1496  68.492  68.9007  69.1762  69.281  69.4269  
65.9653  66.6924  66.7777  67.5582  67.7875  68.1492  68.4877  68.9005  69.1836  69.2894  69.4291  
65.9377  66.671  66.7581  67.5439  67.7803  68.1464  68.4788  68.9047  69.182  69.2882  69.4229  
65.9065  66.6412  66.7279  67.5192  67.7552  68.1334  68.4623  68.8889  69.1802  69.2871  69.4162  
65.9572  66.6909  66.7775  67.5607  67.7932  68.147  68.4915  68.9082  69.178  69.2835  69.4317  
65.9639  66.6923  66.7773  67.5588  67.7878  68.1482  68.4885  68.9012  69.1819  69.2876  69.4295  
65.9538  66.6869  66.7726  67.5574  67.7877  68.1453  68.4901  68.9039  69.1793  69.2847  69.4331  
65.9124  66.6486  66.736  67.5263  67.7639  68.1367  68.4675  68.8959  69.1798  69.2866  69.4184  
65.9882  66.7185  66.805  67.582  67.8126  68.1565  68.5048  68.9166  69.1784  69.2828  69.4372  
65.9868  66.7149  66.8  67.5781  67.8064  68.1566  68.5021  68.9121  69.1812  69.2862  69.4361  
65.9816  66.7129  66.8008  67.5779  67.8129  68.1596  68.5018  68.9206  69.1802  69.2841  69.4343  
66.0125  66.7345  66.819  67.5905  67.8158  68.1622  68.5082  68.9118  69.1833  69.287  69.4379  
66.0154  66.7408  66.8252  67.5976  67.821  68.1574  68.5142  68.9124  69.1741  69.2765  69.4422  
66.001  66.7289  66.8167  67.5887  67.8225  68.1633  68.5063  68.9212  69.175  69.277  69.4328  
65.9212  66.6584  66.7466  67.5349  67.7744  68.1399  68.4726  68.9024  69.175  69.2801  69.4187  
65.9456  66.6831  66.7707  67.5568  67.793  68.1476  68.49  68.913  69.1772  69.2825  69.4308  
65.956  66.6852  66.7707  67.553  67.7829  68.1446  68.4843  68.898  69.1796  69.2854  69.427  
65.9484  66.6795  66.7653  67.5494  67.7815  68.1443  68.4819  68.9  69.1786  69.2844  69.4246  
66.013  66.7408  66.8258  67.5993  67.8244  68.1595  68.5167  68.9174  69.1747  69.2776  69.4443  
65.9764  66.7054  66.7917  67.5705  67.8029  68.1572  68.496  68.9126  69.1801  69.2843  69.4306  
65.946  66.6798  66.7662  67.553  67.787  68.152  68.4882  68.9093  69.1849  69.2905  69.4321  
