66.6335  67.581  67.7501  68.5977  68.9682  69.1322  69.6073  
66.71  67.6467  67.8103  68.6571  69.0183  69.1926  69.6638  
66.5861  67.5371  67.7094  68.5645  68.9472  69.1298  69.5869  
66.6909  67.6317  67.7968  68.6428  69.0046  69.1704  69.6484  
66.6821  67.6192  67.7836  68.6243  68.9829  69.143  69.6242  
66.6407  67.5876  67.7534  68.6124  68.9827  69.1682  69.6331  
66.6336  67.5821  67.7479  68.6099  68.9804  69.1688  69.6341  
66.6498  67.5956  67.7624  68.6219  68.9957  69.1878  69.6452  
66.6441  67.588  67.7543  68.6124  68.9843  69.1761  69.6351  
66.6566  67.6125  67.7877  68.6397  69.0239  69.1934  69.6577  
66.5731  67.5294  67.6991  68.5677  68.95  69.1462  69.6018  
66.6797  67.6257  67.7943  68.6412  69.0103  69.1746  69.6495  
66.6996  67.6375  67.8013  68.6505  69.0108  69.1878  69.6619  
66.6454  67.5899  67.7571  68.6098  68.9812  69.1606  69.6251  
66.7323  67.6634  67.8261  68.6602  69.0127  69.1672  69.6527  
66.6318  67.5796  67.745  68.6039  68.9729  69.1546  69.6233  
66.5685  67.5337  67.707  68.5769  68.9651  69.1519  69.6114  
66.6657  67.6085  67.7752  68.625  68.9935  69.1682  69.6365  
66.616  67.5571  67.7267  68.5714  68.9446  69.1186  69.582  
66.6112  67.5697  67.7438  68.6072  68.9964  69.1858  69.6376  
66.6598  67.6071  67.7747  68.6231  68.9896  69.1519  69.6325  
66.599  67.5486  67.7143  68.5713  68.9383  69.1119  69.5892  
66.6001  67.5459  67.7134  68.5723  68.9483  69.1408  69.5958  
66.6026  67.547  67.7129  68.5779  68.9552  69.163  69.6081  
66.6248  67.5718  67.7465  68.5946  68.9812  69.1623  69.6121  
66.6652  67.6067  67.7722  68.6249  68.9924  69.1746  69.6405  
66.6953  67.6358  67.8042  68.6447  69.012  69.1735  69.647  
66.6675  67.6173  67.7864  68.6361  69.0073  69.1706  69.6458  
66.6461  67.5967  67.7681  68.6192  68.9953  69.1657  69.6351  
66.6265  67.5649  67.7303  68.5789  68.9458  69.1253  69.5908  
66.6201  67.5655  67.7286  68.5913  68.9576  69.1489  69.6155  
66.6587  67.6083  67.7787  68.6359  69.015  69.2007  69.658  
66.5801  67.5361  67.7038  68.5756  68.9543  69.1542  69.6118  
66.6508  67.6002  67.7684  68.6241  68.9959  69.1725  69.6428  
66.6665  67.6099  67.7748  68.633  69.001  69.1902  69.6537  
66.6419  67.5926  67.758  68.6207  68.9887  69.1721  69.6446  
66.5993  67.5554  67.7252  68.5918  68.9725  69.1643  69.6234  
66.6686  67.6124  67.7803  68.6268  68.9948  69.1618  69.6359  
66.6832  67.624  67.7902  68.6393  69.0065  69.183  69.6503  
66.6506  67.5984  67.7681  68.6154  68.9874  69.1513  69.6253  
66.6902  67.6247  67.7879  68.6342  68.9946  69.1716  69.6421  
66.7168  67.6539  67.8169  68.6619  69.0177  69.1841  69.6669  
66.6283  67.5739  67.7428  68.5849  68.9529  69.108  69.5882  
66.6369  67.5912  67.7653  68.6198  69.0035  69.1804  69.6414  
66.6638  67.6181  67.7889  68.6449  69.0211  69.193  69.6635  
66.6037  67.5507  67.7155  68.5768  68.9457  69.134  69.6006  
66.6567  67.6039  67.7711  68.6298  69.0024  69.1894  69.6516  
66.6816  67.6228  67.7867  68.6327  68.9908  69.153  69.6379  
66.6544  67.6  67.7678  68.6187  68.9898  69.1634  69.6312  
66.6042  67.5588  67.7258  68.5907  68.9648  69.149  69.6161  
