-8.32766  4.93115  0
-8.21052  4.93797  0
-8.34034  4.92669  0
-8.31067  4.93824  0
-8.24804  4.93193  0
-8.22354  4.93468  0
-8.30159  4.93881  0
-8.27508  4.94106  0
-8.30376  4.92969  0
-8.25132  4.93005  0
-8.32718  4.94713  0
-8.33891  4.9333  0
-8.28584  4.94949  0
-8.23367  4.94124  0
-8.32509  4.93026  0
-8.27853  4.92694  0
-8.25884  4.94094  0
-8.28746  4.92961  0
-8.29646  4.93982  0
-8.27262  4.93861  0
-8.28029  4.93515  0
-8.29389  4.93836  0
-8.28196  4.94248  0
-8.22298  4.9434  0
-8.26327  4.94023  0
-8.27964  4.93091  0
-8.32817  4.92844  0
-8.30353  4.93451  0
-8.37557  4.9236  0
-8.3047  4.92394  0
-8.29951  4.93908  0
-8.30202  4.93384  0
-8.29875  4.9438  0
-8.27091  4.95121  0
-8.35597  4.92982  0
-8.25577  4.94832  0
-8.29177  4.93328  0
-8.20985  4.93929  0
-8.3329  4.9349  0
-8.29055  4.93046  0
-8.32825  4.94079  0
-8.3509  4.92874  0
-8.27668  4.93392  0
-8.3244  4.93447  0
-8.29215  4.93438  0
-8.31716  4.94166  0
-8.34168  4.92273  0
-8.27528  4.93965  0
-8.27616  4.93684  0
-8.22253  4.94441  0
