-8.33115  4.92634  0
-8.24254  4.94403  0
-8.37761  4.94448  0
-8.31397  4.94232  0
-8.24376  4.93516  0
-8.29693  4.92949  0
-8.25707  4.94985  0
-8.29097  4.93187  0
-8.27313  4.9288  0
-8.32305  4.93969  0
-8.31169  4.93294  0
-8.30778  4.93938  0
-8.27657  4.94269  0
-8.28205  4.92583  0
-8.35476  4.94122  0
-8.30737  4.94397  0
-8.24981  4.93613  0
-8.3105  4.93384  0
-8.28424  4.93447  0
-8.29173  4.93485  0
-8.2325  4.93725  0
-8.31495  4.92839  0
-8.38431  4.9387  0
-8.34303  4.93408  0
-8.24928  4.93001  0
-8.26509  4.92679  0
-8.29496  4.9265  0
-8.3502  4.94678  0
-8.27666  4.93767  0
-8.31534  4.93458  0
-8.32066  4.94014  0
-8.27983  4.93996  0
-8.33133  4.94283  0
-8.34086  4.93646  0
-8.37977  4.91923  0
-8.39949  4.95275  0
-8.36491  4.93082  0
-8.35122  4.93534  0
-8.26891  4.9354  0
-8.30933  4.93588  0
-8.31839  4.92942  0
-8.29227  4.92177  0
-8.2789  4.93447  0
-8.29375  4.92986  0
-8.30567  4.9483  0
-8.30431  4.94054  0
-8.28198  4.92906  0
-8.22891  4.92755  0
-8.25091  4.94387  0
-8.33605  4.93917  0
