-60.2224  0  0  0.5  1  1  1s1;2
-52.5115  0  1  1.5  2  1  1p3;2
-51.7722  0  1  0.5  -1  1  1p1;2
-43.2327  0  2  2.5  3  1  1d5;2
-41.2457  0  2  1.5  -2  1  1d3;2
-37.265  1  0  0.5  1  1  2s1;2
-33.0329  0  3  3.5  4  1  1f7;2
-29.3393  0  3  2.5  -3  1  1f5;2
-25.2793  1  1  1.5  2  1  2p3;2
-24.1461  1  1  0.5  -1  1  2p1;2
-22.3873  0  4  4.5  5  1  1g9;2
-16.7796  0  4  3.5  -4  1  1g7;2
-13.9638  1  2  2.5  3  1  2d5;2
-12.1  1  2  1.5  -2  1  2d3;2
-11.6974  0  5  5.5  6  1  1h11;2
-11.3086  2  0  0.5  1  1  3s1;2
