8.00000e-06
2.07643e-02
4.15205e-02
6.22768e-02
8.30330e-02
1.03789e-01
1.24546e-01
1.45302e-01
1.66058e-01
1.86814e-01
2.07571e-01
2.28327e-01
2.49083e-01
2.69839e-01
2.90596e-01
3.11352e-01
3.32108e-01
3.52864e-01
3.73621e-01
3.94377e-01
4.15133e-01
4.35889e-01
4.56646e-01
4.77402e-01
4.98158e-01
5.18915e-01
5.39671e-01
5.60427e-01
5.81183e-01
6.01940e-01
6.22696e-01
6.43452e-01
6.64208e-01
6.84965e-01
7.05721e-01
7.26477e-01
7.47233e-01
7.67990e-01
7.88746e-01
8.09502e-01
8.30258e-01
8.51015e-01
8.71771e-01
8.92527e-01
9.13284e-01
9.34040e-01
9.54796e-01
9.75552e-01
9.96309e-01
1.01706e+00
1.03782e+00
1.05858e+00
1.07933e+00
1.10009e+00
1.12085e+00
1.14160e+00
1.16236e+00
1.18311e+00
1.20387e+00
1.22463e+00
1.24538e+00
1.26614e+00
1.28690e+00
1.30765e+00
1.32841e+00
1.34917e+00
1.36992e+00
1.39068e+00
1.41143e+00
1.43219e+00
1.45295e+00
1.47370e+00
1.49446e+00
1.51522e+00
1.53597e+00
1.55673e+00
1.57748e+00
1.59824e+00
1.61900e+00
1.63975e+00
1.66051e+00
1.68127e+00
1.70202e+00
1.72278e+00
1.74353e+00
1.76429e+00
1.78505e+00
1.80580e+00
1.82656e+00
1.84732e+00
1.86807e+00
1.88883e+00
1.90958e+00
1.93034e+00
1.95110e+00
1.97185e+00
1.99261e+00
2.01337e+00
2.03412e+00
2.05488e+00
2.07563e+00
2.09639e+00
2.11715e+00
2.13790e+00
2.15866e+00
2.17942e+00
2.20017e+00
2.22093e+00
2.24168e+00
2.26244e+00
2.28320e+00
2.30395e+00
2.32471e+00
2.34547e+00
2.36622e+00
2.38698e+00
2.40773e+00
2.42849e+00
2.44925e+00
2.47000e+00
2.49076e+00
2.51152e+00
2.53227e+00
2.55303e+00
2.57378e+00
2.59454e+00
2.61530e+00
2.63605e+00
2.65681e+00
2.67757e+00
2.69832e+00
2.71908e+00
2.73983e+00
2.76059e+00
2.78135e+00
2.80210e+00
2.82286e+00
2.84362e+00
2.86437e+00
2.88513e+00
2.90588e+00
2.92664e+00
2.94740e+00
2.96815e+00
2.98891e+00
3.00967e+00
3.03042e+00
3.05118e+00
3.07193e+00
3.09269e+00
3.11345e+00
3.13420e+00
3.15496e+00
3.17572e+00
3.19647e+00
3.21723e+00
3.23798e+00
3.25874e+00
3.27950e+00
3.30025e+00
3.32101e+00
3.34177e+00
3.36252e+00
3.38328e+00
3.40403e+00
3.42479e+00
3.44555e+00
3.46630e+00
3.48706e+00
3.50782e+00
3.52857e+00
3.54933e+00
3.57009e+00
3.59084e+00
3.61160e+00
3.63235e+00
3.65311e+00
3.67387e+00
3.69462e+00
3.71538e+00
3.73614e+00
3.75689e+00
3.77765e+00
3.79840e+00
3.81916e+00
3.83992e+00
3.86067e+00
3.88143e+00
3.90219e+00
3.92294e+00
3.94370e+00
3.96445e+00
3.98521e+00
4.00597e+00
4.02672e+00
4.04748e+00
4.06824e+00
4.08899e+00
4.10975e+00
4.13050e+00
4.15126e+00
4.17202e+00
4.19277e+00
4.21353e+00
4.23429e+00
4.25504e+00
4.27580e+00
4.29655e+00
4.31731e+00
4.33807e+00
4.35882e+00
4.37958e+00
4.40034e+00
4.42109e+00
4.44185e+00
4.46260e+00
4.48336e+00
4.50412e+00
4.52487e+00
4.54563e+00
4.56639e+00
4.58714e+00
4.60790e+00
4.62865e+00
4.64941e+00
4.67017e+00
4.69092e+00
4.71168e+00
4.73244e+00
4.75319e+00
4.77395e+00
4.79470e+00
4.81546e+00
4.83622e+00
4.85697e+00
4.87773e+00
4.89849e+00
4.91924e+00
4.94000e+00
4.96075e+00
4.98151e+00
5.00227e+00
5.02302e+00
5.04378e+00
5.06454e+00
5.08529e+00
5.10605e+00
5.12680e+00
5.14756e+00
5.16832e+00
5.18907e+00
5.20983e+00
5.23059e+00
5.25134e+00
5.27210e+00
5.29285e+00
5.31361e+00
5.33437e+00
5.35512e+00
5.37588e+00
5.39664e+00
5.41739e+00
5.43815e+00
5.45890e+00
5.47966e+00
5.50042e+00
5.52117e+00
5.54193e+00
5.56269e+00
5.58344e+00
5.60420e+00
5.62495e+00
5.64571e+00
5.66647e+00
5.68722e+00
5.70798e+00
5.72874e+00
5.74949e+00
5.77025e+00
5.79101e+00
5.81176e+00
5.83252e+00
5.85327e+00
5.87403e+00
5.89479e+00
5.91554e+00
5.93630e+00
5.95706e+00
5.97781e+00
5.99857e+00
6.01932e+00
6.04008e+00
6.06084e+00
6.08159e+00
6.10235e+00
6.12311e+00
6.14386e+00
6.16462e+00
6.18537e+00
6.20613e+00
6.22689e+00
6.24764e+00
6.26840e+00
6.28916e+00
6.30991e+00
6.33067e+00
6.35142e+00
6.37218e+00
6.39294e+00
6.41369e+00
6.43445e+00
6.45521e+00
6.47596e+00
6.49672e+00
6.51747e+00
6.53823e+00
6.55899e+00
6.57974e+00
6.60050e+00
6.62126e+00
6.64201e+00
6.66277e+00
6.68352e+00
6.70428e+00
6.72504e+00
6.74579e+00
6.76655e+00
6.78731e+00
6.80806e+00
6.82882e+00
6.84957e+00
6.87033e+00
6.89109e+00
6.91184e+00
6.93260e+00
6.95336e+00
6.97411e+00
6.99487e+00
7.01562e+00
7.03638e+00
7.05714e+00
7.07789e+00
7.09865e+00
7.11941e+00
7.14016e+00
7.16092e+00
7.18167e+00
7.20243e+00
7.22319e+00
7.24394e+00
7.26470e+00
7.28546e+00
7.30621e+00
7.32697e+00
7.34772e+00
7.36848e+00
7.38924e+00
7.40999e+00
7.43075e+00
7.45151e+00
7.47226e+00
7.49302e+00
7.51377e+00
7.53453e+00
7.55529e+00
7.57604e+00
7.59680e+00
7.61756e+00
7.63831e+00
7.65907e+00
7.67982e+00
7.70058e+00
7.72134e+00
7.74209e+00
7.76285e+00
7.78361e+00
7.80436e+00
7.82512e+00
7.84587e+00
7.86663e+00
7.88739e+00
7.90814e+00
7.92890e+00
7.94966e+00
7.97041e+00
7.99117e+00
8.01193e+00
8.03268e+00
8.05344e+00
8.07419e+00
8.09495e+00
8.11571e+00
8.13646e+00
8.15722e+00
8.17798e+00
8.19873e+00
8.21949e+00
8.24024e+00
8.26100e+00
8.28176e+00
8.30251e+00
8.32327e+00
8.34403e+00
8.36478e+00
8.38554e+00
8.40629e+00
8.42705e+00
8.44781e+00
8.46856e+00
8.48932e+00
8.51008e+00
8.53083e+00
8.55159e+00
8.57234e+00
8.59310e+00
8.61386e+00
8.63461e+00
8.65537e+00
8.67613e+00
8.69688e+00
8.71764e+00
8.73839e+00
8.75915e+00
8.77991e+00
8.80066e+00
8.82142e+00
8.84218e+00
8.86293e+00
8.88369e+00
8.90444e+00
8.92520e+00
8.94596e+00
8.96671e+00
8.98747e+00
9.00823e+00
9.02898e+00
9.04974e+00
9.07049e+00
9.09125e+00
9.11201e+00
9.13276e+00
9.15352e+00
9.17428e+00
9.19503e+00
9.21579e+00
9.23654e+00
9.25730e+00
9.27806e+00
9.29881e+00
9.31957e+00
9.34033e+00
9.36108e+00
9.38184e+00
9.40259e+00
9.42335e+00
9.44411e+00
9.46486e+00
9.48562e+00
9.50638e+00
9.52713e+00
9.54789e+00
9.56864e+00
9.58940e+00
9.61016e+00
9.63091e+00
9.65167e+00
9.67243e+00
9.69318e+00
9.71394e+00
9.73469e+00
9.75545e+00
9.77621e+00
9.79696e+00
9.81772e+00
9.83848e+00
9.85923e+00
9.87999e+00
9.90074e+00
9.92150e+00
9.94226e+00
9.96301e+00
9.98377e+00
1.00045e+01
1.00253e+01
1.00460e+01
1.00668e+01
1.00876e+01
1.01083e+01
1.01291e+01
1.01498e+01
1.01706e+01
1.01913e+01
1.02121e+01
1.02328e+01
1.02536e+01
1.02744e+01
1.02951e+01
1.03159e+01
1.03366e+01
1.03574e+01
1.03781e+01
1.03989e+01
1.04197e+01
1.04404e+01
1.04612e+01
1.04819e+01
1.05027e+01
1.05234e+01
1.05442e+01
1.05649e+01
1.05857e+01
1.06065e+01
1.06272e+01
1.06480e+01
1.06687e+01
1.06895e+01
1.07102e+01
1.07310e+01
1.07518e+01
1.07725e+01
1.07933e+01
1.08140e+01
1.08348e+01
1.08555e+01
1.08763e+01
1.08970e+01
1.09178e+01
1.09386e+01
1.09593e+01
1.09801e+01
1.10008e+01
1.10216e+01
1.10423e+01
1.10631e+01
1.10839e+01
1.11046e+01
1.11254e+01
1.11461e+01
1.11669e+01
1.11876e+01
1.12084e+01
1.12291e+01
1.12499e+01
1.12707e+01
1.12914e+01
1.13122e+01
1.13329e+01
1.13537e+01
1.13744e+01
1.13952e+01
1.14160e+01
1.14367e+01
1.14575e+01
1.14782e+01
1.14990e+01
1.15197e+01
1.15405e+01
1.15612e+01
1.15820e+01
1.16028e+01
1.16235e+01
1.16443e+01
1.16650e+01
1.16858e+01
1.17065e+01
1.17273e+01
1.17481e+01
1.17688e+01
1.17896e+01
1.18103e+01
1.18311e+01
1.18518e+01
1.18726e+01
1.18933e+01
1.19141e+01
1.19349e+01
1.19556e+01
1.19764e+01
1.19971e+01
1.20179e+01
1.20386e+01
1.20594e+01
1.20802e+01
1.21009e+01
1.21217e+01
1.21424e+01
1.21632e+01
1.21839e+01
1.22047e+01
1.22254e+01
1.22462e+01
1.22670e+01
1.22877e+01
1.23085e+01
1.23292e+01
1.23500e+01
1.23707e+01
1.23915e+01
1.24123e+01
1.24330e+01
1.24538e+01
1.24745e+01
1.24953e+01
1.25160e+01
1.25368e+01
1.25575e+01
1.25783e+01
1.25991e+01
1.26198e+01
1.26406e+01
1.26613e+01
1.26821e+01
1.27028e+01
1.27236e+01
1.27444e+01
1.27651e+01
1.27859e+01
1.28066e+01
1.28274e+01
1.28481e+01
1.28689e+01
1.28896e+01
1.29104e+01
1.29312e+01
1.29519e+01
1.29727e+01
1.29934e+01
1.30142e+01
1.30349e+01
1.30557e+01
1.30765e+01
1.30972e+01
1.31180e+01
1.31387e+01
1.31595e+01
1.31802e+01
1.32010e+01
1.32217e+01
1.32425e+01
1.32633e+01
1.32840e+01
1.33048e+01
1.33255e+01
1.33463e+01
1.33670e+01
1.33878e+01
1.34086e+01
1.34293e+01
1.34501e+01
1.34708e+01
1.34916e+01
1.35123e+01
1.35331e+01
1.35538e+01
1.35746e+01
1.35954e+01
1.36161e+01
1.36369e+01
1.36576e+01
1.36784e+01
1.36991e+01
1.37199e+01
1.37407e+01
1.37614e+01
1.37822e+01
1.38029e+01
1.38237e+01
1.38444e+01
1.38652e+01
1.38859e+01
1.39067e+01
1.39275e+01
1.39482e+01
1.39690e+01
1.39897e+01
1.40105e+01
1.40312e+01
1.40520e+01
1.40728e+01
1.40935e+01
1.41143e+01
1.41350e+01
1.41558e+01
1.41765e+01
1.41973e+01
1.42180e+01
1.42388e+01
1.42596e+01
1.42803e+01
1.43011e+01
1.43218e+01
1.43426e+01
1.43633e+01
1.43841e+01
1.44049e+01
1.44256e+01
1.44464e+01
1.44671e+01
1.44879e+01
1.45086e+01
1.45294e+01
1.45501e+01
1.45709e+01
1.45917e+01
1.46124e+01
1.46332e+01
1.46539e+01
1.46747e+01
1.46954e+01
1.47162e+01
1.47370e+01
1.47577e+01
1.47785e+01
1.47992e+01
1.48200e+01
1.48407e+01
1.48615e+01
1.48822e+01
1.49030e+01
1.49238e+01
1.49445e+01
1.49653e+01
1.49860e+01
1.50068e+01
1.50275e+01
1.50483e+01
1.50691e+01
1.50898e+01
1.51106e+01
1.51313e+01
1.51521e+01
1.51728e+01
1.51936e+01
1.52143e+01
1.52351e+01
1.52559e+01
1.52766e+01
1.52974e+01
1.53181e+01
1.53389e+01
1.53596e+01
1.53804e+01
1.54012e+01
1.54219e+01
1.54427e+01
1.54634e+01
1.54842e+01
1.55049e+01
1.55257e+01
1.55464e+01
1.55672e+01
1.55880e+01
1.56087e+01
1.56295e+01
1.56502e+01
1.56710e+01
1.56917e+01
1.57125e+01
1.57333e+01
1.57540e+01
1.57748e+01
1.57955e+01
1.58163e+01
1.58370e+01
1.58578e+01
1.58785e+01
1.58993e+01
1.59201e+01
1.59408e+01
1.59616e+01
1.59823e+01
1.60031e+01
1.60238e+01
1.60446e+01
1.60654e+01
1.60861e+01
1.61069e+01
1.61276e+01
1.61484e+01
1.61691e+01
1.61899e+01
1.62106e+01
1.62314e+01
1.62522e+01
1.62729e+01
1.62937e+01
1.63144e+01
1.63352e+01
1.63559e+01
1.63767e+01
1.63975e+01
1.64182e+01
1.64390e+01
1.64597e+01
1.64805e+01
1.65012e+01
1.65220e+01
1.65427e+01
1.65635e+01
1.65843e+01
1.66050e+01
