67.2434  68.4412  68.7723  69.5886  70.0172  70.092  
67.2658  68.4502  68.7743  69.5918  70.0275  70.0911  
67.1961  68.4081  68.7487  69.5722  70.0227  70.0943  
67.2676  68.4539  68.7782  69.5945  70.0231  70.0908  
67.2826  68.4631  68.7829  69.5996  70.0243  70.0893  
67.2161  68.4185  68.7507  69.5767  70.0246  70.0905  
67.2037  68.4108  68.743  69.574  70.0231  70.0885  
67.2089  68.4118  68.7466  69.5727  70.0295  70.0925  
67.208  68.4093  68.7422  69.5702  70.027  70.087  
67.2198  68.4313  68.775  69.5859  70.0193  70.1045  
67.1671  68.3869  68.7303  69.56  70.0198  70.0899  
67.2581  68.4507  68.7827  69.5925  70.0201  70.0958  
67.2545  68.4414  68.7629  69.5902  70.0321  70.0881  
67.2292  68.4266  68.7581  69.5798  70.0253  70.0915  
67.3165  68.4824  68.7973  69.6073  70.0285  70.0887  
67.2211  68.4237  68.7553  69.5802  70.0226  70.0913  
67.1647  68.3952  68.7437  69.5694  70.0161  70.1007  
67.2463  68.4391  68.768  69.5876  70.0282  70.0943  
67.2278  68.4264  68.7565  69.5817  70.0259  70.09  
67.1801  68.4015  68.7494  69.5707  70.0245  70.1034  
67.2575  68.4509  68.7796  69.5951  70.0215  70.0944  
67.2284  68.4292  68.758  69.585  70.0235  70.0902  
67.1992  68.4056  68.74  69.5711  70.0309  70.0922  
67.176  68.384  68.7212  69.5543  70.0276  70.0842  
67.2104  68.4166  68.7592  69.5751  70.0283  70.0999  
67.2343  68.4268  68.7559  69.5787  70.0273  70.0877  
67.2745  68.461  68.789  69.5986  70.0248  70.0973  
67.2509  68.4481  68.7817  69.5918  70.0179  70.0978  
67.2273  68.431  68.768  69.5833  70.0181  70.0945  
67.2363  68.4267  68.753  69.5787  70.0279  70.0848  
67.2109  68.4112  68.7402  69.5728  70.0283  70.0856  
67.2075  68.415  68.7542  69.5745  70.0241  70.0961  
67.1627  68.3835  68.7235  69.56  70.0216  70.088  
67.2262  68.4274  68.7595  69.5834  70.0269  70.0944  
67.2185  68.4174  68.7466  69.5764  70.0292  70.0888  
67.2129  68.4182  68.7483  69.5801  70.0261  70.0909  
67.1781  68.3956  68.7368  69.5662  70.0222  70.0927  
67.258  68.4476  68.7758  69.5925  70.0285  70.095  
67.248  68.4394  68.7663  69.5885  70.031  70.0941  
67.2533  68.4471  68.781  69.5905  70.0216  70.0965  
67.2641  68.4451  68.7676  69.5885  70.0319  70.0875  
67.2752  68.4555  68.7746  69.595  70.0247  70.0846  
67.2662  68.4551  68.7872  69.5908  70.0105  70.0891  
67.2031  68.416  68.7594  69.5753  70.0162  70.0962  
67.2231  68.4302  68.7673  69.5849  70.0203  70.0987  
67.2069  68.4099  68.7398  69.5732  70.0272  70.0864  
67.2089  68.4132  68.7467  69.5733  70.0232  70.0894  
67.2743  68.4577  68.7779  69.598  70.0255  70.0889  
67.2371  68.435  68.7677  69.5838  70.0195  70.0927  
67.2021  68.4154  68.7511  69.5798  70.0236  70.0971  
