-7.91521  5.50459  0.0227944
-7.79188  5.50831  0.0250636
-7.91709  5.50026  0.0232773
-7.91891  5.51143  0.0206187
-7.83831  5.50257  0.0226334
-7.83116  5.50408  0.0243794
-7.89935  5.51118  0.0237228
-7.89421  5.5095  0.0246698
-7.88837  5.50273  0.0236636
-7.84034  5.50348  0.0224185
-7.93898  5.51985  0.0247319
-7.93774  5.50524  0.0249715
-7.87964  5.52244  0.0235616
-7.82281  5.51222  0.024792
-7.91234  5.50472  0.0212591
-7.87709  5.49838  0.0228885
-7.85021  5.51292  0.0231798
-7.87895  5.50056  0.0234974
-7.89829  5.51204  0.0232749
-7.87697  5.50807  0.0234382
-7.87188  5.50802  0.0226334
-7.87428  5.51103  0.0216914
-7.88492  5.51481  0.0223021
-7.83944  5.51612  0.0221779
-7.86597  5.50891  0.0231912
-7.87385  5.50137  0.0231068
-7.93804  5.49639  0.0247683
-7.90718  5.50844  0.0232059
-7.96569  5.4967  0.0241231
-7.90311  5.49415  0.0251031
-7.89803  5.51094  0.0233457
-7.91621  5.50352  0.0240632
-7.87866  5.51761  0.0216614
-7.89106  5.52445  0.021023
-7.94995  5.50051  0.0240164
-7.87775  5.5178  0.0259584
-7.88785  5.50267  0.0248271
-7.79981  5.50508  0.0255146
-7.93344  5.50721  0.0236738
-7.88881  5.50027  0.0245537
-7.91651  5.51276  0.0242
-7.94625  5.501  0.0236624
-7.86646  5.50423  0.0253214
-7.92517  5.50387  0.0240457
-7.91546  5.5033  0.0206329
-7.89591  5.51604  0.0214884
-7.95036  5.49372  0.0240313
-7.85945  5.51206  0.0225656
-7.85998  5.50924  0.0224591
-7.86281  5.51356  0.0226686
-7.8939455  5.4956327  0.036101144
