-7.88809  5.49815  0.0427306
-7.81364  5.51222  0.0386154
-7.95326  5.51638  0.0415699
-7.83711  5.51445  0.0410355
-7.77506  5.50539  0.0384572
-7.85523  5.50234  0.0431237
-7.80569  5.5188  0.0362137
-7.84276  5.50225  0.0415978
-7.81795  5.50021  0.0422269
-7.89371  5.51157  0.0407989
-7.9153  5.50284  0.0409302
-7.86091  5.51134  0.0414291
-7.86289  5.51338  0.0415858
-7.83844  5.49589  0.0400919
-7.92659  5.5142  0.0416009
-7.89835  5.51506  0.0419199
-7.82909  5.50605  0.0421392
-7.87774  5.5041  0.041748
-7.82822  5.50353  0.0363947
-7.85928  5.50528  0.043125
-7.75692  5.50893  0.0428932
-7.86513  5.49935  0.042706
-7.98109  5.51118  0.0400576
-7.95714  5.50425  0.0398838
-7.83193  5.49931  0.0424289
-7.81668  5.49845  0.0391356
-7.84852  5.49744  0.0410233
-7.97135  5.51841  0.0393174
-7.83535  5.5091  0.0424107
-7.87732  5.50755  0.0431731
-7.89635  5.51107  0.0419125
-7.85101  5.50981  0.038905
-7.89042  5.51594  0.0412527
-7.91235  5.50966  0.0413608
-7.94734  5.49002  0.040255
-7.97015  5.52692  0.0388393
-7.98464  5.50097  0.0383739
-7.91063  5.50695  0.0422116
-7.80721  5.50448  0.0396493
-7.85012  5.50665  0.0402721
-7.85055  5.50236  0.0432075
-7.86278  5.49249  0.0412791
-7.86102  5.50381  0.0412527
-7.87076  5.50065  0.0419662
-7.87752  5.52074  0.0405056
-7.88863  5.51053  0.0415938
-7.84043  5.50237  0.0434502
-7.77461  5.49678  0.0417578
-7.81377  5.51001  0.041521
-7.91747  5.512  0.0411379
