-59.5824  0  0  0.5  1  1  1s1;2
-53.2662  0  1  1.5  2  1  1p3;2
-52.7288  0  1  0.5  -1  1  1p1;2
-45.613  0  2  2.5  3  1  1d5;2
-44.2819  0  2  1.5  -2  1  1d3;2
-40.9967  1  0  0.5  1  1  2s1;2
-37.007  0  3  3.5  4  1  1f7;2
-34.5007  0  3  2.5  -3  1  1f5;2
-30.2782  1  1  1.5  2  1  2p3;2
-29.2234  1  1  0.5  -1  1  2p1;2
-27.8112  0  4  4.5  5  1  1g9;2
-23.8514  0  4  3.5  -4  1  1g7;2
-20.0631  1  2  2.5  3  1  2d5;2
-18.3954  1  2  1.5  -2  1  2d3;2
-18.3414  0  5  5.5  6  1  1h11;2
-17.7495  2  0  0.5  1  1  3s1;2
-12.8582  0  5  4.5  -5  1  1h9;2
-10.5747  1  3  3.5  4  1  2f7;2
-8.87243  0  6  6.5  7  1  1i13;2
-8.53379  1  3  2.5  -3  1  2f5;2
-8.08011  2  1  1.5  2  1  3p3;2
-7.31361  2  1  0.5  -1  1  3p1;2
