-49.9587  0  0  0.5  1  1  1s1;2
-44.2774  0  1  1.5  2  1  1p3;2
-43.6436  0  1  0.5  -1  1  1p1;2
-37.105  0  2  2.5  3  1  1d5;2
-35.6163  0  2  1.5  -2  1  1d3;2
-31.6183  1  0  0.5  1  1  2s1;2
-28.8961  0  3  3.5  4  1  1f7;2
-26.1956  0  3  2.5  -3  1  1f5;2
-21.353  1  1  1.5  2  1  2p3;2
-20.2965  1  1  0.5  -1  1  2p1;2
-20.0171  0  4  4.5  5  1  1g9;2
-15.858  0  4  3.5  -4  1  1g7;2
-11.4069  1  2  2.5  3  1  2d5;2
-10.7616  0  5  5.5  6  1  1h11;2
-9.75692  1  2  1.5  -2  1  2d3;2
-8.70704  2  0  0.5  1  1  3s1;2
