8.00000e-06
2.34710e-02
4.69339e-02
7.03969e-02
9.38598e-02
1.17323e-01
1.40786e-01
1.64249e-01
1.87712e-01
2.11175e-01
2.34638e-01
2.58101e-01
2.81564e-01
3.05026e-01
3.28489e-01
3.51952e-01
3.75415e-01
3.98878e-01
4.22341e-01
4.45804e-01
4.69267e-01
4.92730e-01
5.16193e-01
5.39656e-01
5.63119e-01
5.86582e-01
6.10045e-01
6.33508e-01
6.56971e-01
6.80434e-01
7.03897e-01
7.27360e-01
7.50823e-01
7.74286e-01
7.97749e-01
8.21212e-01
8.44675e-01
8.68137e-01
8.91600e-01
9.15063e-01
9.38526e-01
9.61989e-01
9.85452e-01
1.00892e+00
1.03238e+00
1.05584e+00
1.07930e+00
1.10277e+00
1.12623e+00
1.14969e+00
1.17316e+00
1.19662e+00
1.22008e+00
1.24354e+00
1.26701e+00
1.29047e+00
1.31393e+00
1.33740e+00
1.36086e+00
1.38432e+00
1.40779e+00
1.43125e+00
1.45471e+00
1.47817e+00
1.50164e+00
1.52510e+00
1.54856e+00
1.57203e+00
1.59549e+00
1.61895e+00
1.64242e+00
1.66588e+00
1.68934e+00
1.71280e+00
1.73627e+00
1.75973e+00
1.78319e+00
1.80666e+00
1.83012e+00
1.85358e+00
1.87704e+00
1.90051e+00
1.92397e+00
1.94743e+00
1.97090e+00
1.99436e+00
2.01782e+00
2.04129e+00
2.06475e+00
2.08821e+00
2.11167e+00
2.13514e+00
2.15860e+00
2.18206e+00
2.20553e+00
2.22899e+00
2.25245e+00
2.27592e+00
2.29938e+00
2.32284e+00
2.34630e+00
2.36977e+00
2.39323e+00
2.41669e+00
2.44016e+00
2.46362e+00
2.48708e+00
2.51054e+00
2.53401e+00
2.55747e+00
2.58093e+00
2.60440e+00
2.62786e+00
2.65132e+00
2.67479e+00
2.69825e+00
2.72171e+00
2.74517e+00
2.76864e+00
2.79210e+00
2.81556e+00
2.83903e+00
2.86249e+00
2.88595e+00
2.90941e+00
2.93288e+00
2.95634e+00
2.97980e+00
3.00327e+00
3.02673e+00
3.05019e+00
3.07366e+00
3.09712e+00
3.12058e+00
3.14404e+00
3.16751e+00
3.19097e+00
3.21443e+00
3.23790e+00
3.26136e+00
3.28482e+00
3.30829e+00
3.33175e+00
3.35521e+00
3.37867e+00
3.40214e+00
3.42560e+00
3.44906e+00
3.47253e+00
3.49599e+00
3.51945e+00
3.54291e+00
3.56638e+00
3.58984e+00
3.61330e+00
3.63677e+00
3.66023e+00
3.68369e+00
3.70716e+00
3.73062e+00
3.75408e+00
3.77754e+00
3.80101e+00
3.82447e+00
3.84793e+00
3.87140e+00
3.89486e+00
3.91832e+00
3.94179e+00
3.96525e+00
3.98871e+00
4.01217e+00
4.03564e+00
4.05910e+00
4.08256e+00
4.10603e+00
4.12949e+00
4.15295e+00
4.17641e+00
4.19988e+00
4.22334e+00
4.24680e+00
4.27027e+00
4.29373e+00
4.31719e+00
4.34066e+00
4.36412e+00
4.38758e+00
4.41104e+00
4.43451e+00
4.45797e+00
4.48143e+00
4.50490e+00
4.52836e+00
4.55182e+00
4.57528e+00
4.59875e+00
4.62221e+00
4.64567e+00
4.66914e+00
4.69260e+00
4.71606e+00
4.73953e+00
4.76299e+00
4.78645e+00
4.80991e+00
4.83338e+00
4.85684e+00
4.88030e+00
4.90377e+00
4.92723e+00
4.95069e+00
4.97416e+00
4.99762e+00
5.02108e+00
5.04454e+00
5.06801e+00
5.09147e+00
5.11493e+00
5.13840e+00
5.16186e+00
5.18532e+00
5.20878e+00
5.23225e+00
5.25571e+00
5.27917e+00
5.30264e+00
5.32610e+00
5.34956e+00
5.37303e+00
5.39649e+00
5.41995e+00
5.44341e+00
5.46688e+00
5.49034e+00
5.51380e+00
5.53727e+00
5.56073e+00
5.58419e+00
5.60766e+00
5.63112e+00
5.65458e+00
5.67804e+00
5.70151e+00
5.72497e+00
5.74843e+00
5.77190e+00
5.79536e+00
5.81882e+00
5.84228e+00
5.86575e+00
5.88921e+00
5.91267e+00
5.93614e+00
5.95960e+00
5.98306e+00
6.00653e+00
6.02999e+00
6.05345e+00
6.07691e+00
6.10038e+00
6.12384e+00
6.14730e+00
6.17077e+00
6.19423e+00
6.21769e+00
6.24116e+00
6.26462e+00
6.28808e+00
6.31154e+00
6.33501e+00
6.35847e+00
6.38193e+00
6.40540e+00
6.42886e+00
6.45232e+00
6.47578e+00
6.49925e+00
6.52271e+00
6.54617e+00
6.56964e+00
6.59310e+00
6.61656e+00
6.64003e+00
6.66349e+00
6.68695e+00
6.71041e+00
6.73388e+00
6.75734e+00
6.78080e+00
6.80427e+00
6.82773e+00
6.85119e+00
6.87465e+00
6.89812e+00
6.92158e+00
6.94504e+00
6.96851e+00
6.99197e+00
7.01543e+00
7.03890e+00
7.06236e+00
7.08582e+00
7.10928e+00
7.13275e+00
7.15621e+00
7.17967e+00
7.20314e+00
7.22660e+00
7.25006e+00
7.27353e+00
7.29699e+00
7.32045e+00
7.34391e+00
7.36738e+00
7.39084e+00
7.41430e+00
7.43777e+00
7.46123e+00
7.48469e+00
7.50815e+00
7.53162e+00
7.55508e+00
7.57854e+00
7.60201e+00
7.62547e+00
7.64893e+00
7.67240e+00
7.69586e+00
7.71932e+00
7.74278e+00
7.76625e+00
7.78971e+00
7.81317e+00
7.83664e+00
7.86010e+00
7.88356e+00
7.90703e+00
7.93049e+00
7.95395e+00
7.97741e+00
8.00088e+00
8.02434e+00
8.04780e+00
8.07127e+00
8.09473e+00
8.11819e+00
8.14165e+00
8.16512e+00
8.18858e+00
8.21204e+00
8.23551e+00
8.25897e+00
8.28243e+00
8.30590e+00
8.32936e+00
8.35282e+00
8.37628e+00
8.39975e+00
8.42321e+00
8.44667e+00
8.47014e+00
8.49360e+00
8.51706e+00
8.54053e+00
8.56399e+00
8.58745e+00
8.61091e+00
8.63438e+00
8.65784e+00
8.68130e+00
8.70477e+00
8.72823e+00
8.75169e+00
8.77515e+00
8.79862e+00
8.82208e+00
8.84554e+00
8.86901e+00
8.89247e+00
8.91593e+00
8.93940e+00
8.96286e+00
8.98632e+00
9.00978e+00
9.03325e+00
9.05671e+00
9.08017e+00
9.10364e+00
9.12710e+00
9.15056e+00
9.17402e+00
9.19749e+00
9.22095e+00
9.24441e+00
9.26788e+00
9.29134e+00
9.31480e+00
9.33827e+00
9.36173e+00
9.38519e+00
9.40865e+00
9.43212e+00
9.45558e+00
9.47904e+00
9.50251e+00
9.52597e+00
9.54943e+00
9.57290e+00
9.59636e+00
9.61982e+00
9.64328e+00
9.66675e+00
9.69021e+00
9.71367e+00
9.73714e+00
9.76060e+00
9.78406e+00
9.80752e+00
9.83099e+00
9.85445e+00
9.87791e+00
9.90138e+00
9.92484e+00
9.94830e+00
9.97177e+00
9.99523e+00
1.00187e+01
1.00422e+01
1.00656e+01
1.00891e+01
1.01125e+01
1.01360e+01
1.01595e+01
1.01829e+01
1.02064e+01
1.02299e+01
1.02533e+01
1.02768e+01
1.03002e+01
1.03237e+01
1.03472e+01
1.03706e+01
1.03941e+01
1.04176e+01
1.04410e+01
1.04645e+01
1.04880e+01
1.05114e+01
1.05349e+01
1.05583e+01
1.05818e+01
1.06053e+01
1.06287e+01
1.06522e+01
1.06757e+01
1.06991e+01
1.07226e+01
1.07460e+01
1.07695e+01
1.07930e+01
1.08164e+01
1.08399e+01
1.08634e+01
1.08868e+01
1.09103e+01
1.09337e+01
1.09572e+01
1.09807e+01
1.10041e+01
1.10276e+01
1.10511e+01
1.10745e+01
1.10980e+01
1.11215e+01
1.11449e+01
1.11684e+01
1.11918e+01
1.12153e+01
1.12388e+01
1.12622e+01
1.12857e+01
1.13092e+01
1.13326e+01
1.13561e+01
1.13795e+01
1.14030e+01
1.14265e+01
1.14499e+01
1.14734e+01
1.14969e+01
1.15203e+01
1.15438e+01
1.15672e+01
1.15907e+01
1.16142e+01
1.16376e+01
1.16611e+01
1.16846e+01
1.17080e+01
1.17315e+01
1.17550e+01
1.17784e+01
1.18019e+01
1.18253e+01
1.18488e+01
1.18723e+01
1.18957e+01
1.19192e+01
1.19427e+01
1.19661e+01
1.19896e+01
1.20130e+01
1.20365e+01
1.20600e+01
1.20834e+01
1.21069e+01
1.21304e+01
1.21538e+01
1.21773e+01
1.22007e+01
1.22242e+01
1.22477e+01
1.22711e+01
1.22946e+01
1.23181e+01
1.23415e+01
1.23650e+01
1.23885e+01
1.24119e+01
1.24354e+01
1.24588e+01
1.24823e+01
1.25058e+01
1.25292e+01
1.25527e+01
1.25762e+01
1.25996e+01
1.26231e+01
1.26465e+01
1.26700e+01
1.26935e+01
1.27169e+01
1.27404e+01
1.27639e+01
1.27873e+01
1.28108e+01
1.28342e+01
1.28577e+01
1.28812e+01
1.29046e+01
1.29281e+01
1.29516e+01
1.29750e+01
1.29985e+01
1.30220e+01
1.30454e+01
1.30689e+01
1.30923e+01
1.31158e+01
1.31393e+01
1.31627e+01
1.31862e+01
1.32097e+01
1.32331e+01
1.32566e+01
1.32800e+01
1.33035e+01
1.33270e+01
1.33504e+01
1.33739e+01
1.33974e+01
1.34208e+01
1.34443e+01
1.34677e+01
1.34912e+01
1.35147e+01
1.35381e+01
1.35616e+01
1.35851e+01
1.36085e+01
1.36320e+01
1.36555e+01
1.36789e+01
1.37024e+01
1.37258e+01
1.37493e+01
1.37728e+01
1.37962e+01
1.38197e+01
1.38432e+01
1.38666e+01
1.38901e+01
1.39135e+01
1.39370e+01
1.39605e+01
1.39839e+01
1.40074e+01
1.40309e+01
1.40543e+01
1.40778e+01
1.41012e+01
1.41247e+01
1.41482e+01
1.41716e+01
1.41951e+01
1.42186e+01
1.42420e+01
1.42655e+01
1.42889e+01
1.43124e+01
1.43359e+01
1.43593e+01
1.43828e+01
1.44063e+01
1.44297e+01
1.44532e+01
1.44767e+01
1.45001e+01
1.45236e+01
1.45470e+01
1.45705e+01
1.45940e+01
1.46174e+01
1.46409e+01
1.46644e+01
1.46878e+01
1.47113e+01
1.47347e+01
1.47582e+01
1.47817e+01
1.48051e+01
1.48286e+01
1.48521e+01
1.48755e+01
1.48990e+01
1.49224e+01
1.49459e+01
1.49694e+01
1.49928e+01
1.50163e+01
1.50398e+01
1.50632e+01
1.50867e+01
1.51102e+01
1.51336e+01
1.51571e+01
1.51805e+01
1.52040e+01
1.52275e+01
1.52509e+01
1.52744e+01
1.52979e+01
1.53213e+01
1.53448e+01
1.53682e+01
1.53917e+01
1.54152e+01
1.54386e+01
1.54621e+01
1.54856e+01
1.55090e+01
1.55325e+01
1.55559e+01
1.55794e+01
1.56029e+01
1.56263e+01
1.56498e+01
1.56733e+01
1.56967e+01
1.57202e+01
1.57437e+01
1.57671e+01
1.57906e+01
1.58140e+01
1.58375e+01
1.58610e+01
1.58844e+01
1.59079e+01
1.59314e+01
1.59548e+01
1.59783e+01
1.60017e+01
1.60252e+01
1.60487e+01
1.60721e+01
1.60956e+01
1.61191e+01
1.61425e+01
1.61660e+01
1.61894e+01
1.62129e+01
1.62364e+01
1.62598e+01
1.62833e+01
1.63068e+01
1.63302e+01
1.63537e+01
1.63772e+01
1.64006e+01
1.64241e+01
1.64475e+01
1.64710e+01
1.64945e+01
1.65179e+01
1.65414e+01
1.65649e+01
1.65883e+01
1.66118e+01
1.66352e+01
1.66587e+01
1.66822e+01
1.67056e+01
1.67291e+01
1.67526e+01
1.67760e+01
1.67995e+01
1.68229e+01
1.68464e+01
1.68699e+01
1.68933e+01
1.69168e+01
1.69403e+01
1.69637e+01
1.69872e+01
1.70107e+01
1.70341e+01
1.70576e+01
1.70810e+01
1.71045e+01
1.71280e+01
1.71514e+01
1.71749e+01
1.71984e+01
1.72218e+01
1.72453e+01
1.72687e+01
1.72922e+01
1.73157e+01
1.73391e+01
1.73626e+01
1.73861e+01
1.74095e+01
1.74330e+01
1.74564e+01
1.74799e+01
1.75034e+01
1.75268e+01
1.75503e+01
1.75738e+01
1.75972e+01
1.76207e+01
1.76442e+01
1.76676e+01
1.76911e+01
1.77145e+01
1.77380e+01
1.77615e+01
1.77849e+01
1.78084e+01
1.78319e+01
1.78553e+01
1.78788e+01
1.79022e+01
1.79257e+01
1.79492e+01
1.79726e+01
1.79961e+01
1.80196e+01
1.80430e+01
1.80665e+01
1.80899e+01
1.81134e+01
1.81369e+01
1.81603e+01
1.81838e+01
1.82073e+01
1.82307e+01
1.82542e+01
1.82777e+01
1.83011e+01
1.83246e+01
1.83480e+01
1.83715e+01
1.83950e+01
1.84184e+01
1.84419e+01
1.84654e+01
1.84888e+01
1.85123e+01
1.85357e+01
1.85592e+01
1.85827e+01
1.86061e+01
1.86296e+01
1.86531e+01
1.86765e+01
1.87000e+01
1.87234e+01
1.87469e+01
1.87704e+01
