66.7735  67.8172  68.0768  68.9256  69.405  69.5492  
66.8395  67.879  68.1309  68.9857  69.4558  69.6053  
66.7157  67.768  68.0348  68.8916  69.3903  69.5499  
66.8275  67.8672  68.1203  68.9718  69.4408  69.5848  
66.8229  67.8539  68.1048  68.9503  69.4141  69.5592  
66.7716  67.8225  68.0806  68.9442  69.4284  69.5864  
66.7619  67.8161  68.0741  68.9422  69.4269  69.587  
66.7745  67.8279  68.0875  68.9538  69.4434  69.6054  
66.7682  67.8183  68.0768  68.9425  69.4295  69.595  
66.7846  67.8473  68.1154  68.971  69.4673  69.6031  
66.703  67.7649  68.0316  68.9011  69.4025  69.5686  
66.8165  67.8625  68.1215  68.9711  69.4488  69.5878  
66.8268  67.868  68.1185  68.9793  69.448  69.6039  
66.7776  67.8238  68.0824  68.9394  69.4235  69.5786  
66.874  67.8982  68.1451  68.986  69.4408  69.5818  
66.7672  67.8165  68.0745  68.9357  69.4177  69.5734  
66.7016  67.7731  68.0443  68.9123  69.4185  69.5696  
66.7992  67.8428  68.0995  68.9543  69.4335  69.5847  
66.7445  67.784  68.0437  68.8941  69.3793  69.5374  
66.7359  67.8039  68.0745  68.9404  69.448  69.6009  
66.8014  67.8454  68.1026  68.9532  69.427  69.5687  
66.744  67.7882  68.0457  68.9024  69.3803  69.5366  
66.7287  67.7771  68.0382  68.9009  69.3939  69.563  
66.7245  67.7768  68.038  68.9086  69.4066  69.5855  
66.7477  67.7991  68.0675  68.92  69.4226  69.5782  
66.7946  67.8391  68.0951  68.9547  69.4344  69.593  
66.8298  67.8691  68.1259  68.9711  69.4455  69.5851  
66.8074  67.8572  68.1176  68.968  69.4484  69.5837  
66.7782  67.831  68.0942  68.9487  69.4358  69.5804  
66.7605  67.7957  68.0513  68.9046  69.3834  69.5482  
66.7542  67.8013  68.057  68.9238  69.4047  69.5732  
66.7813  67.8406  68.1039  68.9679  69.4621  69.6136  
66.7079  67.7713  68.035  68.9102  69.4079  69.5767  
66.7838  67.8363  68.0954  68.9565  69.4398  69.5905  
66.791  67.8418  68.0972  68.9647  69.4463  69.6073  
66.7744  67.8298  68.0864  68.9552  69.4357  69.5916  
66.728  67.7911  68.0561  68.926  69.424  69.5844  
66.806  67.848  68.105  68.9559  69.4326  69.5794  
66.8124  67.8563  68.1113  68.9684  69.4461  69.598  
66.7921  67.8366  68.0979  68.9451  69.4263  69.5687  
66.8217  67.8558  68.1072  68.9613  69.431  69.5899  
66.8496  67.8871  68.1358  68.9908  69.4518  69.5986  
66.7786  67.8138  68.0742  68.9119  69.3869  69.527  
66.7622  67.8236  68.0912  68.9501  69.4477  69.593  
66.7952  67.856  68.1184  68.9791  69.4666  69.6053  
66.7388  67.786  68.0432  68.9081  69.3914  69.5588  
66.7811  67.8366  68.0953  68.962  69.4487  69.6047  
66.8237  67.8602  68.111  68.9623  69.4258  69.5713  
66.7882  67.8349  68.0943  68.948  69.4304  69.5781  
66.7412  67.7983  68.0596  68.9248  69.4136  69.5683  
