67.0228  67.5826  67.6468  68.2441  68.4079  68.656  68.9717  69.2651  69.5546  69.6371  69.7366  70.1691  70.4021  
67.094  67.6456  67.7077  68.3011  68.4601  68.716  69.0244  69.3105  69.6083  69.6895  69.7861  70.2099  70.4498  
66.9815  67.5425  67.6082  68.2086  68.3768  68.636  68.9432  69.2457  69.5491  69.6342  69.7163  70.1637  70.4072  
67.0741  67.6294  67.6921  68.2869  68.4469  68.6969  69.0111  69.298  69.5892  69.6705  69.7729  70.1967  70.4317  
67.0656  67.6207  67.6834  68.2758  68.4351  68.6782  68.9966  69.2816  69.5679  69.6488  69.7551  70.1753  70.4092  
67.0304  67.5868  67.6498  68.2496  68.4119  68.6756  68.9818  69.2749  69.5816  69.6645  69.753  70.1882  70.4335  
67.0264  67.5832  67.6461  68.2474  68.4096  68.676  68.9816  69.2745  69.5842  69.667  69.7551  70.1902  70.4379  
67.0374  67.593  67.6565  68.2564  68.42  68.6881  68.99  69.2857  69.5975  69.6815  69.7629  70.2027  70.4512  
67.0356  67.5904  67.6538  68.2524  68.4153  68.6811  68.9845  69.2785  69.5899  69.6735  69.7566  70.1934  70.4452  
67.0409  67.6042  67.6701  68.2723  68.4411  68.7002  69.0072  69.3102  69.6049  69.6895  69.7786  70.225  70.4533  
66.9711  67.5319  67.5963  68.2012  68.3679  68.6381  68.9411  69.2426  69.5573  69.6419  69.7207  70.1687  70.4198  
67.0639  67.6218  67.6855  68.2819  68.4448  68.6953  69.0083  69.3002  69.5899  69.6719  69.7717  70.2022  70.4337  
67.0832  67.6369  67.6995  68.2949  68.4541  68.7102  69.0214  69.3073  69.6083  69.69  69.7873  70.2106  70.4564  
67.031  67.588  67.6517  68.2496  68.413  68.6713  68.9795  69.2739  69.5753  69.6589  69.7479  70.1841  70.4256  
67.1075  67.6602  67.7224  68.3113  68.4686  68.7069  69.0274  69.3081  69.5894  69.6695  69.7809  70.1943  70.4263  
67.0237  67.5805  67.6432  68.243  68.4047  68.6657  68.9742  69.2662  69.5699  69.6521  69.7443  70.1774  70.4208  
66.9647  67.5305  67.5957  68.2047  68.3739  68.6439  68.9482  69.254  69.5625  69.6474  69.7295  70.1827  70.4214  
67.0488  67.6053  67.6687  68.2656  68.4281  68.6834  68.9936  69.2859  69.5837  69.6667  69.7597  70.1923  70.4312  
67.0083  67.5661  67.6312  68.2265  68.3919  68.6432  68.9543  69.2507  69.5475  69.6316  69.7206  70.1581  70.3997  
67.0003  67.5633  67.629  68.2347  68.4046  68.6753  68.9756  69.2826  69.5924  69.6784  69.7545  70.2095  70.4495  
67.0453  67.6049  67.6685  68.266  68.4281  68.6757  68.9932  69.2834  69.5721  69.6537  69.7578  70.1856  70.4186  
66.9907  67.551  67.6142  68.2144  68.3764  68.6285  68.9455  69.2368  69.5341  69.6162  69.7154  70.1462  70.3889  
66.9925  67.5497  67.6137  68.2136  68.3785  68.6432  68.9475  69.2456  69.5568  69.6415  69.7209  70.164  70.4145  
66.9978  67.5515  67.6149  68.2149  68.3791  68.6536  68.9503  69.2485  69.571  69.656  69.7265  70.1718  70.4312  
67.0116  67.5716  67.6383  68.2363  68.4066  68.6656  68.969  69.2749  69.5766  69.6631  69.7398  70.1917  70.4314  
67.0513  67.606  67.6691  68.2657  68.4274  68.6865  68.9943  69.2855  69.5893  69.6722  69.7622  70.1939  70.4405  
67.0775  67.6336  67.6975  68.291  68.4536  68.7008  69.014  69.305  69.5922  69.6744  69.7741  70.2028  70.4331  
67.049  67.609  67.6728  68.2717  68.4353  68.6874  69.0004  69.2943  69.5836  69.666  69.7655  70.1992  70.4265  
67.0356  67.596  67.6609  68.26  68.4256  68.6802  68.9911  69.288  69.5829  69.6661  69.7599  70.1977  70.4333  
67.0164  67.5713  67.6349  68.2293  68.3915  68.6443  68.9557  69.2472  69.5479  69.6311  69.7214  70.1532  70.4011  
67.0121  67.5677  67.63  68.23  68.3906  68.6544  68.9625  69.2529  69.564  69.6464  69.7354  70.1674  70.4212  
67.0443  67.6024  67.6668  68.268  68.4338  68.7013  69.0027  69.3021  69.6093  69.6938  69.7757  70.2196  70.4602  
66.978  67.538  67.6017  68.2077  68.3727  68.6464  68.9488  69.2479  69.5662  69.6505  69.73  70.1751  70.4289  
67.033  67.5933  67.6573  68.2585  68.4224  68.681  68.9918  69.2867  69.5872  69.6708  69.7634  70.1998  70.4395  
67.053  67.6077  67.6704  68.2697  68.4311  68.6974  69.0017  69.2933  69.6035  69.6866  69.7733  70.2067  70.4554  
67.0288  67.588  67.6508  68.2539  68.4156  68.6794  68.9892  69.2809  69.5874  69.6701  69.7636  70.1965  70.4416  
66.9914  67.5528  67.6172  68.2225  68.3888  68.6584  68.9624  69.2631  69.5752  69.6598  69.7413  70.1878  70.4348  
67.0485  67.6072  67.6713  68.2679  68.4311  68.6804  68.9953  69.2876  69.5795  69.6625  69.7605  70.1918  70.4277  
67.0637  67.6192  67.6826  68.2792  68.4412  68.6985  69.0072  69.2987  69.5985  69.6816  69.7734  70.2053  70.445  
67.0351  67.5951  67.6595  68.2565  68.4209  68.6687  68.9839  69.2783  69.5672  69.6499  69.7486  70.1825  70.4152  
67.0753  67.6269  67.6894  68.2818  68.4409  68.694  69.0048  69.2908  69.5901  69.6718  69.7672  70.1909  70.4375  
67.0988  67.6524  67.7144  68.3081  68.4658  68.7153  69.031  69.3133  69.6058  69.6861  69.7924  70.2093  70.449  
67.0213  67.5799  67.6439  68.237  68.3999  68.6384  68.9587  69.2494  69.5302  69.6113  69.7175  70.1447  70.3754  
67.0273  67.589  67.6546  68.2562  68.4245  68.6859  68.9914  69.2936  69.5938  69.6784  69.7641  70.2103  70.4463  
67.0443  67.6064  67.6708  68.274  68.4394  68.7001  69.009  69.3067  69.604  69.6877  69.781  70.2208  70.4519  
66.9961  67.5537  67.6167  68.2173  68.3794  68.6409  68.9506  69.2433  69.552  69.6351  69.7239  70.1586  70.4103  
67.0437  67.6003  67.6637  68.2644  68.4276  68.6945  68.9981  69.2928  69.6013  69.685  69.7706  70.2082  70.4526  
67.0624  67.6195  67.682  68.2776  68.4367  68.6823  69.0019  69.2867  69.5754  69.6563  69.7642  70.1844  70.4202  
67.0433  67.5999  67.6634  68.2605  68.4236  68.6797  68.9886  69.2819  69.5788  69.6613  69.7544  70.1883  70.425  
66.9964  67.5568  67.6199  68.2241  68.3877  68.6528  68.9606  69.2565  69.5628  69.6458  69.7354  70.1747  70.4163  
