67.4858  69.073  69.6038  
67.5911  69.1187  69.6118  
67.5264  69.0839  69.6071  
67.569  69.1004  69.5963  
67.5368  69.0956  69.6042  
67.5092  69.0815  69.6003  
67.5548  69.105  69.6177  
67.5691  69.1058  69.5991  
67.5436  69.097  69.5982  
67.5508  69.097  69.5977  
67.509  69.0866  69.6125  
67.5313  69.0899  69.6041  
67.5815  69.1125  69.6089  
67.5299  69.0909  69.5977  
67.4936  69.0745  69.6049  
67.5422  69.0967  69.6147  
67.5709  69.1105  69.6102  
67.5212  69.0888  69.6104  
67.5247  69.0901  69.6056  
67.5633  69.1046  69.6088  
67.5546  69.1009  69.6059  
67.5001  69.0793  69.6072  
67.5304  69.0842  69.5937  
67.4963  69.0795  69.6093  
67.5127  69.0931  69.6189  
67.4992  69.0799  69.5943  
67.4789  69.0712  69.605  
67.5757  69.11  69.6004  
67.5167  69.0885  69.6121  
67.4978  69.0775  69.6062  
67.5739  69.1085  69.603  
67.549  69.0996  69.6065  
67.5411  69.0929  69.5989  
67.4915  69.0737  69.6002  
67.4419  69.0528  69.5967  
67.486  69.0692  69.6017  
67.5411  69.0922  69.5935  
67.5325  69.0883  69.6009  
67.5397  69.0964  69.6097  
67.5236  69.0877  69.6034  
67.4914  69.0734  69.5999  
67.4811  69.0742  69.6016  
67.5741  69.1116  69.6071  
67.5034  69.083  69.607  
67.5438  69.0964  69.6055  
67.5459  69.0981  69.6132  
67.5197  69.087  69.598  
67.5181  69.0915  69.6122  
67.6321  69.1367  69.6191  
67.5412  69.0927  69.5983  
