67.4079  69.0468  69.6142  
67.511  69.0947  69.618  
67.4204  69.05  69.6029  
67.4639  69.0712  69.6166  
67.4639  69.0787  69.6252  
67.4992  69.0923  69.6221  
67.462  69.0685  69.6134  
67.4972  69.0879  69.6269  
67.4255  69.0552  69.6105  
67.4186  69.0573  69.6206  
67.4662  69.0714  69.6151  
67.4374  69.0566  69.6096  
67.4883  69.0819  69.6188  
67.4826  69.0825  69.6227  
67.3971  69.0433  69.6165  
67.4284  69.0573  69.618  
67.448  69.0701  69.6299  
67.4398  69.0628  69.6189  
67.4667  69.074  69.6168  
67.5084  69.09  69.6186  
67.4205  69.0568  69.6251  
67.4674  69.0715  69.6166  
67.5011  69.0863  69.6128  
67.4743  69.0828  69.6274  
67.5159  69.0928  69.6228  
67.4658  69.0735  69.618  
67.4865  69.0782  69.6116  
67.4196  69.0545  69.6142  
67.3831  69.0337  69.6054  
67.3988  69.0463  69.6215  
67.4711  69.0741  69.616  
67.5128  69.0875  69.6054  
67.4813  69.0746  69.6115  
67.4768  69.0824  69.632  
67.4558  69.0633  69.6071  
67.5345  69.1038  69.6206  
67.4983  69.0845  69.6114  
67.5498  69.11  69.6275  
67.4295  69.0537  69.6146  
67.445  69.066  69.6219  
67.4682  69.0688  69.6117  
67.3965  69.0422  69.6157  
67.4495  69.0673  69.6211  
67.4739  69.0747  69.6171  
67.3772  69.0378  69.6181  
67.4525  69.0644  69.6136  
67.3695  69.0371  69.6244  
67.4629  69.0738  69.6209  
67.4479  69.0688  69.6239  
67.521  69.1011  69.6305  
