67.8034  69.3679  69.8923  
67.9081  69.4125  69.8996  
67.8437  69.3782  69.8949  
67.884  69.3936  69.8838  
67.8546  69.3905  69.8931  
67.8262  69.3761  69.8888  
67.8726  69.3993  69.9057  
67.885  69.3995  69.887  
67.8597  69.391  69.8863  
67.8682  69.3915  69.8862  
67.8288  69.3822  69.9013  
67.848  69.384  69.892  
67.898  69.406  69.8963  
67.8485  69.3865  69.8873  
67.8116  69.3693  69.8933  
67.8594  69.3906  69.902  
67.8871  69.404  69.8975  
67.8384  69.383  69.8981  
67.8444  69.3861  69.8954  
67.8787  69.3977  69.8956  
67.8686  69.3935  69.8927  
67.8167  69.3735  69.895  
67.8505  69.3805  69.8837  
67.8177  69.3761  69.899  
67.8301  69.3871  69.9063  
67.8192  69.3765  69.885  
67.7979  69.3669  69.8943  
67.8955  69.4052  69.8894  
67.8329  69.3822  69.8994  
67.8146  69.3718  69.894  
67.8897  69.4017  69.8902  
67.8675  69.3946  69.8953  
67.8579  69.387  69.887  
67.8103  69.3692  69.8894  
67.7633  69.3503  69.8876  
67.8056  69.3648  69.8909  
67.8636  69.3897  69.8848  
67.8489  69.3823  69.8887  
67.8565  69.3905  69.8977  
67.8406  69.3821  69.8917  
67.8074  69.3676  69.8879  
67.8007  69.3704  69.8914  
67.891  69.4054  69.8949  
67.8215  69.3779  69.8956  
67.861  69.3905  69.8935  
67.8629  69.392  69.9006  
67.8362  69.3813  69.8864  
67.8346  69.3855  69.9  
67.9452  69.4275  69.904  
67.8595  69.3877  69.8871  
