67.742  69.3526  69.9127  
67.8392  69.3962  69.9129  
67.7536  69.3557  69.9017  
67.798  69.3768  69.9151  
67.7952  69.3823  69.9217  
67.8296  69.3947  69.9176  
67.794  69.3725  69.9105  
67.8276  69.39  69.9217  
67.7583  69.3602  69.9085  
67.7523  69.3629  69.919  
67.7977  69.3745  69.9111  
67.7698  69.3609  69.9068  
67.8183  69.3844  69.9144  
67.8122  69.3848  69.9179  
67.7322  69.3502  69.916  
67.7625  69.363  69.9164  
67.7792  69.3735  69.9259  
67.7724  69.3673  69.9162  
67.7986  69.3778  69.9135  
67.8389  69.3927  69.9144  
67.7535  69.3617  69.9226  
67.799  69.3758  69.914  
67.8326  69.39  69.9098  
67.8069  69.3869  69.9242  
67.846  69.3952  69.9182  
67.7976  69.3776  69.915  
67.8179  69.3815  69.9079  
67.7536  69.36  69.9125  
67.7179  69.3401  69.9045  
67.7323  69.3512  69.9189  
67.8026  69.3778  69.9127  
67.8445  69.3911  69.9023  
67.8128  69.3788  69.909  
67.8095  69.3863  69.9285  
67.788  69.3676  69.9045  
67.8629  69.4044  69.9144  
67.8284  69.3871  69.9073  
67.8763  69.4098  69.9205  
67.7629  69.3588  69.9123  
67.7767  69.3697  69.9182  
67.7994  69.3722  69.9081  
67.7311  69.348  69.9139  
67.7808  69.3704  69.917  
67.8052  69.3779  69.9131  
67.7149  69.3461  69.9187  
67.7849  69.3692  69.9115  
67.705  69.3431  69.9224  
67.7941  69.3775  69.9175  
67.7794  69.3727  69.9206  
67.8529  69.404  69.9261  
