8e-06  5.65673e-06  5.24837e-09  1.07367e-11  7.49115e-12  6.77322e-06  1.22638e-14
0.0123198  0.00871105  5.64553e-05  -5.29423e-05  2.99101e-07  0.0104301  -3.06962e-07
0.0246316  0.0174151  0.000222529  -0.000211627  2.24115e-06  0.0208494  -2.0659e-06
0.0369435  0.0261163  0.000499777  -0.000476027  7.4971e-06  0.0312604  -6.87306e-06
0.0492553  0.0348133  0.000887953  -0.0008461  1.77295e-05  0.0416593  -1.62452e-05
0.0615671  0.0435047  0.00138688  -0.00132179  3.45942e-05  0.0520417  -3.16987e-05
0.0738789  0.0521891  0.00199638  -0.00190301  5.97427e-05  0.0624038  -5.47501e-05
0.0861907  0.0608652  0.00271625  -0.00258969  9.48221e-05  0.0727414  -8.69143e-05
0.0985025  0.0695314  0.00354626  -0.00338169  0.000141475  0.0830504  -0.000129705
0.110814  0.0781866  0.00448617  -0.0042789  0.000201336  0.0933268  -0.000184633
0.123126  0.0868291  0.00553567  -0.00528118  0.000276037  0.103567  -0.000253206
0.135438  0.0954578  0.00669444  -0.00638834  0.000367199  0.113766  -0.000336931
0.14775  0.104071  0.00796213  -0.00760023  0.000476436  0.12392  -0.000437309
0.160062  0.112668  0.00933833  -0.00891662  0.000605352  0.134026  -0.000555839
0.172373  0.121247  0.0108226  -0.0103373  0.000755542  0.144079  -0.000694013
0.184685  0.129806  0.0124146  -0.011862  0.00092859  0.154076  -0.000853323
0.196997  0.138345  0.0141136  -0.0134906  0.00112607  0.164012  -0.00103525
0.209309  0.146861  0.0159193  -0.0152226  0.00134954  0.173884  -0.00124127
0.221621  0.155354  0.0178311  -0.0170579  0.00160054  0.183687  -0.00147287
0.233933  0.163823  0.0198484  -0.018996  0.00188061  0.193418  -0.00173149
0.246244  0.172265  0.0219705  -0.0210367  0.00219128  0.203073  -0.00201861
0.258556  0.18068  0.0241967  -0.0231796  0.00253403  0.212647  -0.00233568
0.270868  0.189067  0.0265266  -0.0254243  0.00291035  0.222139  -0.00268413
0.28318  0.197423  0.0289592  -0.0277704  0.00332173  0.231543  -0.0030654
0.295492  0.205749  0.0314939  -0.0302174  0.00376959  0.240855  -0.00348091
0.307803  0.214042  0.0341298  -0.032765  0.00425539  0.250073  -0.00393207
0.320115  0.222301  0.0368662  -0.0354125  0.00478053  0.259192  -0.0044203
0.332427  0.230525  0.0397023  -0.0381596  0.00534641  0.268209  -0.00494697
0.344739  0.238713  0.0426371  -0.0410056  0.00595439  0.27712  -0.00551348
0.357051  0.246864  0.0456697  -0.0439501  0.00660584  0.285922  -0.00612118
0.369363  0.254976  0.0487994  -0.0469923  0.00730207  0.29461  -0.00677142
0.381674  0.263048  0.052025  -0.0501318  0.0080444  0.303183  -0.00746555
0.393986  0.271079  0.0553455  -0.0533679  0.00883411  0.311636  -0.00820488
0.406298  0.279068  0.0587601  -0.0566998  0.00967246  0.319965  -0.00899072
0.41861  0.287014  0.0622677  -0.060127  0.0105607  0.328168  -0.00982436
0.430922  0.294915  0.0658671  -0.0636486  0.0115  0.336242  -0.0107071
0.443233  0.302771  0.0695573  -0.067264  0.0124915  0.344182  -0.0116401
0.455545  0.31058  0.0733372  -0.0709722  0.0135365  0.351986  -0.0126247
0.467857  0.318341  0.0772055  -0.0747726  0.014636  0.359651  -0.013662
0.480169  0.326053  0.0811613  -0.0786642  0.0157912  0.367173  -0.0147533
0.492481  0.333716  0.0852032  -0.0826462  0.0170031  0.374549  -0.0158997
0.504792  0.341327  0.08933  -0.0867176  0.0182728  0.381778  -0.0171023
0.517104  0.348887  0.0935406  -0.0908774  0.0196012  0.388854  -0.0183623
0.529416  0.356393  0.0978335  -0.0951248  0.0209894  0.395777  -0.0196808
0.541728  0.363845  0.102208  -0.0994587  0.0224383  0.402542  -0.0210587
0.55404  0.371242  0.106661  -0.103878  0.0239488  0.409148  -0.0224973
0.566352  0.378583  0.111194  -0.108382  0.0255219  0.415591  -0.0239974
0.578663  0.385867  0.115803  -0.112968  0.0271584  0.42187  -0.02556
0.590975  0.393093  0.120488  -0.117637  0.028859  0.42798  -0.0271861
0.603287  0.400261  0.125248  -0.122387  0.0306247  0.43392  -0.0288767
0.615599  0.407368  0.13008  -0.127216  0.0324561  0.439688  -0.0306324
0.627911  0.414415  0.134984  -0.132124  0.034354  0.445281  -0.0324543
0.640222  0.4214  0.139958  -0.137109  0.0363191  0.450697  -0.0343432
0.652534  0.428323  0.145  -0.142169  0.038352  0.455934  -0.0362997
0.664846  0.435182  0.15011  -0.147304  0.0404533  0.460989  -0.0383246
0.677158  0.441978  0.155285  -0.152511  0.0426237  0.465861  -0.0404187
0.68947  0.448708  0.160523  -0.157791  0.0448637  0.470547  -0.0425826
0.701782  0.455373  0.165825  -0.16314  0.0471738  0.475046  -0.0448168
0.714093  0.461971  0.171187  -0.168557  0.0495544  0.479355  -0.047122
0.726405  0.468502  0.176608  -0.174042  0.0520061  0.483474  -0.0494988
0.738717  0.474965  0.182087  -0.179592  0.0545292  0.4874  -0.0519475
0.751029  0.481359  0.187622  -0.185205  0.0571241  0.491132  -0.0544686
0.763341  0.487684  0.193211  -0.190881  0.0597911  0.494668  -0.0570626
0.775652  0.493938  0.198853  -0.196616  0.0625305  0.498007  -0.0597298
0.787964  0.500121  0.204546  -0.202411  0.0653425  0.501148  -0.0624705
0.800276  0.506233  0.210288  -0.208262  0.0682274  0.504089  -0.0652849
0.812588  0.512273  0.216079  -0.214168  0.0711854  0.506829  -0.0681733
0.8249  0.51824  0.221915  -0.220128  0.0742166  0.509368  -0.0711358
0.837212  0.524133  0.227795  -0.226138  0.077321  0.511703  -0.0741725
0.849523  0.529952  0.233718  -0.232199  0.0804988  0.513835  -0.0772835
0.861835  0.535696  0.239682  -0.238306  0.08375  0.515762  -0.0804688
0.874147  0.541365  0.245685  -0.244459  0.0870745  0.517483  -0.0837284
0.886459  0.546959  0.251725  -0.250656  0.0904723  0.518999  -0.0870622
0.898771  0.552475  0.257801  -0.256895  0.0939433  0.520308  -0.09047
0.911082  0.557915  0.26391  -0.263172  0.0974874  0.52141  -0.0939517
0.923394  0.563277  0.270052  -0.269488  0.101104  0.522304  -0.0975069
0.935706  0.568561  0.276224  -0.275838  0.104794  0.522991  -0.101135
0.948018  0.573767  0.282424  -0.282222  0.108556  0.52347  -0.104837
0.96033  0.578893  0.28865  -0.288637  0.11239  0.523741  -0.108611
0.972642  0.58394  0.294902  -0.295081  0.116296  0.523803  -0.112457
0.984953  0.588907  0.301176  -0.301552  0.120274  0.523658  -0.116375
0.997265  0.593793  0.307472  -0.308047  0.124322  0.523304  -0.120364
1.00958  0.598599  0.313787  -0.314565  0.128441  0.522743  -0.124423
1.02189  0.603323  0.320119  -0.321103  0.13263  0.521975  -0.128551
1.0342  0.607966  0.326467  -0.327658  0.136889  0.520999  -0.132749
1.04651  0.612526  0.332829  -0.33423  0.141217  0.519818  -0.137015
1.05882  0.617004  0.339203  -0.340814  0.145613  0.51843  -0.141349
1.07114  0.621399  0.345587  -0.34741  0.150077  0.516837  -0.145749
1.08345  0.625711  0.351979  -0.354014  0.154608  0.515039  -0.150215
1.09576  0.629939  0.358377  -0.360625  0.159205  0.513038  -0.154745
1.10807  0.634083  0.36478  -0.367239  0.163868  0.510834  -0.15934
1.12038  0.638143  0.371186  -0.373856  0.168596  0.508429  -0.163996
1.1327  0.642118  0.377592  -0.380472  0.173387  0.505823  -0.168715
1.14501  0.646009  0.383998  -0.387085  0.178242  0.503017  -0.173493
1.15732  0.649814  0.3904  -0.393693  0.183159  0.500012  -0.178331
1.16963  0.653534  0.396798  -0.400293  0.188138  0.496811  -0.183227
1.18194  0.657168  0.403189  -0.406884  0.193177  0.493415  -0.188179
1.19425  0.660716  0.409572  -0.413462  0.198275  0.489824  -0.193186
1.20657  0.664177  0.415944  -0.420026  0.203431  0.48604  -0.198248
1.21888  0.667552  0.422305  -0.426573  0.208644  0.482066  -0.203362
1.23119  0.670841  0.428651  -0.433101  0.213914  0.477902  -0.208527
1.2435  0.674042  0.434981  -0.439607  0.219239  0.473551  -0.213742
1.25581  0.677156  0.441294  -0.44609  0.224617  0.469014  -0.219005
1.26813  0.680183  0.447587  -0.452546  0.230048  0.464293  -0.224314
1.28044  0.683123  0.453858  -0.458975  0.23553  0.45939  -0.229668
1.29275  0.685974  0.460107  -0.465373  0.241062  0.454308  -0.235066
1.30506  0.688738  0.46633  -0.471738  0.246643  0.449048  -0.240505
1.31737  0.691413  0.472527  -0.478068  0.252271  0.443612  -0.245984
1.32968  0.694001  0.478695  -0.484361  0.257945  0.438003  -0.251502
1.342  0.6965  0.484832  -0.490615  0.263663  0.432222  -0.257056
1.35431  0.69891  0.490938  -0.496827  0.269425  0.426273  -0.262646
1.36662  0.701232  0.497009  -0.502996  0.275228  0.420158  -0.268268
1.37893  0.703466  0.503045  -0.509118  0.281072  0.413879  -0.273921
1.39124  0.70561  0.509042  -0.515194  0.286954  0.407438  -0.279604
1.40356  0.707666  0.515001  -0.521219  0.292873  0.400839  -0.285315
1.41587  0.709632  0.520918  -0.527192  0.298828  0.394083  -0.291052
1.42818  0.71151  0.526793  -0.533112  0.304817  0.387174  -0.296812
1.44049  0.713299  0.532623  -0.538975  0.310837  0.380113  -0.302595
1.4528  0.714999  0.538407  -0.544781  0.316889  0.372905  -0.308398
1.46511  0.716609  0.544142  -0.550528  0.322969  0.365551  -0.314219
1.47743  0.71813  0.549828  -0.556212  0.329076  0.358055  -0.320056
1.48974  0.719563  0.555463  -0.561834  0.335209  0.350419  -0.325908
1.50205  0.720906  0.561045  -0.56739  0.341366  0.342646  -0.331773
1.51436  0.72216  0.566571  -0.572879  0.347544  0.33474  -0.337648
1.52667  0.723325  0.572042  -0.578299  0.353743  0.326702  -0.343532
1.53899  0.724401  0.577454  -0.583649  0.359959  0.318537  -0.349423
1.5513  0.725388  0.582807  -0.588927  0.366192  0.310247  -0.355319
1.56361  0.726286  0.588099  -0.594131  0.37244  0.301835  -0.361218
1.57592  0.727096  0.593328  -0.59926  0.3787  0.293305  -0.367117
1.58823  0.727816  0.598492  -0.604312  0.384971  0.28466  -0.373017
1.60054  0.728449  0.603591  -0.609286  0.391251  0.275902  -0.378913
1.61286  0.728992  0.608622  -0.614179  0.397537  0.267035  -0.384804
1.62517  0.729447  0.613584  -0.618992  0.403829  0.258062  -0.39069
1.63748  0.729814  0.618475  -0.623722  0.410123  0.248987  -0.396566
1.64979  0.730093  0.623295  -0.628368  0.416418  0.239812  -0.402433
1.6621  0.730285  0.628041  -0.632929  0.422712  0.230541  -0.408287
1.67442  0.730388  0.632712  -0.637403  0.429003  0.221177  -0.414127
1.68673  0.730404  0.637307  -0.641789  0.435289  0.211724  -0.419951
1.69904  0.730333  0.641824  -0.646087  0.441568  0.202185  -0.425758
1.71135  0.730174  0.646262  -0.650294  0.447837  0.192564  -0.431545
1.72366  0.729929  0.65062  -0.65441  0.454095  0.182862  -0.437311
1.73597  0.729598  0.654896  -0.658434  0.460339  0.173085  -0.443054
1.74829  0.72918  0.659089  -0.662364  0.466568  0.163235  -0.448772
1.7606  0.728676  0.663197  -0.666201  0.47278  0.153316  -0.454463
1.77291  0.728087  0.66722  -0.669942  0.478972  0.143331  -0.460127
1.78522  0.727412  0.671156  -0.673587  0.485142  0.133284  -0.46576
1.79753  0.726653  0.675004  -0.677135  0.491288  0.123177  -0.471361
1.80985  0.725808  0.678762  -0.680586  0.497408  0.113015  -0.47693
1.82216  0.72488  0.68243  -0.683938  0.503499  0.102801  -0.482463
1.83447  0.723868  0.686007  -0.687191  0.509561  0.0925379  -0.487959
1.84678  0.722772  0.68949  -0.690344  0.51559  0.0822297  -0.493418
1.85909  0.721593  0.69288  -0.693396  0.521585  0.0718796  -0.498836
1.8714  0.720332  0.696176  -0.696348  0.527543  0.061491  -0.504214
1.88372  0.718989  0.699375  -0.699198  0.533462  0.0510675  -0.509548
1.89603  0.717564  0.702477  -0.701945  0.539341  0.0406123  -0.514838
1.90834  0.716058  0.705482  -0.70459  0.545176  0.030129  -0.520083
1.92065  0.714472  0.708388  -0.707132  0.550967  0.019621  -0.52528
1.93296  0.712805  0.711195  -0.709571  0.55671  0.00909159  -0.530428
1.94528  0.711059  0.713901  -0.711905  0.562404  -0.00145569  -0.535526
1.95759  0.709234  0.716505  -0.714136  0.568047  -0.0120175  -0.540573
1.9699  0.707331  0.719008  -0.716262  0.573637  -0.0225904  -0.545567
1.98221  0.70535  0.721408  -0.718283  0.579171  -0.033171  -0.550506
1.99452  0.703292  0.723704  -0.7202  0.584647  -0.043756  -0.55539
2.00683  0.701158  0.725896  -0.722011  0.590065  -0.054342  -0.560218
2.01915  0.698948  0.727983  -0.723718  0.59542  -0.0649256  -0.564987
2.03146  0.696663  0.729965  -0.725319  0.600712  -0.0755036  -0.569697
2.04377  0.694303  0.73184  -0.726815  0.605939  -0.0860725  -0.574346
2.05608  0.69187  0.733609  -0.728205  0.611099  -0.096629  -0.578934
2.06839  0.689364  0.735271  -0.729491  0.616189  -0.10717  -0.583459
2.08071  0.686786  0.736825  -0.730671  0.621207  -0.117692  -0.58792
2.09302  0.684137  0.738271  -0.731745  0.626153  -0.128192  -0.592315
2.10533  0.681417  0.739608  -0.732715  0.631023  -0.138666  -0.596645
2.11764  0.678627  0.740837  -0.73358  0.635817  -0.149112  -0.600907
2.12995  0.675769  0.741957  -0.734341  0.640532  -0.159526  -0.605102
2.14226  0.672843  0.742967  -0.734996  0.645167  -0.169905  -0.609227
2.15458  0.669849  0.743868  -0.735548  0.649719  -0.180245  -0.613281
2.16689  0.66679  0.744659  -0.735996  0.654187  -0.190545  -0.617265
2.1792  0.663665  0.74534  -0.73634  0.658569  -0.2008  -0.621176
2.19151  0.660476  0.745911  -0.736581  0.662865  -0.211007  -0.625014
2.20382  0.657223  0.746372  -0.736719  0.667071  -0.221163  -0.628778
2.21614  0.653908  0.746723  -0.736754  0.671186  -0.231266  -0.632468
2.22845  0.650532  0.746964  -0.736688  0.675209  -0.241313  -0.636081
2.24076  0.647095  0.747095  -0.73652  0.679139  -0.251299  -0.639619
2.25307  0.643599  0.747116  -0.736251  0.682973  -0.261223  -0.643079
2.26538  0.640045  0.747027  -0.735881  0.686711  -0.271082  -0.64646
2.27769  0.636433  0.746829  -0.735412  0.69035  -0.280872  -0.649764
2.29001  0.632765  0.746521  -0.734843  0.69389  -0.290591  -0.652987
2.30232  0.629043  0.746104  -0.734175  0.697329  -0.300235  -0.65613
2.31463  0.625266  0.745579  -0.733409  0.700666  -0.309803  -0.659193
2.32694  0.621436  0.744945  -0.732546  0.7039  -0.319291  -0.662174
2.33925  0.617555  0.744203  -0.731586  0.707029  -0.328696  -0.665073
2.35157  0.613623  0.743354  -0.73053  0.710052  -0.338017  -0.667888
2.36388  0.609642  0.742397  -0.729378  0.712968  -0.347249  -0.670621
2.37619  0.605612  0.741335  -0.728132  0.715776  -0.356392  -0.673269
2.3885  0.601536  0.740166  -0.726793  0.718475  -0.365441  -0.675833
2.40081  0.597413  0.738892  -0.72536  0.721064  -0.374395  -0.678312
2.41312  0.593246  0.737513  -0.723835  0.723542  -0.383251  -0.680706
2.42544  0.589036  0.736031  -0.722219  0.725909  -0.392006  -0.683013
2.43775  0.584784  0.734445  -0.720513  0.728162  -0.400659  -0.685234
2.45006  0.580491  0.732757  -0.718717  0.730302  -0.409206  -0.687368
2.46237  0.576158  0.730967  -0.716833  0.732328  -0.417646  -0.689415
2.47468  0.571787  0.729077  -0.714861  0.734239  -0.425976  -0.691374
2.48699  0.567379  0.727086  -0.712803  0.736035  -0.434195  -0.693245
2.49931  0.562935  0.724997  -0.710659  0.737714  -0.442299  -0.695027
2.51162  0.558457  0.72281  -0.70843  0.739277  -0.450286  -0.696721
2.52393  0.553945  0.720526  -0.706118  0.740723  -0.458156  -0.698326
2.53624  0.549402  0.718146  -0.703723  0.742051  -0.465905  -0.699841
2.54855  0.544828  0.715671  -0.701247  0.743262  -0.473531  -0.701267
2.56087  0.540225  0.713103  -0.69869  0.744354  -0.481034  -0.702603
2.57318  0.535594  0.710442  -0.696055  0.745328  -0.48841  -0.703849
2.58549  0.530937  0.70769  -0.693341  0.746183  -0.495659  -0.705005
2.5978  0.526254  0.704848  -0.69055  0.746919  -0.502777  -0.706071
2.61011  0.521547  0.701917  -0.687684  0.747537  -0.509765  -0.707046
2.62242  0.516818  0.698899  -0.684743  0.748035  -0.516619  -0.707931
2.63474  0.512068  0.695795  -0.681728  0.748415  -0.523339  -0.708724
2.64705  0.507297  0.692605  -0.678641  0.748676  -0.529922  -0.709428
2.65936  0.502508  0.689333  -0.675483  0.748818  -0.536368  -0.71004
2.67167  0.497702  0.685978  -0.672256  0.748842  -0.542675  -0.710561
2.68398  0.49288  0.682543  -0.66896  0.748748  -0.548842  -0.710992
2.6963  0.488044  0.679028  -0.665596  0.748536  -0.554867  -0.711332
2.70861  0.483194  0.675436  -0.662167  0.748206  -0.56075  -0.711581
2.72092  0.478332  0.671768  -0.658673  0.747759  -0.566488  -0.71174
2.73323  0.473459  0.668026  -0.655116  0.747196  -0.572082  -0.711808
2.74554  0.468578  0.66421  -0.651497  0.746516  -0.577529  -0.711786
2.75785  0.463688  0.660323  -0.647817  0.745721  -0.582829  -0.711674
2.77017  0.458791  0.656367  -0.644077  0.74481  -0.587982  -0.711472
2.78248  0.453889  0.652342  -0.64028  0.743786  -0.592986  -0.71118
2.79479  0.448983  0.648251  -0.636426  0.742648  -0.59784  -0.710799
2.8071  0.444074  0.644095  -0.632517  0.741397  -0.602544  -0.710328
2.81941  0.439164  0.639876  -0.628554  0.740035  -0.607098  -0.709768
2.83173  0.434253  0.635596  -0.624538  0.738561  -0.6115  -0.70912
2.84404  0.429343  0.631256  -0.620471  0.736977  -0.61575  -0.708384
2.85635  0.424435  0.626859  -0.616355  0.735285  -0.619848  -0.70756
2.86866  0.419531  0.622405  -0.612191  0.733484  -0.623794  -0.706648
2.88097  0.414631  0.617897  -0.607979  0.731576  -0.627587  -0.70565
2.89328  0.409737  0.613336  -0.603723  0.729563  -0.631226  -0.704565
2.9056  0.40485  0.608725  -0.599422  0.727445  -0.634713  -0.703394
2.91791  0.399971  0.604065  -0.595079  0.725224  -0.638047  -0.702137
2.93022  0.395101  0.599357  -0.590695  0.7229  -0.641227  -0.700796
2.94253  0.390242  0.594605  -0.586272  0.720476  -0.644254  -0.699371
2.95484  0.385395  0.589808  -0.58181  0.717953  -0.647128  -0.697862
2.96716  0.38056  0.584971  -0.577312  0.715331  -0.64985  -0.69627
2.97947  0.375738  0.580093  -0.572778  0.712614  -0.652419  -0.694596
2.99178  0.370932  0.575177  -0.568211  0.709801  -0.654836  -0.692841
3.00409  0.366142  0.570226  -0.563612  0.706894  -0.657102  -0.691004
3.0164  0.361369  0.56524  -0.558982  0.703896  -0.659217  -0.689088
3.02871  0.356613  0.560221  -0.554322  0.700807  -0.661181  -0.687092
3.04103  0.351877  0.555172  -0.549635  0.69763  -0.662995  -0.685019
3.05334  0.347161  0.550094  -0.544922  0.694366  -0.66466  -0.682868
3.06565  0.342465  0.544989  -0.540184  0.691017  -0.666177  -0.68064
3.07796  0.337792  0.539859  -0.535423  0.687584  -0.667546  -0.678337
3.09027  0.333141  0.534706  -0.53064  0.684069  -0.668768  -0.675959
3.10259  0.328515  0.529532  -0.525836  0.680475  -0.669845  -0.673508
3.1149  0.323913  0.524337  -0.521014  0.676802  -0.670778  -0.670984
3.12721  0.319336  0.519125  -0.516174  0.673054  -0.671567  -0.668388
3.13952  0.314786  0.513897  -0.511318  0.669231  -0.672214  -0.665722
3.15183  0.310263  0.508654  -0.506447  0.665336  -0.67272  -0.662987
3.16414  0.305769  0.503399  -0.501564  0.66137  -0.673086  -0.660184
3.17646  0.301303  0.498134  -0.496669  0.657336  -0.673314  -0.657314
3.18877  0.296867  0.492859  -0.491764  0.653235  -0.673405  -0.654377
3.20108  0.292461  0.487577  -0.48685  0.64907  -0.67336  -0.651377
3.21339  0.288086  0.482289  -0.481929  0.644842  -0.673182  -0.648313
3.2257  0.283743  0.476998  -0.477001  0.640554  -0.672871  -0.645186
3.23802  0.279432  0.471704  -0.47207  0.636207  -0.67243  -0.641999
3.25033  0.275155  0.46641  -0.467135  0.631804  -0.67186  -0.638753
3.26264  0.270911  0.461117  -0.462198  0.627347  -0.671163  -0.635448
3.27495  0.266702  0.455826  -0.457261  0.622837  -0.67034  -0.632087
3.28726  0.262527  0.45054  -0.452325  0.618277  -0.669394  -0.62867
3.29957  0.258388  0.44526  -0.447391  0.613669  -0.668326  -0.6252
3.31189  0.254285  0.439987  -0.442461  0.609016  -0.667138  -0.621676
3.3242  0.250219  0.434722  -0.437536  0.604318  -0.665833  -0.618102
3.33651  0.24619  0.429469  -0.432617  0.599578  -0.664412  -0.614477
3.34882  0.242198  0.424227  -0.427705  0.594799  -0.662877  -0.610805
3.36113  0.238244  0.418999  -0.422802  0.589982  -0.661231  -0.607086
3.37345  0.234328  0.413785  -0.417909  0.585129  -0.659476  -0.603321
3.38576  0.230451  0.408587  -0.413027  0.580243  -0.657613  -0.599513
3.39807  0.226614  0.403407  -0.408158  0.575325  -0.655645  -0.595662
3.41038  0.222815  0.398246  -0.403302  0.570378  -0.653574  -0.59177
3.42269  0.219057  0.393105  -0.398461  0.565403  -0.651403  -0.58784
3.435  0.215339  0.387985  -0.393636  0.560403  -0.649133  -0.583871
3.44732  0.211661  0.382888  -0.388827  0.55538  -0.646768  -0.579866
3.45963  0.208023  0.377814  -0.384037  0.550335  -0.644308  -0.575827
3.47194  0.204427  0.372766  -0.379266  0.545271  -0.641757  -0.571755
3.48425  0.200871  0.367744  -0.374515  0.540189  -0.639117  -0.56765
3.49656  0.197357  0.362749  -0.369785  0.535092  -0.636391  -0.563516
3.50888  0.193885  0.357782  -0.365077  0.529981  -0.63358  -0.559354
3.52119  0.190453  0.352845  -0.360392  0.524859  -0.630687  -0.555164
3.5335  0.187064  0.347938  -0.355732  0.519727  -0.627714  -0.550949
3.54581  0.183717  0.343063  -0.351096  0.514586  -0.624665  -0.54671
3.55812  0.180411  0.33822  -0.346487  0.50944  -0.62154  -0.542449
3.57043  0.177147  0.33341  -0.341904  0.504289  -0.618343  -0.538167
3.58275  0.173925  0.328634  -0.337349  0.499136  -0.615076  -0.533866
3.59506  0.170746  0.323893  -0.332822  0.493981  -0.611742  -0.529547
3.60737  0.167608  0.319188  -0.328325  0.488828  -0.608342  -0.525211
3.61968  0.164512  0.31452  -0.323857  0.483677  -0.604879  -0.52086
3.63199  0.161459  0.309888  -0.31942  0.47853  -0.601356  -0.516497
3.64431  0.158447  0.305295  -0.315015  0.473389  -0.597775  -0.512121
3.65662  0.155477  0.30074  -0.310641  0.468255  -0.594137  -0.507734
3.66893  0.152549  0.296225  -0.306301  0.46313  -0.590447  -0.503339
3.68124  0.149662  0.291749  -0.301994  0.458015  -0.586705  -0.498936
3.69355  0.146817  0.287314  -0.29772  0.452912  -0.582914  -0.494526
3.70586  0.144014  0.28292  -0.293482  0.447823  -0.579076  -0.490112
3.71818  0.141252  0.278567  -0.289278  0.442748  -0.575195  -0.485694
3.73049  0.13853  0.274257  -0.28511  0.437689  -0.571271  -0.481274
3.7428  0.13585  0.269988  -0.280978  0.432647  -0.567307  -0.476852
3.75511  0.13321  0.265763  -0.276883  0.427624  -0.563305  -0.472431
3.76742  0.130611  0.261581  -0.272825  0.422621  -0.559268  -0.468012
3.77974  0.128052  0.257442  -0.268804  0.417639  -0.555197  -0.463595
3.79205  0.125533  0.253347  -0.264821  0.412679  -0.551095  -0.459183
3.80436  0.123054  0.249297  -0.260876  0.407742  -0.546963  -0.454775
3.81667  0.120614  0.24529  -0.256969  0.40283  -0.542804  -0.450374
3.82898  0.118213  0.241329  -0.253102  0.397944  -0.53862  -0.445981
3.84129  0.115852  0.237412  -0.249273  0.393084  -0.534413  -0.441596
3.85361  0.113529  0.23354  -0.245484  0.388251  -0.530184  -0.437221
3.86592  0.111244  0.229714  -0.241734  0.383447  -0.525936  -0.432856
3.87823  0.108997  0.225932  -0.238024  0.378673  -0.52167  -0.428504
3.89054  0.106788  0.222196  -0.234354  0.373928  -0.517388  -0.424164
3.90285  0.104617  0.218506  -0.230724  0.369215  -0.513093  -0.419838
3.91517  0.102482  0.214861  -0.227134  0.364533  -0.508785  -0.415527
3.92748  0.100384  0.211261  -0.223585  0.359885  -0.504467  -0.411231
3.93979  0.0983222  0.207707  -0.220076  0.355269  -0.500139  -0.406952
3.9521  0.0962964  0.204199  -0.216608  0.350688  -0.495805  -0.402691
3.96441  0.0943061  0.200736  -0.21318  0.346141  -0.491465  -0.398447
3.97672  0.092351  0.197318  -0.209793  0.34163  -0.487121  -0.394223
3.98904  0.0904307  0.193946  -0.206446  0.337154  -0.482774  -0.390019
4.00135  0.0885448  0.190618  -0.20314  0.332715  -0.478427  -0.385835
4.01366  0.0866929  0.187336  -0.199875  0.328313  -0.47408  -0.381673
4.02597  0.0848745  0.184099  -0.19665  0.323948  -0.469735  -0.377533
4.03828  0.0830894  0.180906  -0.193466  0.319621  -0.465393  -0.373415
4.0506  0.0813371  0.177758  -0.190322  0.315333  -0.461056  -0.369321
4.06291  0.0796172  0.174654  -0.187218  0.311083  -0.456724  -0.365251
4.07522  0.0779293  0.171594  -0.184155  0.306872  -0.4524  -0.361206
4.08753  0.0762729  0.168579  -0.181131  0.302701  -0.448084  -0.357186
4.09984  0.0746478  0.165607  -0.178148  0.298569  -0.443777  -0.353191
4.11215  0.0730533  0.162678  -0.175204  0.294477  -0.439481  -0.349223
4.12447  0.0714892  0.159792  -0.1723  0.290425  -0.435197  -0.345281
4.13678  0.0699549  0.156949  -0.169436  0.286414  -0.430925  -0.341367
4.14909  0.0684502  0.154149  -0.16661  0.282443  -0.426668  -0.33748
4.1614  0.0669745  0.151391  -0.163824  0.278513  -0.422425  -0.333622
4.17371  0.0655275  0.148674  -0.161076  0.274624  -0.418198  -0.329792
4.18603  0.0641087  0.146  -0.158367  0.270776  -0.413988  -0.32599
4.19834  0.0627177  0.143366  -0.155697  0.266969  -0.409795  -0.322218
4.21065  0.061354  0.140774  -0.153064  0.263204  -0.405621  -0.318476
4.22296  0.0600174  0.138221  -0.150469  0.259479  -0.401465  -0.314763
4.23527  0.0587073  0.135709  -0.147912  0.255796  -0.39733  -0.31108
4.24758  0.0574233  0.133237  -0.145391  0.252154  -0.393216  -0.307428
4.2599  0.0561651  0.130804  -0.142908  0.248553  -0.389123  -0.303806
4.27221  0.0549322  0.12841  -0.140462  0.244993  -0.385052  -0.300215
4.28452  0.0537242  0.126055  -0.138051  0.241475  -0.381004  -0.296655
4.29683  0.0525406  0.123738  -0.135677  0.237997  -0.37698  -0.293126
4.30914  0.0513812  0.121459  -0.133339  0.234561  -0.372979  -0.289629
4.32146  0.0502455  0.119217  -0.131036  0.231165  -0.369003  -0.286163
4.33377  0.0491331  0.117012  -0.128767  0.22781  -0.365052  -0.282729
4.34608  0.0480435  0.114843  -0.126534  0.224496  -0.361126  -0.279326
4.35839  0.0469765  0.112711  -0.124335  0.221222  -0.357227  -0.275955
4.3707  0.0459316  0.110614  -0.12217  0.217989  -0.353354  -0.272616
4.38301  0.0449084  0.108552  -0.120039  0.214795  -0.349508  -0.269309
4.39533  0.0439066  0.106526  -0.117941  0.211642  -0.345689  -0.266034
4.40764  0.0429257  0.104534  -0.115876  0.208528  -0.341898  -0.262791
4.41995  0.0419654  0.102575  -0.113844  0.205454  -0.338135  -0.25958
4.43226  0.0410254  0.100651  -0.111844  0.202419  -0.3344  -0.256401
4.44457  0.0401052  0.0987591  -0.109875  0.199423  -0.330694  -0.253255
4.45689  0.0392045  0.0969001  -0.107939  0.196466  -0.327017  -0.25014
4.4692  0.0383229  0.0950734  -0.106033  0.193547  -0.323369  -0.247057
4.48151  0.0374601  0.0932785  -0.104158  0.190667  -0.31975  -0.244005
4.49382  0.0366157  0.091515  -0.102314  0.187825  -0.316161  -0.240986
4.50613  0.0357894  0.0897824  -0.1005  0.18502  -0.312602  -0.237999
4.51844  0.0349809  0.0880802  -0.098715  0.182253  -0.309072  -0.235043
4.53076  0.0341898  0.0864082  -0.0969596  0.179523  -0.305573  -0.232118
4.54307  0.0334157  0.0847658  -0.0952331  0.17683  -0.302104  -0.229226
4.55538  0.0326584  0.0831526  -0.0935352  0.174173  -0.298665  -0.226364
4.56769  0.0319175  0.0815681  -0.0918654  0.171552  -0.295257  -0.223534
4.58  0.0311926  0.0800121  -0.0902235  0.168968  -0.291879  -0.220735
4.59232  0.0304836  0.0784839  -0.0886089  0.166419  -0.288532  -0.217966
4.60463  0.02979  0.0769833  -0.0870215  0.163905  -0.285215  -0.215229
4.61694  0.0291116  0.0755098  -0.0854607  0.161426  -0.281929  -0.212522
4.62925  0.0284481  0.074063  -0.0839262  0.158982  -0.278674  -0.209846
4.64156  0.0277991  0.0726424  -0.0824177  0.156572  -0.27545  -0.2072
4.65387  0.0271644  0.0712477  -0.0809348  0.154196  -0.272256  -0.204584
4.66619  0.0265437  0.0698785  -0.0794771  0.151853  -0.269092  -0.201998
4.6785  0.0259367  0.0685343  -0.0780443  0.149544  -0.26596  -0.199442
4.69081  0.0253432  0.0672148  -0.076636  0.147267  -0.262858  -0.196915
4.70312  0.0247627  0.0659196  -0.0752518  0.145023  -0.259787  -0.194418
4.71543  0.0241952  0.0646483  -0.0738915  0.142811  -0.256746  -0.19195
4.72775  0.0236403  0.0634004  -0.0725546  0.140631  -0.253735  -0.189511
4.74006  0.0230977  0.0621757  -0.0712408  0.138482  -0.250755  -0.1871
4.75237  0.0225672  0.0609736  -0.0699497  0.136365  -0.247805  -0.184718
4.76468  0.0220486  0.059794  -0.0686811  0.134278  -0.244885  -0.182365
4.77699  0.0215416  0.0586363  -0.0674345  0.132221  -0.241995  -0.180039
4.7893  0.0210459  0.0575002  -0.0662097  0.130195  -0.239136  -0.177742
4.80162  0.0205614  0.0563854  -0.0650062  0.128198  -0.236305  -0.175472
4.81393  0.0200877  0.0552915  -0.0638239  0.12623  -0.233505  -0.173229
4.82624  0.0196247  0.0542181  -0.0626622  0.124292  -0.230734  -0.171013
4.83855  0.0191721  0.0531649  -0.061521  0.122382  -0.227992  -0.168825
4.85086  0.0187297  0.0521315  -0.0603999  0.1205  -0.22528  -0.166663
4.86318  0.0182973  0.0511177  -0.0592986  0.118646  -0.222596  -0.164527
4.87549  0.0178747  0.050123  -0.0582167  0.11682  -0.219942  -0.162418
4.8878  0.0174617  0.0491471  -0.0571539  0.11502  -0.217316  -0.160335
4.90011  0.017058  0.0481897  -0.05611  0.113248  -0.214719  -0.158277
4.91242  0.0166634  0.0472506  -0.0550847  0.111502  -0.21215  -0.156245
4.92473  0.0162778  0.0463292  -0.0540775  0.109783  -0.209609  -0.154238
4.93705  0.015901  0.0454255  -0.0530883  0.108089  -0.207096  -0.152256
4.94936  0.0155328  0.0445389  -0.0521168  0.10642  -0.204611  -0.150298
4.96167  0.0151729  0.0436693  -0.0511626  0.104777  -0.202154  -0.148365
4.97398  0.0148213  0.0428163  -0.0502255  0.103159  -0.199723  -0.146457
4.98629  0.0144776  0.0419796  -0.0493051  0.101565  -0.19732  -0.144572
4.99861  0.0141418  0.041159  -0.0484013  0.0999949  -0.194945  -0.142711
5.01092  0.0138137  0.0403541  -0.0475137  0.0984489  -0.192595  -0.140873
5.02323  0.0134931  0.0395646  -0.0466421  0.0969263  -0.190273  -0.139059
5.03554  0.0131799  0.0387904  -0.0457861  0.0954269  -0.187976  -0.137268
5.04785  0.0128738  0.038031  -0.0449456  0.0939503  -0.185706  -0.135499
5.06016  0.0125747  0.0372862  -0.0441202  0.0924963  -0.183462  -0.133753
5.07248  0.0122825  0.0365559  -0.0433097  0.0910645  -0.181243  -0.132029
5.08479  0.011997  0.0358396  -0.0425139  0.0896545  -0.17905  -0.130327
5.0971  0.011718  0.0351372  -0.0417325  0.0882662  -0.176882  -0.128646
5.10941  0.0114455  0.0344483  -0.0409652  0.0868991  -0.174739  -0.126988
5.12172  0.0111793  0.0337728  -0.0402119  0.085553  -0.172621  -0.12535
5.13404  0.0109191  0.0331103  -0.0394722  0.0842276  -0.170528  -0.123733
5.14635  0.010665  0.0324607  -0.0387459  0.0829226  -0.168458  -0.122138
5.15866  0.0104167  0.0318237  -0.0380329  0.0816376  -0.166413  -0.120562
5.17097  0.0101742  0.0311991  -0.0373328  0.0803725  -0.164392  -0.119007
5.18328  0.00993723  0.0305866  -0.0366455  0.0791269  -0.162395  -0.117472
5.19559  0.00970575  0.029986  -0.0359707  0.0779004  -0.16042  -0.115957
5.20791  0.00947962  0.0293971  -0.0353082  0.076693  -0.15847  -0.114461
5.22022  0.00925872  0.0288197  -0.0346578  0.0755042  -0.156542  -0.112985
5.23253  0.00904292  0.0282535  -0.0340193  0.0743338  -0.154637  -0.111528
5.24484  0.00883212  0.0276983  -0.0333924  0.0731815  -0.152754  -0.11009
5.25715  0.0086262  0.027154  -0.032777  0.0720471  -0.150894  -0.10867
5.26947  0.00842505  0.0266203  -0.0321728  0.0709302  -0.149055  -0.107269
5.28178  0.00822855  0.026097  -0.0315797  0.0698307  -0.147239  -0.105886
5.29409  0.00803662  0.0255839  -0.0309975  0.0687483  -0.145444  -0.104521
5.3064  0.00784913  0.0250809  -0.030426  0.0676827  -0.143671  -0.103174
5.31871  0.00766599  0.0245877  -0.0298649  0.0666336  -0.141919  -0.101844
5.33102  0.00748711  0.0241042  -0.0293141  0.0656009  -0.140187  -0.100531
5.34334  0.00731237  0.0236301  -0.0287734  0.0645842  -0.138477  -0.0992361
5.35565  0.00714169  0.0231653  -0.0282427  0.0635833  -0.136787  -0.0979577
5.36796  0.00697498  0.0227096  -0.0277217  0.0625981  -0.135117  -0.096696
5.38027  0.00681215  0.0222628  -0.0272103  0.0616281  -0.133467  -0.0954508
5.39258  0.00665309  0.0218248  -0.0267083  0.0606733  -0.131838  -0.0942218
5.4049  0.00649774  0.0213954  -0.0262155  0.0597334  -0.130228  -0.0930089
5.41721  0.006346  0.0209744  -0.0257318  0.0588082  -0.128637  -0.0918119
5.42952  0.00619779  0.0205617  -0.025257  0.0578973  -0.127065  -0.0906305
5.44183  0.00605303  0.020157  -0.0247909  0.0570007  -0.125513  -0.0894646
5.45414  0.00591164  0.0197604  -0.0243334  0.0561181  -0.123979  -0.0883139
5.46645  0.00577355  0.0193715  -0.0238844  0.0552493  -0.122464  -0.0871783
5.47877  0.00563866  0.0189902  -0.0234436  0.0543941  -0.120967  -0.0860576
5.49108  0.00550693  0.0186165  -0.0230109  0.0535522  -0.119489  -0.0849516
5.50339  0.00537826  0.0182501  -0.0225863  0.0527234  -0.118028  -0.0838601
5.5157  0.00525259  0.0178909  -0.0221694  0.0519076  -0.116585  -0.0827829
5.52801  0.00512985  0.0175387  -0.0217603  0.0511046  -0.11516  -0.0817198
5.54033  0.00500997  0.0171935  -0.0213587  0.0503141  -0.113752  -0.0806706
5.55264  0.00489289  0.0168551  -0.0209645  0.049536  -0.112361  -0.0796352
5.56495  0.00477854  0.0165233  -0.0205776  0.0487701  -0.110987  -0.0786134
5.57726  0.00466686  0.0161981  -0.0201979  0.0480161  -0.10963  -0.077605
5.58957  0.00455778  0.0158793  -0.0198251  0.0472739  -0.108289  -0.0766099
5.60188  0.00445125  0.0155668  -0.0194593  0.0465434  -0.106965  -0.0756278
5.6142  0.0043472  0.0152604  -0.0191002  0.0458242  -0.105657  -0.0746585
5.62651  0.00424559  0.01496  -0.0187477  0.0451163  -0.104365  -0.073702
5.63882  0.00414634  0.0146656  -0.0184018  0.0444195  -0.103089  -0.0727581
5.65113  0.00404942  0.014377  -0.0180622  0.0437336  -0.101828  -0.0718265
5.66344  0.00395476  0.014094  -0.017729  0.0430584  -0.100583  -0.0709072
5.67576  0.00386231  0.0138167  -0.0174019  0.0423938  -0.0993535  -0.0699999
5.68807  0.00377202  0.0135448  -0.0170808  0.0417396  -0.0981387  -0.0691046
5.70038  0.00368384  0.0132782  -0.0167657  0.0410957  -0.0969388  -0.068221
5.71269  0.00359772  0.013017  -0.0164564  0.0404618  -0.0957536  -0.067349
5.725  0.00351361  0.0127608  -0.0161529  0.0398378  -0.094583  -0.0664884
5.73731  0.00343147  0.0125097  -0.0158549  0.0392236  -0.0934268  -0.0656391
5.74963  0.00335124  0.0122636  -0.0155625  0.0386189  -0.0922847  -0.0648009
5.76194  0.0032729  0.0120223  -0.0152755  0.0380238  -0.0911567  -0.0639738
5.77425  0.00319638  0.0117858  -0.0149938  0.037438  -0.0900425  -0.0631575
5.78656  0.00312165  0.011554  -0.0147173  0.0368613  -0.0889421  -0.0623519
5.79887  0.00304868  0.0113267  -0.0144459  0.0362936  -0.0878551  -0.0615568
5.81119  0.0029774  0.0111039  -0.0141795  0.0357348  -0.0867816  -0.0607722
5.8235  0.0029078  0.0108855  -0.0139181  0.0351848  -0.0857212  -0.0599979
5.83581  0.00283982  0.0106714  -0.0136615  0.0346433  -0.0846739  -0.0592337
5.84812  0.00277343  0.0104616  -0.0134097  0.0341103  -0.0836394  -0.0584795
5.86043  0.00270859  0.0102558  -0.0131625  0.0335857  -0.0826177  -0.0577351
5.87274  0.00264528  0.0100542  -0.0129199  0.0330692  -0.0816086  -0.0570006
5.88506  0.00258344  0.0098565  -0.0126818  0.0325608  -0.0806119  -0.0562756
5.89737  0.00252305  0.00966271  -0.0124481  0.0320604  -0.0796275  -0.0555601
5.90968  0.00246407  0.00947275  -0.0122187  0.0315678  -0.0786552  -0.054854
5.92199  0.00240647  0.00928654  -0.0119936  0.0310828  -0.0776949  -0.0541571
5.9343  0.00235022  0.009104  -0.0117726  0.0306055  -0.0767464  -0.0534694
5.94662  0.00229528  0.00892506  -0.0115558  0.0301355  -0.0758096  -0.0527906
5.95893  0.00224163  0.00874965  -0.0113429  0.029673  -0.0748843  -0.0521207
5.97124  0.00218924  0.0085777  -0.011134  0.0292176  -0.0739704  -0.0514595
5.98355  0.00213807  0.00840915  -0.0109289  0.0287694  -0.0730678  -0.050807
5.99586  0.0020881  0.00824392  -0.0107277  0.0283281  -0.0721763  -0.050163
6.00817  0.00203929  0.00808195  -0.0105302  0.0278937  -0.0712958  -0.0495274
6.02049  0.00199163  0.00792318  -0.0103363  0.0274661  -0.0704262  -0.0489001
6.0328  0.00194509  0.00776753  -0.010146  0.0270452  -0.0695672  -0.0482809
6.04511  0.00189963  0.00761496  -0.00995924  0.0266308  -0.0687189  -0.0476699
6.05742  0.00185524  0.0074654  -0.00977593  0.0262229  -0.067881  -0.0470668
6.06973  0.00181189  0.00731879  -0.00959601  0.0258213  -0.0670534  -0.0464715
6.08205  0.00176955  0.00717507  -0.00941943  0.025426  -0.066236  -0.045884
6.09436  0.0017282  0.00703418  -0.00924611  0.0250368  -0.0654287  -0.0453042
6.10667  0.00168782  0.00689608  -0.009076  0.0246537  -0.0646314  -0.0447319
6.11898  0.00164838  0.00676069  -0.00890903  0.0242766  -0.0638438  -0.044167
6.13129  0.00160987  0.00662798  -0.00874516  0.0239053  -0.063066  -0.0436095
6.1436  0.00157225  0.00649788  -0.00858431  0.0235398  -0.0622978  -0.0430593
6.15592  0.00153552  0.00637035  -0.00842644  0.02318  -0.061539  -0.0425161
6.16823  0.00149965  0.00624533  -0.00827149  0.0228258  -0.0607895  -0.0419801
6.18054  0.00146462  0.00612278  -0.00811941  0.0224771  -0.0600493  -0.041451
6.19285  0.0014304  0.00600265  -0.00797014  0.0221338  -0.0593182  -0.0409287
6.20516  0.00139699  0.00588488  -0.00782363  0.0217958  -0.0585961  -0.0404132
6.21748  0.00136436  0.00576943  -0.00767982  0.0214631  -0.0578829  -0.0399045
6.22979  0.00133249  0.00565626  -0.00753868  0.0211356  -0.0571785  -0.0394023
6.2421  0.00130137  0.00554532  -0.00740015  0.0208131  -0.0564827  -0.0389066
6.25441  0.00127098  0.00543657  -0.00726417  0.0204956  -0.0557955  -0.0384173
6.26672  0.00124129  0.00532995  -0.00713071  0.0201831  -0.0551168  -0.0379344
6.27903  0.0012123  0.00522544  -0.00699972  0.0198754  -0.0544464  -0.0374577
6.29135  0.00118399  0.00512299  -0.00687114  0.0195725  -0.0537843  -0.0369871
6.30366  0.00115635  0.00502256  -0.00674494  0.0192743  -0.0531303  -0.0365227
6.31597  0.00112934  0.0049241  -0.00662108  0.0189807  -0.0524843  -0.0360642
6.32828  0.00110298  0.00482759  -0.0064995  0.0186917  -0.0518463  -0.0356117
6.34059  0.00107722  0.00473298  -0.00638017  0.0184071  -0.0512162  -0.035165
6.35291  0.00105207  0.00464022  -0.00626304  0.0181269  -0.0505938  -0.0347241
6.36522  0.00102751  0.0045493  -0.00614807  0.0178511  -0.049979  -0.0342889
6.37753  0.00100352  0.00446017  -0.00603523  0.0175795  -0.0493718  -0.0338592
6.38984  0.000980096  0.00437279  -0.00592447  0.0173122  -0.048772  -0.0334351
6.40215  0.000957218  0.00428713  -0.00581576  0.017049  -0.0481796  -0.0330165
6.41446  0.000934874  0.00420315  -0.00570905  0.0167898  -0.0475945  -0.0326032
6.42678  0.000913053  0.00412083  -0.00560431  0.0165347  -0.0470166  -0.0321953
6.43909  0.000891743  0.00404014  -0.00550151  0.0162834  -0.0464458  -0.0317926
6.4514  0.00087093  0.00396102  -0.0054006  0.0160361  -0.045882  -0.0313951
6.46371  0.000850605  0.00388347  -0.00530156  0.0157926  -0.045325  -0.0310027
6.47602  0.000830754  0.00380744  -0.00520434  0.0155529  -0.044775  -0.0306153
6.48834  0.000811368  0.00373291  -0.00510892  0.0153168  -0.0442316  -0.0302329
6.50065  0.000792435  0.00365984  -0.00501525  0.0150844  -0.043695  -0.0298554
6.51296  0.000773945  0.00358821  -0.00492331  0.0148556  -0.0431649  -0.0294828
6.52527  0.000755887  0.00351799  -0.00483307  0.0146303  -0.0426413  -0.0291149
6.53758  0.000738251  0.00344915  -0.0047445  0.0144085  -0.0421241  -0.0287517
6.54989  0.000721028  0.00338167  -0.00465755  0.0141901  -0.0416133  -0.0283932
6.56221  0.000704207  0.00331551  -0.00457221  0.013975  -0.0411087  -0.0280393
6.57452  0.000687779  0.00325065  -0.00448844  0.0137633  -0.0406103  -0.0276899
6.58683  0.000671736  0.00318706  -0.00440622  0.0135548  -0.040118  -0.027345
6.59914  0.000656067  0.00312473  -0.00432551  0.0133496  -0.0396318  -0.0270044
6.61145  0.000640765  0.00306362  -0.00424629  0.0131475  -0.0391514  -0.0266682
6.62377  0.00062582  0.00300372  -0.00416853  0.0129485  -0.038677  -0.0263363
6.63608  0.000611224  0.00294499  -0.0040922  0.0127525  -0.0382083  -0.0260087
6.64839  0.00059697  0.00288741  -0.00401727  0.0125596  -0.0377454  -0.0256852
6.6607  0.000583048  0.00283096  -0.00394373  0.0123697  -0.0372882  -0.0253658
6.67301  0.000569452  0.00277563  -0.00387154  0.0121826  -0.0368365  -0.0250505
6.68532  0.000556174  0.00272138  -0.00380068  0.0119984  -0.0363904  -0.0247392
6.69764  0.000543206  0.00266819  -0.00373112  0.0118171  -0.0359497  -0.0244319
6.70995  0.000530541  0.00261605  -0.00366285  0.0116385  -0.0355143  -0.0241285
6.72226  0.000518171  0.00256494  -0.00359583  0.0114627  -0.0350843  -0.023829
6.73457  0.000506091  0.00251483  -0.00353004  0.0112896  -0.0346596  -0.0235332
6.74688  0.000494293  0.0024657  -0.00346547  0.0111191  -0.03424  -0.0232412
6.7592  0.000482771  0.00241753  -0.00340208  0.0109513  -0.0338255  -0.0229529
6.77151  0.000471517  0.00237031  -0.00333986  0.010786  -0.0334161  -0.0226683
6.78382  0.000460527  0.00232402  -0.00327878  0.0106232  -0.0330117  -0.0223872
6.79613  0.000449793  0.00227864  -0.00321883  0.010463  -0.0326122  -0.0221098
6.80844  0.00043931  0.00223415  -0.00315998  0.0103052  -0.0322176  -0.0218358
6.82075  0.000429072  0.00219053  -0.00310221  0.0101498  -0.0318278  -0.0215653
6.83307  0.000419072  0.00214776  -0.0030455  0.00999674  -0.0314427  -0.0212982
6.84538  0.000409307  0.00210583  -0.00298984  0.00984606  -0.0310623  -0.0210345
6.85769  0.000399769  0.00206473  -0.0029352  0.00969769  -0.0306866  -0.0207742
6.87  0.000390454  0.00202443  -0.00288156  0.00955158  -0.0303154  -0.0205171
6.88231  0.000381356  0.00198493  -0.00282891  0.00940771  -0.0299487  -0.0202633
6.89463  0.000372471  0.00194619  -0.00277723  0.00926603  -0.0295865  -0.0200126
6.90694  0.000363794  0.00190822  -0.00272649  0.00912651  -0.0292287  -0.0197651
6.91925  0.000355319  0.00187099  -0.00267669  0.00898913  -0.0288752  -0.0195208
6.93156  0.000347041  0.00183449  -0.0026278  0.00885384  -0.028526  -0.0192795
6.94387  0.000338957  0.00179871  -0.00257981  0.00872061  -0.0281811  -0.0190413
6.95618  0.000331062  0.00176362  -0.0025327  0.00858941  -0.0278403  -0.018806
6.9685  0.000323351  0.00172923  -0.00248646  0.00846022  -0.0275037  -0.0185737
6.98081  0.00031582  0.00169551  -0.00244106  0.00833299  -0.0271711  -0.0183443
6.99312  0.000308464  0.00166244  -0.0023965  0.0082077  -0.0268426  -0.0181179
7.00543  0.000301281  0.00163003  -0.00235276  0.00808432  -0.0265181  -0.0178942
7.01774  0.000294264  0.00159825  -0.00230981  0.00796281  -0.0261975  -0.0176733
7.03006  0.000287412  0.00156709  -0.00226766  0.00784316  -0.0258808  -0.0174553
7.04237  0.00028072  0.00153655  -0.00222628  0.00772532  -0.0255679  -0.0172399
7.05468  0.000274183  0.0015066  -0.00218566  0.00760928  -0.0252588  -0.0170273
7.06699  0.000267799  0.00147724  -0.00214578  0.007495  -0.0249534  -0.0168173
7.0793  0.000261564  0.00144845  -0.00210663  0.00738245  -0.0246517  -0.0166099
7.09161  0.000255475  0.00142022  -0.0020682  0.00727162  -0.0243537  -0.0164051
7.10393  0.000249527  0.00139255  -0.00203048  0.00716247  -0.0240592  -0.0162029
7.11624  0.000243719  0.00136542  -0.00199345  0.00705497  -0.0237684  -0.0160032
7.12855  0.000238045  0.00133882  -0.00195709  0.00694911  -0.023481  -0.015806
7.14086  0.000232504  0.00131274  -0.00192141  0.00684485  -0.0231971  -0.0156112
7.15317  0.000227093  0.00128717  -0.00188637  0.00674217  -0.0229166  -0.0154189
7.16549  0.000221807  0.0012621  -0.00185198  0.00664105  -0.0226395  -0.015229
7.1778  0.000216645  0.00123752  -0.00181822  0.00654146  -0.0223657  -0.0150414
7.19011  0.000211603  0.00121342  -0.00178507  0.00644338  -0.0220953  -0.0148562
7.20242  0.000206679  0.0011898  -0.00175254  0.00634679  -0.0218281  -0.0146732
7.21473  0.000201869  0.00116663  -0.0017206  0.00625166  -0.0215641  -0.0144926
7.22704  0.000197172  0.00114392  -0.00168924  0.00615796  -0.0213033  -0.0143141
7.23936  0.000192584  0.00112165  -0.00165846  0.00606569  -0.0210456  -0.0141379
7.25167  0.000188103  0.00109982  -0.00162824  0.00597481  -0.020791  -0.0139639
7.26398  0.000183726  0.00107841  -0.00159857  0.0058853  -0.0205394  -0.013792
7.27629  0.000179452  0.00105742  -0.00156945  0.00579714  -0.0202909  -0.0136223
7.2886  0.000175277  0.00103684  -0.00154086  0.00571032  -0.0200454  -0.0134546
7.30092  0.000171199  0.00101666  -0.00151279  0.00562481  -0.0198028  -0.013289
7.31323  0.000167217  0.000996881  -0.00148523  0.00554059  -0.0195631  -0.0131255
7.32554  0.000163327  0.000977484  -0.00145818  0.00545763  -0.0193263  -0.012964
7.33785  0.000159528  0.000958466  -0.00143163  0.00537593  -0.0190923  -0.0128045
7.35016  0.000155817  0.000939819  -0.00140555  0.00529547  -0.0188612  -0.0126469
7.36247  0.000152193  0.000921537  -0.00137996  0.00521621  -0.0186328  -0.0124913
7.37479  0.000148654  0.000903611  -0.00135483  0.00513815  -0.0184071  -0.0123376
7.3871  0.000145196  0.000886035  -0.00133017  0.00506126  -0.0181841  -0.0121858
7.39941  0.00014182  0.000868802  -0.00130595  0.00498553  -0.0179638  -0.0120358
7.41172  0.000138522  0.000851905  -0.00128217  0.00491094  -0.0177461  -0.0118877
7.42403  0.0001353  0.000835338  -0.00125883  0.00483747  -0.017531  -0.0117414
7.43635  0.000132154  0.000819094  -0.00123592  0.00476511  -0.0173184  -0.0115969
7.44866  0.000129081  0.000803166  -0.00121342  0.00469383  -0.0171084  -0.0114542
7.46097  0.00012608  0.00078755  -0.00119134  0.00462363  -0.0169009  -0.0113132
7.47328  0.000123149  0.000772238  -0.00116965  0.00455448  -0.0166959  -0.011174
7.48559  0.000120285  0.000757224  -0.00114837  0.00448636  -0.0164933  -0.0110364
7.4979  0.000117489  0.000742503  -0.00112747  0.00441927  -0.0162931  -0.0109005
7.51022  0.000114758  0.000728069  -0.00110695  0.00435319  -0.0160953  -0.0107663
7.52253  0.00011209  0.000713916  -0.00108681  0.00428809  -0.0158999  -0.0106337
7.53484  0.000109484  0.000700039  -0.00106703  0.00422397  -0.0157067  -0.0105028
7.54715  0.000106939  0.000686433  -0.00104762  0.00416081  -0.0155159  -0.0103734
7.55946  0.000104453  0.000673091  -0.00102856  0.0040986  -0.0153273  -0.0102456
7.57178  0.000102025  0.000660009  -0.00100984  0.00403732  -0.0151409  -0.0101193
7.58409  9.96539e-05  0.000647182  -0.000991469  0.00397695  -0.0149568  -0.00999462
7.5964  9.73377e-05  0.000634605  -0.000973431  0.00391749  -0.0147748  -0.00987141
7.60871  9.50754e-05  0.000622273  -0.000955721  0.00385891  -0.014595  -0.0097497
7.62102  9.28658e-05  0.000610181  -0.000938335  0.00380121  -0.0144172  -0.00962946
7.63333  9.07075e-05  0.000598324  -0.000921264  0.00374437  -0.0142416  -0.00951068
7.64565  8.85995e-05  0.000586698  -0.000904505  0.00368838  -0.0140681  -0.00939333
7.65796  8.65405e-05  0.000575298  -0.00088805  0.00363323  -0.0138966  -0.0092774
7.67027  8.45294e-05  0.000564119  -0.000871895  0.00357889  -0.0137271  -0.00916286
7.68258  8.25652e-05  0.000553159  -0.000856034  0.00352537  -0.0135596  -0.0090497
7.69489  8.06466e-05  0.000542411  -0.000840461  0.00347264  -0.0133941  -0.00893791
7.70721  7.87726e-05  0.000531873  -0.000825172  0.0034207  -0.0132305  -0.00882746
7.71952  7.69422e-05  0.000521539  -0.00081016  0.00336953  -0.0130689  -0.00871834
7.73183  7.51544e-05  0.000511406  -0.000795422  0.00331912  -0.0129091  -0.00861052
7.74414  7.34082e-05  0.00050147  -0.000780951  0.00326947  -0.0127512  -0.008504
7.75645  7.17026e-05  0.000491728  -0.000766744  0.00322054  -0.0125952  -0.00839876
7.76876  7.00366e-05  0.000482174  -0.000752795  0.00317235  -0.0124409  -0.00829477
7.78108  6.84094e-05  0.000472807  -0.000739098  0.00312487  -0.0122885  -0.00819203
7.79339  6.682e-05  0.000463621  -0.000725651  0.00307809  -0.0121379  -0.00809051
7.8057  6.52676e-05  0.000454613  -0.000712448  0.00303201  -0.011989  -0.0079902
7.81801  6.37512e-05  0.000445781  -0.000699485  0.00298661  -0.0118418  -0.00789108
7.83032  6.22701e-05  0.000437119  -0.000686756  0.00294188  -0.0116964  -0.00779315
7.84264  6.08235e-05  0.000428626  -0.000674259  0.00289781  -0.0115526  -0.00769638
7.85495  5.94104e-05  0.000420298  -0.000661988  0.0028544  -0.0114106  -0.00760075
7.86726  5.80302e-05  0.000412132  -0.00064994  0.00281162  -0.0112701  -0.00750626
7.87957  5.66821e-05  0.000404123  -0.000638111  0.00276948  -0.0111313  -0.00741289
7.89188  5.53653e-05  0.000396271  -0.000626495  0.00272796  -0.0109941  -0.00732062
7.90419  5.4079e-05  0.00038857  -0.00061509  0.00268705  -0.0108585  -0.00722944
7.91651  5.28227e-05  0.000381019  -0.000603892  0.00264675  -0.0107244  -0.00713934
7.92882  5.15955e-05  0.000373614  -0.000592897  0.00260703  -0.0105919  -0.00705029
7.94113  5.03969e-05  0.000366352  -0.0005821  0.00256791  -0.0104609  -0.0069623
7.95344  4.92261e-05  0.000359231  -0.000571499  0.00252935  -0.0103315  -0.00687533
7.96575  4.80825e-05  0.000352248  -0.00056109  0.00249137  -0.0102035  -0.00678939
7.97807  4.69654e-05  0.000345401  -0.000550869  0.00245394  -0.010077  -0.00670445
7.99038  4.58743e-05  0.000338686  -0.000540833  0.00241706  -0.00995188  -0.00662051
8.00269  4.48085e-05  0.0003321  -0.000530979  0.00238072  -0.00982824  -0.00653754
8.015  4.37674e-05  0.000325643  -0.000521302  0.00234492  -0.00970602  -0.00645555
8.02731  4.27505e-05  0.00031931  -0.0005118  0.00230963  -0.00958519  -0.0063745
8.03962  4.17573e-05  0.0003131  -0.00050247  0.00227487  -0.00946574  -0.0062944
8.05194  4.0787e-05  0.000307009  -0.000493308  0.00224061  -0.00934764  -0.00621523
8.06425  3.98393e-05  0.000301037  -0.000484312  0.00220685  -0.00923089  -0.00613698
8.07656  3.89136e-05  0.00029518  -0.000475477  0.00217358  -0.00911546  -0.00605963
8.08887  3.80093e-05  0.000289436  -0.000466802  0.0021408  -0.00900135  -0.00598317
8.10118  3.7126e-05  0.000283803  -0.000458284  0.0021085  -0.00888852  -0.0059076
8.1135  3.62632e-05  0.000278278  -0.000449919  0.00207666  -0.00877697  -0.00583289
8.12581  3.54205e-05  0.000272861  -0.000441704  0.00204529  -0.00866667  -0.00575905
8.13812  3.45972e-05  0.000267548  -0.000433637  0.00201438  -0.00855762  -0.00568605
8.15043  3.3793e-05  0.000262337  -0.000425716  0.00198391  -0.00844979  -0.00561388
8.16274  3.30075e-05  0.000257227  -0.000417937  0.00195388  -0.00834318  -0.00554254
8.17505  3.22402e-05  0.000252215  -0.000410298  0.00192429  -0.00823775  -0.00547202
8.18737  3.14907e-05  0.0002473  -0.000402796  0.00189513  -0.00813351  -0.00540229
8.19968  3.07585e-05  0.000242479  -0.000395428  0.00186638  -0.00803043  -0.00533336
8.21199  3.00433e-05  0.000237751  -0.000388193  0.00183806  -0.0079285  -0.00526521
8.2243  2.93447e-05  0.000233115  -0.000381088  0.00181014  -0.0078277  -0.00519783
8.23661  2.86622e-05  0.000228567  -0.00037411  0.00178262  -0.00772802  -0.00513121
8.24893  2.79955e-05  0.000224107  -0.000367257  0.00175549  -0.00762944  -0.00506534
8.26124  2.73443e-05  0.000219732  -0.000360527  0.00172876  -0.00753196  -0.00500021
8.27355  2.67082e-05  0.000215442  -0.000353917  0.00170241  -0.00743555  -0.00493582
8.28586  2.60867e-05  0.000211234  -0.000347426  0.00167644  -0.0073402  -0.00487214
8.29817  2.54797e-05  0.000207107  -0.00034105  0.00165084  -0.0072459  -0.00480917
8.31048  2.48867e-05  0.000203059  -0.000334789  0.0016256  -0.00715263  -0.0047469
8.3228  2.43074e-05  0.000199088  -0.000328639  0.00160072  -0.00706038  -0.00468533
8.33511  2.37414e-05  0.000195194  -0.000322599  0.0015762  -0.00696914  -0.00462444
8.34742  2.31886e-05  0.000191374  -0.000316666  0.00155203  -0.00687889  -0.00456422
8.35973  2.26486e-05  0.000187627  -0.000310839  0.0015282  -0.00678962  -0.00450466
8.37204  2.2121e-05  0.000183952  -0.000305116  0.00150471  -0.00670132  -0.00444576
8.38436  2.16056e-05  0.000180347  -0.000299495  0.00148155  -0.00661397  -0.00438751
8.39667  2.11021e-05  0.000176811  -0.000293973  0.00145871  -0.00652756  -0.00432989
8.40898  2.06102e-05  0.000173343  -0.00028855  0.0014362  -0.00644208  -0.0042729
8.42129  2.01297e-05  0.00016994  -0.000283223  0.00141401  -0.00635752  -0.00421654
8.4336  1.96602e-05  0.000166603  -0.00027799  0.00139213  -0.00627386  -0.00416078
8.44591  1.92016e-05  0.000163329  -0.00027285  0.00137055  -0.00619109  -0.00410562
8.45823  1.87536e-05  0.000160117  -0.0002678  0.00134928  -0.00610921  -0.00405106
8.47054  1.83159e-05  0.000156967  -0.00026284  0.0013283  -0.00602819  -0.00399709
8.48285  1.78882e-05  0.000153876  -0.000257968  0.00130762  -0.00594802  -0.00394369
8.49516  1.74704e-05  0.000150844  -0.000253181  0.00128723  -0.0058687  -0.00389087
8.50747  1.70623e-05  0.00014787  -0.000248479  0.00126712  -0.00579022  -0.0038386
8.51979  1.66635e-05  0.000144952  -0.00024386  0.00124728  -0.00571255  -0.00378689
8.5321  1.62738e-05  0.000142089  -0.000239321  0.00122772  -0.0056357  -0.00373573
8.54441  1.58932e-05  0.000139281  -0.000234862  0.00120844  -0.00555964  -0.00368511
8.55672  1.55213e-05  0.000136525  -0.000230482  0.00118941  -0.00548438  -0.00363501
8.56903  1.51579e-05  0.000133822  -0.000226178  0.00117065  -0.00540989  -0.00358545
8.58134  1.48028e-05  0.000131169  -0.000221949  0.00115215  -0.00533616  -0.00353639
8.59366  1.4456e-05  0.000128567  -0.000217795  0.0011339  -0.00526319  -0.00348785
8.60597  1.4117e-05  0.000126013  -0.000213712  0.00111589  -0.00519097  -0.00343981
8.61828  1.37858e-05  0.000123507  -0.000209701  0.00109814  -0.00511948  -0.00339226
8.63059  1.34622e-05  0.000121049  -0.000205759  0.00108062  -0.00504872  -0.0033452
8.6429  1.3146e-05  0.000118636  -0.000201886  0.00106334  -0.00497867  -0.00329862
8.65522  1.28371e-05  0.000116269  -0.00019808  0.00104629  -0.00490932  -0.00325251
8.66753  1.25352e-05  0.000113946  -0.00019434  0.00102948  -0.00484067  -0.00320687
8.67984  1.22401e-05  0.000111666  -0.000190664  0.00101288  -0.0047727  -0.00316169
8.69215  1.19518e-05  0.000109429  -0.000187052  0.000996515  -0.00470541  -0.00311696
8.70446  1.16701e-05  0.000107234  -0.000183502  0.000980362  -0.00463878  -0.00307268
8.71677  1.13948e-05  0.000105079  -0.000180012  0.000964425  -0.0045728  -0.00302884
8.72909  1.11258e-05  0.000102964  -0.000176583  0.000948698  -0.00450747  -0.00298543
8.7414  1.08629e-05  0.000100888  -0.000173212  0.000933179  -0.00444278  -0.00294245
8.75371  1.06059e-05  9.88511e-05  -0.000169898  0.000917864  -0.00437871  -0.00289989
8.76602  1.03548e-05  9.68514e-05  -0.000166641  0.000902749  -0.00431526  -0.00285775
8.77833  1.01093e-05  9.48886e-05  -0.00016344  0.000887832  -0.00425242  -0.00281601
8.79065  9.86945e-06  9.29618e-05  -0.000160292  0.000873108  -0.00419018  -0.00277467
8.80296  9.63499e-06  9.10703e-05  -0.000157198  0.000858575  -0.00412853  -0.00273373
8.81527  9.40583e-06  8.92134e-05  -0.000154155  0.000844229  -0.00406746  -0.00269318
8.82758  9.18182e-06  8.73904e-05  -0.000151164  0.000830068  -0.00400696  -0.00265301
8.83989  8.96287e-06  8.56007e-05  -0.000148223  0.000816087  -0.00394703  -0.00261322
8.8522  8.74883e-06  8.38434e-05  -0.000145331  0.000802284  -0.00388765  -0.0025738
8.86452  8.5396e-06  8.2118e-05  -0.000142488  0.000788657  -0.00382882  -0.00253475
8.87683  8.33506e-06  8.04238e-05  -0.000139691  0.000775201  -0.00377052  -0.00249606
8.88914  8.1351e-06  7.87601e-05  -0.000136941  0.000761913  -0.00371276  -0.00245773
8.90145  7.9396e-06  7.71263e-05  -0.000134236  0.000748792  -0.00365552  -0.00241974
8.91376  7.74846e-06  7.55218e-05  -0.000131576  0.000735833  -0.00359879  -0.00238209
8.92608  7.56158e-06  7.39459e-05  -0.000128959  0.000723035  -0.00354257  -0.00234479
8.93839  7.37885e-06  7.23981e-05  -0.000126385  0.000710394  -0.00348685  -0.00230781
8.9507  7.20016e-06  7.08778e-05  -0.000123853  0.000697907  -0.00343162  -0.00227117
8.96301  7.02543e-06  6.93844e-05  -0.000121362  0.000685572  -0.00337686  -0.00223484
8.97532  6.85456e-06  6.79173e-05  -0.000118911  0.000673386  -0.00332258  -0.00219884
8.98763  6.68745e-06  6.64759e-05  -0.000116499  0.000661346  -0.00326877  -0.00216314
8.99995  6.52401e-06  6.50598e-05  -0.000114126  0.00064945  -0.00321542  -0.00212775
9.01226  6.36414e-06  6.36683e-05  -0.000111791  0.000637695  -0.00316251  -0.00209266
9.02457  6.20777e-06  6.2301e-05  -0.000109492  0.000626078  -0.00311005  -0.00205786
9.03688  6.05481e-06  6.09573e-05  -0.00010723  0.000614597  -0.00305803  -0.00202336
9.04919  5.90517e-06  5.96367e-05  -0.000105004  0.000603249  -0.00300643  -0.00198914
9.06151  5.75877e-06  5.83387e-05  -0.000102812  0.000592032  -0.00295526  -0.0019552
9.07382  5.61552e-06  5.70628e-05  -0.000100654  0.000580943  -0.0029045  -0.00192154
9.08613  5.47536e-06  5.58085e-05  -9.85288e-05  0.00056998  -0.00285414  -0.00188815
9.09844  5.3382e-06  5.45754e-05  -9.64367e-05  0.000559141  -0.00280419  -0.00185503
9.11075  5.20396e-06  5.33629e-05  -9.43764e-05  0.000548422  -0.00275462  -0.00182216
9.12306  5.07259e-06  5.21707e-05  -9.23473e-05  0.000537823  -0.00270545  -0.00178955
9.13538  4.94399e-06  5.09982e-05  -9.03487e-05  0.000527339  -0.00265665  -0.0017572
9.14769  4.8181e-06  4.9845e-05  -8.838e-05  0.00051697  -0.00260822  -0.00172509
9.16  4.69486e-06  4.87107e-05  -8.64404e-05  0.000506712  -0.00256015  -0.00169322
9.17231  4.57419e-06  4.75949e-05  -8.45294e-05  0.000496564  -0.00251245  -0.0016616
9.18462  4.45602e-06  4.6497e-05  -8.26463e-05  0.000486524  -0.00246509  -0.0016302
9.19694  4.3403e-06  4.54168e-05  -8.07905e-05  0.000476588  -0.00241808  -0.00159904
9.20925  4.22696e-06  4.43537e-05  -7.89614e-05  0.000466755  -0.00237141  -0.00156809
9.22156  4.11594e-06  4.33075e-05  -7.71583e-05  0.000457023  -0.00232506  -0.00153737
9.23387  4.00717e-06  4.22776e-05  -7.53807e-05  0.00044739  -0.00227905  -0.00150687
9.24618  3.9006e-06  4.12637e-05  -7.3628e-05  0.000437853  -0.00223334  -0.00147657
9.25849  3.79616e-06  4.02654e-05  -7.18995e-05  0.000428411  -0.00218796  -0.00144648
9.27081  3.69381e-06  3.92823e-05  -7.01948e-05  0.000419061  -0.00214287  -0.0014166
9.28312  3.59348e-06  3.83141e-05  -6.85132e-05  0.000409802  -0.00209809  -0.00138691
9.29543  3.49512e-06  3.73604e-05  -6.68542e-05  0.00040063  -0.00205359  -0.00135742
9.30774  3.39867e-06  3.64208e-05  -6.52172e-05  0.000391545  -0.00200938  -0.00132811
9.32005  3.30408e-06  3.5495e-05  -6.36018e-05  0.000382545  -0.00196546  -0.00129899
9.33237  3.21131e-06  3.45826e-05  -6.20073e-05  0.000373626  -0.0019218  -0.00127006
9.34468  3.12029e-06  3.36832e-05  -6.04332e-05  0.000364789  -0.00187842  -0.0012413
9.35699  3.03099e-06  3.27966e-05  -5.88791e-05  0.000356029  -0.00183529  -0.00121271
9.3693  2.94334e-06  3.19224e-05  -5.73444e-05  0.000347346  -0.00179242  -0.00118429
9.38161  2.8573e-06  3.10603e-05  -5.58285e-05  0.000338738  -0.0017498  -0.00115604
9.39392  2.77283e-06  3.02098e-05  -5.43311e-05  0.000330203  -0.00170742  -0.00112795
9.40624  2.68988e-06  2.93708e-05  -5.28515e-05  0.000321739  -0.00166528  -0.00110001
9.41855  2.6084e-06  2.85429e-05  -5.13894e-05  0.000313344  -0.00162337  -0.00107223
9.43086  2.52835e-06  2.77258e-05  -4.99441e-05  0.000305016  -0.00158169  -0.0010446
9.44317  2.44968e-06  2.69191e-05  -4.85153e-05  0.000296753  -0.00154023  -0.00101711
9.45548  2.37236e-06  2.61226e-05  -4.71025e-05  0.000288555  -0.00149898  -0.000989766
9.4678  2.29633e-06  2.53359e-05  -4.57052e-05  0.000280418  -0.00145793  -0.000962558
9.48011  2.22156e-06  2.45588e-05  -4.43229e-05  0.000272341  -0.0014171  -0.000935483
9.49242  2.14801e-06  2.3791e-05  -4.29552e-05  0.000264323  -0.00137645  -0.000908538
9.50473  2.07563e-06  2.30322e-05  -4.16017e-05  0.000256362  -0.001336  -0.000881719
9.51704  2.00438e-06  2.2282e-05  -4.02618e-05  0.000248455  -0.00129573  -0.000855023
9.52935  1.93424e-06  2.15403e-05  -3.89352e-05  0.000240602  -0.00125565  -0.000828445
9.54167  1.86515e-06  2.08066e-05  -3.76213e-05  0.0002328  -0.00121573  -0.000801982
9.55398  1.79708e-06  2.00809e-05  -3.63199e-05  0.000225048  -0.00117599  -0.00077563
9.56629  1.73e-06  1.93627e-05  -3.50304e-05  0.000217344  -0.00113641  -0.000749385
9.5786  1.66386e-06  1.86518e-05  -3.37524e-05  0.000209687  -0.00109698  -0.000723244
9.59091  1.59863e-06  1.79479e-05  -3.24855e-05  0.000202075  -0.00105771  -0.000697203
9.60323  1.53428e-06  1.72508e-05  -3.12292e-05  0.000194505  -0.00101858  -0.000671258
9.61554  1.47077e-06  1.65602e-05  -2.99833e-05  0.000186978  -0.000979597  -0.000645406
9.62785  1.40806e-06  1.58758e-05  -2.87471e-05  0.00017949  -0.000940747  -0.000619643
9.64016  1.34612e-06  1.51975e-05  -2.75205e-05  0.000172041  -0.000902027  -0.000593966
9.65247  1.28492e-06  1.45248e-05  -2.63028e-05  0.000164629  -0.000863432  -0.000568371
9.66478  1.22441e-06  1.38576e-05  -2.50938e-05  0.000157251  -0.000824956  -0.000542854
9.6771  1.16458e-06  1.31957e-05  -2.38931e-05  0.000149908  -0.000786595  -0.000517412
9.68941  1.10539e-06  1.25387e-05  -2.27002e-05  0.000142596  -0.000748341  -0.000492041
9.70172  1.0468e-06  1.18864e-05  -2.15147e-05  0.000135315  -0.000710192  -0.000466738
9.71403  9.88782e-07  1.12387e-05  -2.03363e-05  0.000128062  -0.00067214  -0.000441499
9.72634  9.31306e-07  1.05951e-05  -1.91646e-05  0.000120837  -0.000634181  -0.000416321
9.73866  8.74338e-07  9.95554e-06  -1.79991e-05  0.000113638  -0.000596309  -0.000391201
9.75097  8.17848e-07  9.31972e-06  -1.68396e-05  0.000106463  -0.00055852  -0.000366134
9.76328  7.61805e-07  8.68741e-06  -1.56856e-05  9.93106e-05  -0.000520808  -0.000341117
9.77559  7.06178e-07  8.05837e-06  -1.45367e-05  9.21794e-05  -0.000483167  -0.000316147
9.7879  6.50937e-07  7.43236e-06  -1.33927e-05  8.50678e-05  -0.000445593  -0.000291221
9.80021  5.96052e-07  6.80915e-06  -1.22529e-05  7.79743e-05  -0.000408081  -0.000266334
9.81253  5.41493e-07  6.18851e-06  -1.11173e-05  7.08974e-05  -0.000370625  -0.000241484
9.82484  4.87229e-07  5.57019e-06  -9.98522e-06  6.38356e-05  -0.00033322  -0.000216668
9.83715  4.33232e-07  4.95396e-06  -8.85646e-06  5.67874e-05  -0.00029586  -0.000191881
9.84946  3.79471e-07  4.3396e-06  -7.73059e-06  4.97512e-05  -0.000258542  -0.00016712
