8e-06  5.79622e-06  5.38314e-09  1.12946e-11  7.65768e-12  6.74867e-06  1.26891e-14
0.0123198  0.00892586  5.7905e-05  -5.35924e-05  3.0575e-07  0.0103923  -3.05986e-07
0.0246316  0.0178444  0.000228243  -0.000214226  2.29097e-06  0.0207737  -2.05934e-06
0.0369435  0.02676  0.000512607  -0.000481874  7.66373e-06  0.0311468  -6.85128e-06
0.0492553  0.035671  0.000910743  -0.000856497  1.81235e-05  0.0415074  -1.61938e-05
0.0615671  0.044576  0.00142246  -0.00133804  3.53627e-05  0.0518514  -3.15989e-05
0.0738789  0.0534734  0.00204757  -0.00192642  6.10695e-05  0.0621747  -5.45783e-05
0.0861907  0.0623618  0.00278587  -0.00262156  9.69272e-05  0.072473  -8.66429e-05
0.0985025  0.0712397  0.00363712  -0.00342334  0.000144614  0.0827424  -0.000129302
0.110814  0.0801055  0.00460103  -0.00433164  0.000205802  0.0929787  -0.000184063
0.123126  0.0889579  0.0056773  -0.00534632  0.000282156  0.103178  -0.00025243
0.135438  0.0977952  0.00686559  -0.00646721  0.000375334  0.113335  -0.000335907
0.14775  0.106616  0.00816551  -0.00769415  0.000486984  0.123448  -0.000435991
0.160062  0.115419  0.00957664  -0.00902692  0.000618744  0.133511  -0.000554179
0.172373  0.124203  0.0110985  -0.0104653  0.000772244  0.14352  -0.000691962
0.184685  0.132965  0.0127307  -0.0120091  0.0009491  0.153472  -0.000850827
0.196997  0.141705  0.0144727  -0.0136581  0.00115092  0.163362  -0.00103226
0.209309  0.150422  0.0163238  -0.0154119  0.00137929  0.173187  -0.00123773
0.221621  0.159113  0.0182835  -0.0172702  0.00163579  0.182943  -0.00146872
0.233933  0.167778  0.0203513  -0.0192329  0.00192199  0.192625  -0.00172669
0.246244  0.176415  0.0225263  -0.0212994  0.00223943  0.202229  -0.00201309
0.258556  0.185022  0.024808  -0.0234695  0.00258965  0.211753  -0.00232939
0.270868  0.193599  0.0271956  -0.0257427  0.00297416  0.221192  -0.00267702
0.28318  0.202143  0.0296884  -0.0281188  0.00339446  0.230541  -0.00305742
0.295492  0.210654  0.0322855  -0.0305971  0.00385202  0.239798  -0.00347201
0.307803  0.21913  0.0349861  -0.0331774  0.00434831  0.248959  -0.00392221
0.320115  0.227569  0.0377894  -0.035859  0.00488476  0.25802  -0.00440944
0.332427  0.235971  0.0406946  -0.0386415  0.0054628  0.266977  -0.00493507
0.344739  0.244334  0.0437005  -0.0415244  0.00608381  0.275826  -0.0055005
0.357051  0.252657  0.0468064  -0.0445071  0.00674918  0.284565  -0.0061071
0.369363  0.260939  0.0500113  -0.047589  0.00746026  0.293189  -0.00675621
0.381674  0.269178  0.0533141  -0.0507694  0.00821837  0.301695  -0.00744919
0.393986  0.277372  0.0567137  -0.0540479  0.00902481  0.310079  -0.00818736
0.406298  0.285522  0.0602092  -0.0574235  0.00988086  0.318338  -0.00897204
0.41861  0.293625  0.0637994  -0.0608958  0.0107878  0.326469  -0.00980451
0.430922  0.30168  0.0674832  -0.0644639  0.0117468  0.334469  -0.010686
0.443233  0.309686  0.0712595  -0.068127  0.0127591  0.342333  -0.0116179
0.455545  0.317643  0.075127  -0.0718844  0.0138258  0.350059  -0.0126014
0.467857  0.325548  0.0790845  -0.0757352  0.0149482  0.357644  -0.0136376
0.480169  0.3334  0.0831309  -0.0796785  0.0161273  0.365085  -0.0147278
0.492481  0.3412  0.0872648  -0.0837135  0.0173642  0.372378  -0.0158731
0.504792  0.348944  0.091485  -0.0878392  0.0186599  0.37952  -0.0170748
0.517104  0.356633  0.0957901  -0.0920546  0.0200155  0.386509  -0.0183339
0.529416  0.364266  0.100179  -0.0963588  0.0214319  0.393342  -0.0196514
0.541728  0.37184  0.10465  -0.100751  0.0229102  0.400016  -0.0210286
0.55404  0.379356  0.109202  -0.105229  0.0244513  0.406528  -0.0224664
0.566352  0.386811  0.113833  -0.109793  0.0260559  0.412875  -0.0239659
0.578663  0.394206  0.118542  -0.114441  0.0277251  0.419055  -0.025528
0.590975  0.401539  0.123328  -0.119173  0.0294597  0.425066  -0.0271536
0.603287  0.40881  0.12819  -0.123986  0.0312603  0.430904  -0.0288437
0.615599  0.416016  0.133124  -0.12888  0.0331279  0.436568  -0.0305992
0.627911  0.423158  0.138131  -0.133853  0.035063  0.442055  -0.032421
0.640222  0.430234  0.143208  -0.138905  0.0370665  0.447363  -0.0343097
0.652534  0.437244  0.148355  -0.144033  0.0391389  0.452489  -0.0362663
0.664846  0.444186  0.153568  -0.149236  0.0412809  0.457432  -0.0382914
0.677158  0.45106  0.158848  -0.154513  0.043493  0.462189  -0.0403857
0.68947  0.457865  0.164192  -0.159862  0.0457758  0.466759  -0.04255
0.701782  0.464601  0.169598  -0.165281  0.0481298  0.47114  -0.0447847
0.714093  0.471265  0.175066  -0.17077  0.0505555  0.47533  -0.0470906
0.726405  0.477859  0.180593  -0.176327  0.0530532  0.479327  -0.049468
0.738717  0.48438  0.186177  -0.181949  0.0556235  0.48313  -0.0519176
0.751029  0.490828  0.191817  -0.187636  0.0582665  0.486736  -0.0544397
0.763341  0.497202  0.197512  -0.193385  0.0609828  0.490145  -0.0570347
0.775652  0.503502  0.203259  -0.199195  0.0637724  0.493356  -0.059703
0.787964  0.509727  0.209057  -0.205063  0.0666357  0.496366  -0.0624449
0.800276  0.515877  0.214903  -0.210989  0.0695729  0.499175  -0.0652607
0.812588  0.521949  0.220798  -0.21697  0.0725841  0.501782  -0.0681504
0.8249  0.527945  0.226737  -0.223004  0.0756694  0.504185  -0.0711144
0.837212  0.533863  0.232721  -0.22909  0.078829  0.506384  -0.0741526
0.849523  0.539703  0.238746  -0.235225  0.0820628  0.508378  -0.0772652
0.861835  0.545464  0.244811  -0.241408  0.0853708  0.510166  -0.0804521
0.874147  0.551146  0.250915  -0.247636  0.0887531  0.511747  -0.0837133
0.886459  0.556748  0.257055  -0.253907  0.0922095  0.513121  -0.0870487
0.898771  0.562269  0.26323  -0.26022  0.0957399  0.514287  -0.0904581
0.911082  0.567709  0.269438  -0.266572  0.0993442  0.515245  -0.0939413
0.923394  0.573067  0.275677  -0.272961  0.103022  0.515995  -0.0974981
0.935706  0.578344  0.281944  -0.279384  0.106773  0.516535  -0.101128
0.948018  0.583538  0.288239  -0.285841  0.110598  0.516868  -0.104831
0.96033  0.588648  0.29456  -0.292328  0.114495  0.516991  -0.108606
0.972642  0.593676  0.300904  -0.298843  0.118465  0.516906  -0.112453
0.984953  0.598619  0.307269  -0.305384  0.122507  0.516611  -0.116372
0.997265  0.603478  0.313655  -0.311948  0.12662  0.516109  -0.120362
1.00958  0.608253  0.320058  -0.318534  0.130804  0.515398  -0.124421
1.02189  0.612942  0.326477  -0.325139  0.13506  0.51448  -0.12855
1.0342  0.617546  0.33291  -0.331761  0.139385  0.513354  -0.132748
1.04651  0.622063  0.339355  -0.338397  0.143779  0.512022  -0.137014
1.05882  0.626495  0.345811  -0.345046  0.148243  0.510483  -0.141348
1.07114  0.63084  0.352275  -0.351704  0.152774  0.50874  -0.145747
1.08345  0.635098  0.358745  -0.358369  0.157373  0.506792  -0.150212
1.09576  0.639268  0.36522  -0.365039  0.162039  0.50464  -0.15474
1.10807  0.643352  0.371698  -0.371712  0.16677  0.502286  -0.159333
1.12038  0.647347  0.378176  -0.378385  0.171567  0.49973  -0.163987
1.1327  0.651254  0.384653  -0.385056  0.176427  0.496974  -0.168703
1.14501  0.655073  0.391127  -0.391722  0.181351  0.494019  -0.173478
1.15732  0.658803  0.397596  -0.398381  0.186338  0.490867  -0.178312
1.16963  0.662444  0.404058  -0.40503  0.191385  0.487517  -0.183203
1.18194  0.665996  0.410511  -0.411668  0.196493  0.483973  -0.188151
1.19425  0.669458  0.416953  -0.418292  0.20166  0.480236  -0.193153
1.20657  0.672831  0.423383  -0.424898  0.206886  0.476307  -0.198208
1.21888  0.676115  0.429798  -0.431486  0.212168  0.472188  -0.203315
1.23119  0.679308  0.436197  -0.438053  0.217507  0.467881  -0.208473
1.2435  0.682411  0.442577  -0.444596  0.2229  0.463387  -0.21368
1.25581  0.685423  0.448938  -0.451113  0.228346  0.458709  -0.218934
1.26813  0.688346  0.455276  -0.457601  0.233845  0.453849  -0.224233
1.28044  0.691177  0.46159  -0.464059  0.239395  0.448807  -0.229578
1.29275  0.693918  0.467878  -0.470484  0.244994  0.443588  -0.234964
1.30506  0.696567  0.474139  -0.476874  0.250641  0.438192  -0.240392
1.31737  0.699126  0.48037  -0.483226  0.256336  0.432622  -0.245858
1.32968  0.701594  0.48657  -0.489538  0.262075  0.426881  -0.251362
1.342  0.70397  0.492736  -0.495809  0.267859  0.42097  -0.256902
1.35431  0.706255  0.498868  -0.502035  0.273685  0.414893  -0.262476
1.36662  0.708449  0.504962  -0.508215  0.279552  0.408651  -0.268083
1.37893  0.710551  0.511018  -0.514347  0.285459  0.402246  -0.273719
1.39124  0.712562  0.517033  -0.520428  0.291403  0.395683  -0.279384
1.40356  0.714481  0.523006  -0.526457  0.297383  0.388963  -0.285076
1.41587  0.716308  0.528935  -0.532431  0.303398  0.382088  -0.290793
1.42818  0.718044  0.534818  -0.538348  0.309446  0.375063  -0.296533
1.44049  0.719689  0.540653  -0.544207  0.315525  0.367888  -0.302294
1.4528  0.721242  0.546439  -0.550005  0.321634  0.360568  -0.308075
1.46511  0.722703  0.552174  -0.55574  0.32777  0.353104  -0.313872
1.47743  0.724073  0.557856  -0.561411  0.333933  0.345501  -0.319686
1.48974  0.725351  0.563484  -0.567016  0.340119  0.33776  -0.325513
1.50205  0.726537  0.569055  -0.572553  0.346328  0.329886  -0.331351
1.51436  0.727633  0.574568  -0.57802  0.352558  0.321879  -0.3372
1.52667  0.728637  0.580021  -0.583416  0.358806  0.313745  -0.343056
1.53899  0.72955  0.585414  -0.588738  0.365071  0.305485  -0.348918
1.5513  0.730372  0.590743  -0.593985  0.371351  0.297104  -0.354784
1.56361  0.731102  0.596008  -0.599156  0.377643  0.288603  -0.360653
1.57592  0.731742  0.601206  -0.604249  0.383947  0.279987  -0.366521
1.58823  0.732291  0.606337  -0.609262  0.39026  0.271258  -0.372388
1.60054  0.73275  0.611399  -0.614194  0.39658  0.26242  -0.378252
1.61286  0.733118  0.61639  -0.619043  0.402905  0.253475  -0.38411
1.62517  0.733396  0.621308  -0.623809  0.409234  0.244428  -0.38996
1.63748  0.733584  0.626153  -0.628489  0.415563  0.23528  -0.395802
1.64979  0.733682  0.630922  -0.633082  0.421891  0.226037  -0.401632
1.6621  0.733691  0.635614  -0.637588  0.428216  0.2167  -0.40745
1.67442  0.73361  0.640228  -0.642004  0.434536  0.207274  -0.413253
1.68673  0.733441  0.644762  -0.646331  0.440849  0.197761  -0.41904
1.69904  0.733182  0.649216  -0.650565  0.447153  0.188165  -0.424808
1.71135  0.732835  0.653586  -0.654707  0.453445  0.17849  -0.430556
1.72366  0.7324  0.657873  -0.658756  0.459724  0.168738  -0.436283
1.73597  0.731876  0.662075  -0.662709  0.465987  0.158913  -0.441986
1.74829  0.731266  0.66619  -0.666568  0.472232  0.149019  -0.447663
1.7606  0.730568  0.670217  -0.670329  0.478458  0.139058  -0.453314
1.77291  0.729783  0.674155  -0.673993  0.484661  0.129035  -0.458936
1.78522  0.728912  0.678003  -0.677559  0.49084  0.118952  -0.464528
1.79753  0.727955  0.68176  -0.681026  0.496993  0.108814  -0.470088
1.80985  0.726912  0.685424  -0.684393  0.503118  0.0986235  -0.475614
1.82216  0.725784  0.688994  -0.687659  0.509211  0.0883838  -0.481105
1.83447  0.724572  0.692469  -0.690825  0.515273  0.0780985  -0.48656
1.84678  0.723275  0.695849  -0.693888  0.521299  0.0677711  -0.491976
1.85909  0.721894  0.699131  -0.696849  0.527288  0.0574049  -0.497352
1.8714  0.720431  0.702315  -0.699707  0.533237  0.0470036  -0.502687
1.88372  0.718884  0.705401  -0.702462  0.539146  0.0365703  -0.507979
1.89603  0.717256  0.708386  -0.705113  0.545011  0.0261087  -0.513227
1.90834  0.715546  0.71127  -0.707659  0.55083  0.0156221  -0.518429
1.92065  0.713755  0.714053  -0.710101  0.556602  0.00511389  -0.523585
1.93296  0.711883  0.716733  -0.712438  0.562324  -0.00541246  -0.528691
1.94528  0.709932  0.719309  -0.71467  0.567993  -0.0159536  -0.533748
1.95759  0.707902  0.721782  -0.716796  0.573609  -0.0265061  -0.538753
1.9699  0.705794  0.724149  -0.718816  0.579169  -0.0370665  -0.543706
1.98221  0.703607  0.726411  -0.72073  0.58467  -0.0476316  -0.548606
1.99452  0.701344  0.728566  -0.722538  0.590112  -0.0581979  -0.55345
2.00683  0.699005  0.730615  -0.724241  0.595491  -0.0687621  -0.558238
2.01915  0.69659  0.732555  -0.725836  0.600806  -0.0793208  -0.562968
2.03146  0.6941  0.734388  -0.727326  0.606054  -0.0898708  -0.56764
2.04377  0.691536  0.736112  -0.728709  0.611235  -0.100409  -0.572251
2.05608  0.688899  0.737727  -0.729986  0.616345  -0.110931  -0.576802
2.06839  0.68619  0.739232  -0.731157  0.621383  -0.121435  -0.581291
2.08071  0.683409  0.740627  -0.732222  0.626347  -0.131917  -0.585716
2.09302  0.680558  0.741912  -0.733182  0.631235  -0.142373  -0.590078
2.10533  0.677637  0.743087  -0.734035  0.636045  -0.152802  -0.594373
2.11764  0.674648  0.74415  -0.734783  0.640776  -0.163198  -0.598603
2.12995  0.67159  0.745102  -0.735426  0.645425  -0.17356  -0.602765
2.14226  0.668465  0.745943  -0.735964  0.649991  -0.183884  -0.606859
2.15458  0.665275  0.746673  -0.736398  0.654473  -0.194167  -0.610884
2.16689  0.662019  0.747291  -0.736727  0.658867  -0.204406  -0.614838
2.1792  0.6587  0.747797  -0.736952  0.663174  -0.214597  -0.618722
2.19151  0.655318  0.748192  -0.737074  0.66739  -0.224738  -0.622533
2.20382  0.651873  0.748475  -0.737093  0.671515  -0.234826  -0.626272
2.21614  0.648368  0.748647  -0.73701  0.675547  -0.244857  -0.629937
2.22845  0.644803  0.748707  -0.736825  0.679484  -0.254829  -0.633527
2.24076  0.64118  0.748656  -0.736538  0.683325  -0.264738  -0.637043
2.25307  0.637499  0.748494  -0.73615  0.687068  -0.274582  -0.640482
2.26538  0.633761  0.748221  -0.735662  0.690713  -0.284358  -0.643845
2.27769  0.629968  0.747838  -0.735074  0.694257  -0.294063  -0.64713
2.29001  0.626121  0.747344  -0.734387  0.697699  -0.303694  -0.650336
2.30232  0.622222  0.746741  -0.733602  0.701039  -0.313248  -0.653464
2.31463  0.61827  0.746028  -0.732719  0.704274  -0.322723  -0.656513
2.32694  0.614268  0.745207  -0.73174  0.707404  -0.332116  -0.659481
2.33925  0.610216  0.744277  -0.730664  0.710427  -0.341424  -0.662369
2.35157  0.606116  0.743239  -0.729492  0.713342  -0.350645  -0.665175
2.36388  0.60197  0.742094  -0.728227  0.716149  -0.359775  -0.667899
2.37619  0.597778  0.740842  -0.726867  0.718846  -0.368813  -0.670541
2.3885  0.593541  0.739485  -0.725414  0.721432  -0.377756  -0.673099
2.40081  0.589262  0.738022  -0.723869  0.723906  -0.386601  -0.675574
2.41312  0.58494  0.736455  -0.722233  0.726268  -0.395345  -0.677965
2.42544  0.580578  0.734785  -0.720507  0.728517  -0.403988  -0.680272
2.43775  0.576177  0.733011  -0.718692  0.730652  -0.412525  -0.682494
2.45006  0.571738  0.731136  -0.716788  0.732672  -0.420956  -0.68463
2.46237  0.567263  0.72916  -0.714796  0.734576  -0.429276  -0.68668
2.47468  0.562752  0.727084  -0.712719  0.736364  -0.437486  -0.688644
2.48699  0.558208  0.724909  -0.710556  0.738036  -0.445581  -0.690522
2.49931  0.553631  0.722636  -0.708308  0.739591  -0.45356  -0.692313
2.51162  0.549022  0.720266  -0.705978  0.741028  -0.461422  -0.694016
2.52393  0.544384  0.7178  -0.703565  0.742348  -0.469163  -0.695632
2.53624  0.539718  0.71524  -0.701071  0.743549  -0.476783  -0.69716
2.54855  0.535024  0.712587  -0.698497  0.744632  -0.484278  -0.6986
2.56087  0.530305  0.709841  -0.695844  0.745596  -0.491648  -0.699952
2.57318  0.525561  0.707005  -0.693113  0.746441  -0.49889  -0.701216
2.58549  0.520794  0.704079  -0.690306  0.747167  -0.506003  -0.70239
2.5978  0.516006  0.701065  -0.687423  0.747774  -0.512985  -0.703476
2.61011  0.511197  0.697963  -0.684467  0.748261  -0.519834  -0.704472
2.62242  0.506369  0.694777  -0.681437  0.74863  -0.526549  -0.70538
2.63474  0.501524  0.691506  -0.678336  0.74888  -0.533128  -0.706198
2.64705  0.496663  0.688152  -0.675164  0.749012  -0.539571  -0.706927
2.65936  0.491786  0.684718  -0.671922  0.749024  -0.545874  -0.707567
2.67167  0.486896  0.681203  -0.668613  0.748919  -0.552038  -0.708117
2.68398  0.481994  0.677611  -0.665237  0.748696  -0.55806  -0.708577
2.6963  0.477082  0.673942  -0.661796  0.748355  -0.56394  -0.708949
2.70861  0.472159  0.670198  -0.65829  0.747897  -0.569677  -0.709231
2.72092  0.467229  0.66638  -0.654722  0.747322  -0.575268  -0.709423
2.73323  0.462292  0.66249  -0.651092  0.746632  -0.580715  -0.709526
2.74554  0.457349  0.658531  -0.647403  0.745826  -0.586014  -0.709541
2.75785  0.452402  0.654503  -0.643654  0.744905  -0.591166  -0.709466
2.77017  0.447452  0.650408  -0.639848  0.743871  -0.59617  -0.709302
2.78248  0.442501  0.646248  -0.635986  0.742723  -0.601025  -0.70905
2.79479  0.437549  0.642024  -0.632069  0.741462  -0.60573  -0.70871
2.8071  0.432598  0.637739  -0.628099  0.74009  -0.610285  -0.708281
2.81941  0.427649  0.633394  -0.624077  0.738607  -0.614688  -0.707765
2.83173  0.422703  0.62899  -0.620005  0.737014  -0.61894  -0.707161
2.84404  0.417763  0.62453  -0.615883  0.735313  -0.623041  -0.70647
2.85635  0.412828  0.620016  -0.611714  0.733504  -0.626989  -0.705692
2.86866  0.4079  0.615449  -0.607499  0.731588  -0.630785  -0.704828
2.88097  0.40298  0.61083  -0.603238  0.729567  -0.634428  -0.703877
2.89328  0.39807  0.606163  -0.598935  0.727442  -0.637919  -0.702841
2.9056  0.39317  0.601448  -0.59459  0.725214  -0.641256  -0.70172
2.91791  0.388282  0.596688  -0.590204  0.722884  -0.644441  -0.700515
2.93022  0.383407  0.591883  -0.585779  0.720453  -0.647473  -0.699225
2.94253  0.378546  0.587037  -0.581316  0.717924  -0.650352  -0.697852
2.95484  0.3737  0.582151  -0.576818  0.715297  -0.653079  -0.696396
2.96716  0.36887  0.577227  -0.572285  0.712575  -0.655654  -0.694858
2.97947  0.364057  0.572266  -0.567719  0.709757  -0.658077  -0.693238
2.99178  0.359262  0.567271  -0.563121  0.706847  -0.660349  -0.691538
3.00409  0.354486  0.562243  -0.558492  0.703845  -0.66247  -0.689757
3.0164  0.349731  0.557185  -0.553835  0.700753  -0.66444  -0.687897
3.02871  0.344997  0.552097  -0.549151  0.697573  -0.666261  -0.685958
3.04103  0.340285  0.546983  -0.544441  0.694306  -0.667933  -0.683942
3.05334  0.335596  0.541843  -0.539707  0.690955  -0.669457  -0.681848
3.06565  0.330931  0.536679  -0.534949  0.687521  -0.670834  -0.679679
3.07796  0.326291  0.531494  -0.530171  0.684005  -0.672064  -0.677434
3.09027  0.321677  0.526289  -0.525372  0.68041  -0.673149  -0.675115
3.10259  0.317089  0.521066  -0.520555  0.676737  -0.674089  -0.672723
3.1149  0.312529  0.515826  -0.51572  0.672988  -0.674886  -0.670259
3.12721  0.307997  0.510572  -0.51087  0.669166  -0.67554  -0.667723
3.13952  0.303494  0.505306  -0.506006  0.665271  -0.676054  -0.665118
3.15183  0.299021  0.500028  -0.501129  0.661306  -0.676428  -0.662443
3.16414  0.294579  0.494742  -0.496241  0.657273  -0.676664  -0.6597
3.17646  0.290168  0.489447  -0.491343  0.653174  -0.676763  -0.65689
3.18877  0.285788  0.484147  -0.486436  0.649011  -0.676726  -0.654015
3.20108  0.281442  0.478843  -0.481523  0.644786  -0.676556  -0.651075
3.21339  0.277129  0.473536  -0.476603  0.6405  -0.676253  -0.648072
3.2257  0.27285  0.468229  -0.47168  0.636156  -0.67582  -0.645007
3.23802  0.268605  0.462922  -0.466753  0.631757  -0.675257  -0.641881
3.25033  0.264396  0.457618  -0.461825  0.627303  -0.674567  -0.638695
3.26264  0.260222  0.452318  -0.456896  0.622797  -0.673752  -0.635451
3.27495  0.256084  0.447023  -0.451969  0.618241  -0.672812  -0.632151
3.28726  0.251984  0.441736  -0.447044  0.613637  -0.671751  -0.628795
3.29957  0.24792  0.436457  -0.442123  0.608987  -0.67057  -0.625384
3.31189  0.243894  0.431189  -0.437207  0.604294  -0.669272  -0.621921
3.3242  0.239907  0.425932  -0.432297  0.599558  -0.667857  -0.618407
3.33651  0.235958  0.420688  -0.427394  0.594784  -0.666328  -0.614842
3.34882  0.232048  0.415459  -0.4225  0.589971  -0.664687  -0.61123
3.36113  0.228177  0.410245  -0.417617  0.585123  -0.662937  -0.60757
3.37345  0.224346  0.405049  -0.412744  0.580242  -0.661079  -0.603864
3.38576  0.220555  0.399871  -0.407884  0.575329  -0.659115  -0.600114
3.39807  0.216804  0.394713  -0.403037  0.570387  -0.657049  -0.596322
3.41038  0.213094  0.389577  -0.398205  0.565418  -0.654881  -0.592488
3.42269  0.209425  0.384462  -0.393389  0.560423  -0.652614  -0.588615
3.435  0.205797  0.379371  -0.38859  0.555404  -0.650251  -0.584704
3.44732  0.202211  0.374305  -0.383809  0.550365  -0.647794  -0.580756
3.45963  0.198666  0.369265  -0.379047  0.545305  -0.645245  -0.576772
3.47194  0.195162  0.364252  -0.374304  0.540229  -0.642607  -0.572756
3.48425  0.191701  0.359267  -0.369583  0.535137  -0.639881  -0.568707
3.49656  0.188281  0.354312  -0.364884  0.530031  -0.63707  -0.564627
3.50888  0.184903  0.349386  -0.360208  0.524913  -0.634177  -0.560519
3.52119  0.181568  0.344491  -0.355556  0.519786  -0.631204  -0.556383
3.5335  0.178275  0.339629  -0.350929  0.51465  -0.628153  -0.552221
3.54581  0.175024  0.3348  -0.346328  0.509508  -0.625026  -0.548034
3.55812  0.171815  0.330004  -0.341753  0.504361  -0.621827  -0.543825
3.57043  0.168649  0.325243  -0.337206  0.499212  -0.618557  -0.539594
3.58275  0.165525  0.320518  -0.332687  0.494062  -0.615219  -0.535343
3.59506  0.162443  0.31583  -0.328197  0.488912  -0.611814  -0.531073
3.60737  0.159404  0.311178  -0.323736  0.483765  -0.608347  -0.526787
3.61968  0.156407  0.306564  -0.319307  0.478622  -0.604818  -0.522485
3.63199  0.153451  0.301989  -0.314908  0.473484  -0.601231  -0.518169
3.64431  0.150538  0.297452  -0.310542  0.468353  -0.597587  -0.51384
3.65662  0.147667  0.292956  -0.306208  0.463231  -0.593889  -0.509499
3.66893  0.144837  0.2885  -0.301907  0.458119  -0.590139  -0.505149
3.68124  0.142049  0.284084  -0.29764  0.453019  -0.586339  -0.500791
3.69355  0.139302  0.27971  -0.293407  0.447932  -0.582492  -0.496425
3.70586  0.136596  0.275378  -0.28921  0.442859  -0.578601  -0.492054
3.71818  0.133931  0.271089  -0.285047  0.437802  -0.574666  -0.487678
3.73049  0.131308  0.266842  -0.280921  0.432762  -0.570691  -0.4833
3.7428  0.128724  0.262638  -0.276831  0.427741  -0.566678  -0.478919
3.75511  0.126182  0.258478  -0.272777  0.422739  -0.562628  -0.474538
3.76742  0.123679  0.254361  -0.268761  0.417758  -0.558544  -0.470158
3.77974  0.121216  0.250289  -0.264783  0.412799  -0.554429  -0.465779
3.79205  0.118792  0.246261  -0.260842  0.407863  -0.550283  -0.461404
3.80436  0.116408  0.242278  -0.25694  0.402951  -0.546109  -0.457033
3.81667  0.114063  0.23834  -0.253076  0.398065  -0.54191  -0.452668
3.82898  0.111757  0.234446  -0.249251  0.393205  -0.537687  -0.44831
3.84129  0.109489  0.230598  -0.245466  0.388372  -0.533441  -0.443959
3.85361  0.107259  0.226795  -0.241719  0.383568  -0.529176  -0.439617
3.86592  0.105066  0.223038  -0.238012  0.378793  -0.524893  -0.435285
3.87823  0.102911  0.219326  -0.234345  0.374048  -0.520593  -0.430964
3.89054  0.100793  0.21566  -0.230718  0.369333  -0.516278  -0.426655
3.90285  0.0987119  0.212039  -0.227131  0.364651  -0.511951  -0.422359
3.91517  0.0966668  0.208464  -0.223584  0.36  -0.507613  -0.418077
3.92748  0.0946577  0.204934  -0.220078  0.355383  -0.503266  -0.41381
3.93979  0.0926841  0.20145  -0.216611  0.3508  -0.498911  -0.409558
3.9521  0.0907456  0.198012  -0.213186  0.346251  -0.49455  -0.405323
3.96441  0.088842  0.194619  -0.2098  0.341738  -0.490184  -0.401106
3.97672  0.0869727  0.191271  -0.206455  0.33726  -0.485816  -0.396906
3.98904  0.0851374  0.187969  -0.203151  0.332818  -0.481446  -0.392726
4.00135  0.0833356  0.184711  -0.199887  0.328414  -0.477076  -0.388566
4.01366  0.0815671  0.181499  -0.196663  0.324046  -0.472708  -0.384426
4.02597  0.0798313  0.178331  -0.19348  0.319716  -0.468342  -0.380307
4.03828  0.0781278  0.175207  -0.190337  0.315425  -0.463981  -0.376211
4.0506  0.0764563  0.172128  -0.187234  0.311172  -0.459625  -0.372137
4.06291  0.0748163  0.169093  -0.184171  0.306958  -0.455276  -0.368086
4.07522  0.0732074  0.166102  -0.181148  0.302783  -0.450935  -0.364059
4.08753  0.0716292  0.163155  -0.178165  0.298647  -0.446603  -0.360057
4.09984  0.0700813  0.160251  -0.175222  0.294552  -0.442281  -0.356079
4.11215  0.0685632  0.157389  -0.172318  0.290496  -0.437971  -0.352127
4.12447  0.0670745  0.154571  -0.169453  0.286481  -0.433674  -0.348201
4.13678  0.0656148  0.151795  -0.166628  0.282507  -0.42939  -0.344301
4.14909  0.0641837  0.149061  -0.163841  0.278573  -0.42512  -0.340429
4.1614  0.0627807  0.146369  -0.161093  0.27468  -0.420867  -0.336583
4.17371  0.0614055  0.143719  -0.158384  0.270827  -0.416629  -0.332766
4.18603  0.0600575  0.14111  -0.155713  0.267016  -0.412409  -0.328976
4.19834  0.0587365  0.138541  -0.15308  0.263246  -0.408208  -0.325215
4.21065  0.0574419  0.136013  -0.150484  0.259517  -0.404025  -0.321483
4.22296  0.0561734  0.133524  -0.147926  0.255829  -0.399862  -0.31778
4.23527  0.0549305  0.131076  -0.145405  0.252183  -0.39572  -0.314107
4.24758  0.0537128  0.128667  -0.142921  0.248577  -0.3916  -0.310463
4.2599  0.05252  0.126296  -0.140474  0.245013  -0.387501  -0.306849
4.27221  0.0513515  0.123964  -0.138063  0.24149  -0.383425  -0.303265
4.28452  0.050207  0.12167  -0.135688  0.238008  -0.379372  -0.299712
4.29683  0.0490862  0.119414  -0.133348  0.234567  -0.375343  -0.296189
4.30914  0.0479885  0.117195  -0.131044  0.231167  -0.371339  -0.292697
4.32146  0.0469136  0.115013  -0.128775  0.227807  -0.36736  -0.289235
4.33377  0.0458612  0.112867  -0.126541  0.224488  -0.363406  -0.285805
4.34608  0.0448307  0.110757  -0.124341  0.22121  -0.359479  -0.282406
4.35839  0.0438219  0.108683  -0.122174  0.217972  -0.355578  -0.279038
4.3707  0.0428343  0.106643  -0.120042  0.214774  -0.351703  -0.275702
4.38301  0.0418675  0.104639  -0.117943  0.211616  -0.347856  -0.272397
4.39533  0.0409213  0.102669  -0.115877  0.208497  -0.344037  -0.269123
4.40764  0.0399951  0.100732  -0.113843  0.205418  -0.340246  -0.265881
4.41995  0.0390888  0.0988293  -0.111842  0.202379  -0.336483  -0.262671
4.43226  0.0382017  0.0969591  -0.109872  0.199378  -0.332749  -0.259492
4.44457  0.0373337  0.0951216  -0.107934  0.196417  -0.329044  -0.256344
4.45689  0.0364844  0.093316  -0.106027  0.193494  -0.325369  -0.253228
4.4692  0.0356534  0.0915422  -0.104151  0.190609  -0.321722  -0.250144
4.48151  0.0348403  0.0897995  -0.102306  0.187762  -0.318106  -0.24709
4.49382  0.0340449  0.0880876  -0.10049  0.184954  -0.314519  -0.244069
4.50613  0.0332668  0.086406  -0.0987042  0.182182  -0.310962  -0.241078
4.51844  0.0325056  0.0847543  -0.0969475  0.179448  -0.307436  -0.238119
4.53076  0.031761  0.0831321  -0.0952198  0.176751  -0.303939  -0.235191
4.54307  0.0310327  0.0815389  -0.0935206  0.17409  -0.300474  -0.232294
4.55538  0.0303204  0.0799744  -0.0918496  0.171465  -0.297039  -0.229428
4.56769  0.0296238  0.078438  -0.0902064  0.168877  -0.293634  -0.226593
4.58  0.0289425  0.0769294  -0.0885906  0.166324  -0.290261  -0.223789
4.59232  0.0282763  0.0754482  -0.0870019  0.163806  -0.286918  -0.221015
4.60463  0.0276248  0.0739938  -0.0854399  0.161324  -0.283606  -0.218271
4.61694  0.0269877  0.072566  -0.0839043  0.158876  -0.280325  -0.215558
4.62925  0.0263648  0.0711643  -0.0823946  0.156462  -0.277075  -0.212875
4.64156  0.0257558  0.0697883  -0.0809105  0.154082  -0.273856  -0.210222
4.65387  0.0251604  0.0684376  -0.0794517  0.151736  -0.270667  -0.207599
4.66619  0.0245782  0.0671118  -0.0780177  0.149423  -0.26751  -0.205005
4.6785  0.0240091  0.0658105  -0.0766083  0.147143  -0.264383  -0.202441
4.69081  0.0234527  0.0645333  -0.0752231  0.144896  -0.261287  -0.199906
4.70312  0.0229089  0.0632797  -0.0738617  0.142681  -0.258222  -0.197401
4.71543  0.0223773  0.0620495  -0.0725237  0.140497  -0.255187  -0.194924
4.72775  0.0218576  0.0608423  -0.0712089  0.138345  -0.252183  -0.192476
4.74006  0.0213497  0.0596576  -0.0699169  0.136225  -0.249209  -0.190056
4.75237  0.0208532  0.058495  -0.0686472  0.134135  -0.246266  -0.187664
4.76468  0.020368  0.0573543  -0.0673997  0.132076  -0.243353  -0.185301
4.77699  0.0198938  0.0562351  -0.066174  0.130046  -0.24047  -0.182966
4.7893  0.0194304  0.0551369  -0.0649696  0.128047  -0.237617  -0.180658
4.80162  0.0189775  0.0540594  -0.0637864  0.126077  -0.234794  -0.178377
4.81393  0.0185349  0.0530023  -0.0626239  0.124135  -0.232001  -0.176124
4.82624  0.0181024  0.0519652  -0.0614819  0.122223  -0.229237  -0.173897
4.83855  0.0176797  0.0509478  -0.0603599  0.120339  -0.226503  -0.171698
4.85086  0.0172667  0.0499498  -0.0592578  0.118483  -0.223798  -0.169525
4.86318  0.0168632  0.0489707  -0.0581752  0.116654  -0.221122  -0.167378
4.87549  0.0164689  0.0480103  -0.0571117  0.114853  -0.218475  -0.165257
4.8878  0.0160836  0.0470682  -0.0560671  0.113078  -0.215857  -0.163162
4.90011  0.0157072  0.0461442  -0.0550411  0.11133  -0.213267  -0.161092
4.91242  0.0153394  0.0452378  -0.0540333  0.109609  -0.210706  -0.159048
4.92473  0.0149801  0.0443488  -0.0530435  0.107913  -0.208173  -0.157028
4.93705  0.0146291  0.0434769  -0.0520713  0.106243  -0.205668  -0.155034
4.94936  0.0142861  0.0426218  -0.0511165  0.104598  -0.203191  -0.153064
4.96167  0.0139511  0.0417831  -0.0501789  0.102978  -0.200741  -0.151119
4.97398  0.0136237  0.0409606  -0.049258  0.101382  -0.198319  -0.149197
4.98629  0.013304  0.0401539  -0.0483537  0.0998107  -0.195925  -0.147299
4.99861  0.0129916  0.0393628  -0.0474656  0.0982632  -0.193557  -0.145425
5.01092  0.0126865  0.0385871  -0.0465935  0.0967393  -0.191216  -0.143575
5.02323  0.0123885  0.0378263  -0.0457371  0.0952385  -0.188901  -0.141747
5.03554  0.0120973  0.0370803  -0.0448961  0.0937607  -0.186613  -0.139942
5.04785  0.0118129  0.0363488  -0.0440704  0.0923055  -0.184351  -0.13816
5.06016  0.0115351  0.0356315  -0.0432595  0.0908725  -0.182115  -0.136401
5.07248  0.0112638  0.0349281  -0.0424634  0.0894615  -0.179905  -0.134663
5.08479  0.0109988  0.0342384  -0.0416816  0.0880721  -0.17772  -0.132947
5.0971  0.0107399  0.0335621  -0.0409141  0.0867041  -0.17556  -0.131253
5.10941  0.0104871  0.0328991  -0.0401605  0.0853571  -0.173426  -0.129581
5.12172  0.0102402  0.0322489  -0.0394205  0.0840308  -0.171316  -0.127929
5.13404  0.00999898  0.0316115  -0.038694  0.082725  -0.169231  -0.126299
5.14635  0.00976343  0.0309865  -0.0379808  0.0814394  -0.16717  -0.124689
5.15866  0.00953337  0.0303737  -0.0372805  0.0801735  -0.165133  -0.1231
5.17097  0.00930868  0.0297729  -0.036593  0.0789273  -0.16312  -0.12153
5.18328  0.00908925  0.0291839  -0.035918  0.0777003  -0.161131  -0.119981
5.19559  0.00887494  0.0286064  -0.0352554  0.0764924  -0.159166  -0.118452
5.20791  0.00866565  0.0280403  -0.0346049  0.0753031  -0.157223  -0.116942
5.22022  0.00846126  0.0274853  -0.0339662  0.0741323  -0.155303  -0.115451
5.23253  0.00826165  0.0269411  -0.0333393  0.0729797  -0.153407  -0.11398
5.24484  0.00806672  0.0264077  -0.0327238  0.0718449  -0.151532  -0.112527
5.25715  0.00787635  0.0258847  -0.0321196  0.0707278  -0.14968  -0.111093
5.26947  0.00769045  0.025372  -0.0315265  0.0696281  -0.14785  -0.109678
5.28178  0.00750891  0.0248694  -0.0309442  0.0685455  -0.146042  -0.10828
5.29409  0.00733163  0.0243767  -0.0303727  0.0674798  -0.144256  -0.106901
5.3064  0.00715851  0.0238937  -0.0298116  0.0664306  -0.142491  -0.105539
5.31871  0.00698946  0.0234203  -0.0292608  0.0653979  -0.140747  -0.104195
5.33102  0.00682438  0.0229561  -0.0287202  0.0643812  -0.139023  -0.102868
5.34334  0.00666317  0.0225012  -0.0281895  0.0633804  -0.137321  -0.101559
5.35565  0.00650576  0.0220552  -0.0276686  0.0623952  -0.135639  -0.100266
5.36796  0.00635205  0.021618  -0.0271572  0.0614254  -0.133978  -0.0989895
5.38027  0.00620195  0.0211894  -0.0266553  0.0604708  -0.132336  -0.0977299
5.39258  0.00605539  0.0207693  -0.0261626  0.0595311  -0.130715  -0.0964864
5.4049  0.00591228  0.0203575  -0.025679  0.0586061  -0.129112  -0.0952591
5.41721  0.00577254  0.0199539  -0.0252043  0.0576955  -0.12753  -0.0940476
5.42952  0.00563608  0.0195582  -0.0247384  0.0567992  -0.125966  -0.0928519
5.44183  0.00550285  0.0191704  -0.0242811  0.0559169  -0.124422  -0.0916715
5.45414  0.00537275  0.0187902  -0.0238322  0.0550485  -0.122896  -0.0905065
5.46645  0.00524572  0.0184176  -0.0233916  0.0541936  -0.121389  -0.0893565
5.47877  0.00512168  0.0180523  -0.0229591  0.0533522  -0.1199  -0.0882215
5.49108  0.00500057  0.0176943  -0.0225346  0.0525239  -0.118429  -0.0871011
5.50339  0.00488232  0.0173433  -0.022118  0.0517086  -0.116976  -0.0859953
5.5157  0.00476685  0.0169994  -0.021709  0.0509061  -0.115541  -0.0849038
5.52801  0.00465411  0.0166622  -0.0213077  0.0501162  -0.114124  -0.0838265
5.54033  0.00454403  0.0163317  -0.0209137  0.0493386  -0.112723  -0.0827631
5.55264  0.00443655  0.0160078  -0.020527  0.0485733  -0.11134  -0.0817136
5.56495  0.00433161  0.0156903  -0.0201475  0.0478199  -0.109974  -0.0806776
5.57726  0.00422914  0.0153791  -0.019775  0.0470784  -0.108624  -0.0796551
5.58957  0.0041291  0.0150741  -0.0194094  0.0463485  -0.107291  -0.0786458
5.60188  0.00403142  0.0147751  -0.0190506  0.0456301  -0.105975  -0.0776497
5.6142  0.00393604  0.0144821  -0.0186984  0.0449229  -0.104674  -0.0766665
5.62651  0.00384292  0.0141948  -0.0183527  0.0442268  -0.10339  -0.075696
5.63882  0.00375201  0.0139133  -0.0180135  0.0435417  -0.102121  -0.0747381
5.65113  0.00366324  0.0136374  -0.0176805  0.0428673  -0.100868  -0.0737927
5.66344  0.00357656  0.013367  -0.0173537  0.0422035  -0.09963  -0.0728595
5.67576  0.00349194  0.0131019  -0.0170329  0.0415501  -0.0984075  -0.0719384
5.68807  0.00340932  0.0128421  -0.0167181  0.0409069  -0.0972  -0.0710293
5.70038  0.00332865  0.0125874  -0.0164091  0.0402739  -0.0960073  -0.070132
5.71269  0.00324989  0.0123378  -0.0161058  0.0396508  -0.0948293  -0.0692463
5.725  0.00317299  0.0120932  -0.0158082  0.0390374  -0.0936658  -0.0683721
5.73731  0.00309792  0.0118534  -0.0155161  0.0384337  -0.0925166  -0.0675092
5.74963  0.00302461  0.0116184  -0.0152294  0.0378395  -0.0913816  -0.0666576
5.76194  0.00295304  0.0113881  -0.014948  0.0372545  -0.0902606  -0.0658169
5.77425  0.00288317  0.0111623  -0.0146718  0.0366788  -0.0891534  -0.0649872
5.78656  0.00281495  0.010941  -0.0144008  0.0361121  -0.0880599  -0.0641682
5.79887  0.00274834  0.0107242  -0.0141347  0.0355542  -0.0869799  -0.0633599
5.81119  0.00268331  0.0105116  -0.0138736  0.0350052  -0.0859131  -0.062562
5.8235  0.00261982  0.0103033  -0.0136174  0.0344647  -0.0848596  -0.0617744
5.83581  0.00255783  0.0100991  -0.0133659  0.0339327  -0.083819  -0.0609971
5.84812  0.00249731  0.00989893  -0.0131191  0.033409  -0.0827913  -0.0602298
5.86043  0.00243822  0.00970277  -0.0128768  0.0328936  -0.0817763  -0.0594724
5.87274  0.00238053  0.00951051  -0.012639  0.0323862  -0.0807738  -0.0587249
5.88506  0.00232421  0.00932207  -0.0124057  0.0318868  -0.0797837  -0.057987
5.89737  0.00226922  0.00913738  -0.0121766  0.0313952  -0.0788058  -0.0572587
5.90968  0.00221553  0.00895636  -0.0119519  0.0309113  -0.07784  -0.0565397
5.92199  0.00216311  0.00877895  -0.0117313  0.030435  -0.0768861  -0.0558301
5.9343  0.00211194  0.00860505  -0.0115147  0.0299661  -0.0759441  -0.0551297
5.94662  0.00206197  0.00843462  -0.0113022  0.0295046  -0.0750136  -0.0544383
5.95893  0.00201319  0.00826757  -0.0110937  0.0290503  -0.0740947  -0.0537558
5.97124  0.00196556  0.00810384  -0.010889  0.0286031  -0.0731871  -0.0530821
5.98355  0.00191907  0.00794337  -0.0106881  0.0281629  -0.0722907  -0.0524171
5.99586  0.00187367  0.00778609  -0.0104909  0.0277296  -0.0714054  -0.0517607
6.00817  0.00182935  0.00763194  -0.0102974  0.0273031  -0.0705311  -0.0511128
6.02049  0.00178607  0.00748085  -0.0101074  0.0268832  -0.0696675  -0.0504732
6.0328  0.00174383  0.00733276  -0.00992102  0.0264699  -0.0688147  -0.0498419
6.04511  0.00170258  0.00718762  -0.00973807  0.0260631  -0.0679723  -0.0492187
6.05742  0.00166231  0.00704536  -0.0095585  0.0256626  -0.0671404  -0.0486035
6.06973  0.00162299  0.00690593  -0.00938227  0.0252684  -0.0663188  -0.0479963
6.08205  0.00158461  0.00676927  -0.0092093  0.0248804  -0.0655073  -0.0473968
6.09436  0.00154713  0.00663532  -0.00903954  0.0244984  -0.0647059  -0.0468051
6.10667  0.00151054  0.00650404  -0.00887293  0.0241223  -0.0639143  -0.046221
6.11898  0.00147482  0.00637537  -0.0087094  0.0237521  -0.0631325  -0.0456444
6.13129  0.00143994  0.00624925  -0.0085489  0.0233878  -0.0623604  -0.0450751
6.1436  0.00140589  0.00612564  -0.00839138  0.023029  -0.0615979  -0.0445132
6.15592  0.00137265  0.00600448  -0.00823678  0.0226759  -0.0608447  -0.0439586
6.16823  0.00134019  0.00588574  -0.00808504  0.0223283  -0.0601009  -0.043411
6.18054  0.0013085  0.00576935  -0.00793611  0.0219861  -0.0593662  -0.0428704
6.19285  0.00127756  0.00565527  -0.00778994  0.0216493  -0.0586406  -0.0423368
6.20516  0.00124736  0.00554346  -0.00764648  0.0213177  -0.057924  -0.04181
6.21748  0.00121787  0.00543387  -0.00750567  0.0209912  -0.0572162  -0.04129
6.22979  0.00118908  0.00532645  -0.00736748  0.0206699  -0.0565171  -0.0407766
6.2421  0.00116097  0.00522117  -0.00723184  0.0203535  -0.0558267  -0.0402698
6.25441  0.00113352  0.00511798  -0.00709871  0.0200421  -0.0551448  -0.0397695
6.26672  0.00110673  0.00501684  -0.00696805  0.0197355  -0.0544714  -0.0392755
6.27903  0.00108057  0.00491771  -0.00683981  0.0194337  -0.0538062  -0.0387879
6.29135  0.00105503  0.00482054  -0.00671394  0.0191365  -0.0531492  -0.0383065
6.30366  0.00103009  0.00472531  -0.0065904  0.018844  -0.0525004  -0.0378313
6.31597  0.00100575  0.00463196  -0.00646915  0.0185561  -0.0518595  -0.0373621
6.32828  0.000981977  0.00454047  -0.00635014  0.0182726  -0.0512265  -0.0368989
6.34059  0.00095877  0.00445079  -0.00623334  0.0179935  -0.0506014  -0.0364416
6.35291  0.000936113  0.00436289  -0.0061187  0.0177187  -0.0499839  -0.0359901
6.36522  0.000913993  0.00427674  -0.00600617  0.0174482  -0.0493741  -0.0355444
6.37753  0.000892396  0.00419229  -0.00589573  0.0171819  -0.0487718  -0.0351044
6.38984  0.00087131  0.00410952  -0.00578733  0.0169198  -0.0481769  -0.0346699
6.40215  0.000850724  0.0040284  -0.00568094  0.0166617  -0.0475893  -0.034241
6.41446  0.000830624  0.00394888  -0.00557651  0.0164076  -0.0470089  -0.0338175
6.42678  0.000811001  0.00387094  -0.00547402  0.0161574  -0.0464357  -0.0333994
6.43909  0.000791842  0.00379454  -0.00537341  0.0159112  -0.0458696  -0.0329866
6.4514  0.000773136  0.00371966  -0.00527467  0.0156687  -0.0453104  -0.0325791
6.46371  0.000754873  0.00364627  -0.00517776  0.01543  -0.0447581  -0.0321767
6.47602  0.000737042  0.00357433  -0.00508263  0.015195  -0.0442126  -0.0317794
6.48834  0.000719633  0.00350381  -0.00498927  0.0149636  -0.0436738  -0.0313872
6.50065  0.000702637  0.0034347  -0.00489763  0.0147358  -0.0431416  -0.0309999
6.51296  0.000686042  0.00336695  -0.00480768  0.0145115  -0.0426159  -0.0306175
6.52527  0.00066984  0.00330055  -0.00471939  0.0142907  -0.0420968  -0.0302399
6.53758  0.000654022  0.00323546  -0.00463274  0.0140733  -0.041584  -0.0298672
6.54989  0.000638577  0.00317166  -0.00454768  0.0138593  -0.0410775  -0.0294991
6.56221  0.000623498  0.00310912  -0.0044642  0.0136485  -0.0405772  -0.0291357
6.57452  0.000608776  0.00304783  -0.00438225  0.013441  -0.040083  -0.0287768
6.58683  0.000594402  0.00298775  -0.00430182  0.0132368  -0.0395949  -0.0284225
6.59914  0.000580369  0.00292886  -0.00422288  0.0130356  -0.0391128  -0.0280727
6.61145  0.000566667  0.00287113  -0.00414539  0.0128376  -0.0386367  -0.0277273
6.62377  0.000553289  0.00281455  -0.00406933  0.0126427  -0.0381663  -0.0273862
6.63608  0.000540228  0.00275909  -0.00399468  0.0124507  -0.0377017  -0.0270494
6.64839  0.000527475  0.00270472  -0.0039214  0.0122617  -0.0372428  -0.0267169
6.6607  0.000515025  0.00265144  -0.00384948  0.0120756  -0.0367896  -0.0263885
6.67301  0.000502868  0.0025992  -0.00377888  0.0118924  -0.0363418  -0.0260642
6.68532  0.000491  0.00254801  -0.00370958  0.011712  -0.0358996  -0.0257441
6.69764  0.000479411  0.00249782  -0.00364156  0.0115343  -0.0354628  -0.0254279
6.70995  0.000468097  0.00244863  -0.0035748  0.0113594  -0.0350313  -0.0251157
6.72226  0.000457051  0.00240041  -0.00350927  0.0111872  -0.0346051  -0.0248074
6.73457  0.000446265  0.00235314  -0.00344494  0.0110177  -0.0341841  -0.024503
6.74688  0.000435735  0.00230681  -0.0033818  0.0108507  -0.0337683  -0.0242024
6.7592  0.000425453  0.0022614  -0.00331983  0.0106863  -0.0333575  -0.0239056
6.77151  0.000415415  0.00221688  -0.00325899  0.0105245  -0.0329518  -0.0236124
6.78382  0.000405614  0.00217325  -0.00319928  0.0103651  -0.032551  -0.023323
6.79613  0.000396045  0.00213047  -0.00314067  0.0102082  -0.0321551  -0.0230371
6.80844  0.000386702  0.00208855  -0.00308313  0.0100536  -0.031764  -0.0227548
6.82075  0.000377579  0.00204745  -0.00302666  0.00990149  -0.0313777  -0.022476
6.83307  0.000368673  0.00200716  -0.00297123  0.00975167  -0.0309961  -0.0222008
6.84538  0.000359976  0.00196767  -0.00291681  0.00960415  -0.0306191  -0.0219289
6.85769  0.000351486  0.00192896  -0.0028634  0.00945889  -0.0302468  -0.0216604
6.87  0.000343196  0.00189102  -0.00281098  0.00931585  -0.029879  -0.0213953
6.88231  0.000335101  0.00185382  -0.00275951  0.00917501  -0.0295157  -0.0211334
6.89463  0.000327199  0.00181736  -0.002709  0.00903632  -0.0291567  -0.0208749
6.90694  0.000319482  0.00178162  -0.00265941  0.00889975  -0.0288022  -0.0206195
6.91925  0.000311949  0.00174659  -0.00261074  0.00876527  -0.028452  -0.0203673
6.93156  0.000304593  0.00171225  -0.00256296  0.00863285  -0.028106  -0.0201182
6.94387  0.000297411  0.00167858  -0.00251606  0.00850245  -0.0277642  -0.0198722
6.95618  0.000290398  0.00164558  -0.00247002  0.00837405  -0.0274266  -0.0196293
6.9685  0.000283552  0.00161324  -0.00242483  0.00824761  -0.0270931  -0.0193894
6.98081  0.000276867  0.00158153  -0.00238047  0.00812309  -0.0267636  -0.0191524
6.99312  0.00027034  0.00155044  -0.00233692  0.00800048  -0.0264381  -0.0189184
7.00543  0.000263967  0.00151997  -0.00229418  0.00787974  -0.0261166  -0.0186872
7.01774  0.000257744  0.00149011  -0.00225222  0.00776084  -0.025799  -0.0184589
7.03006  0.000251669  0.00146083  -0.00221103  0.00764376  -0.0254852  -0.0182334
7.04237  0.000245737  0.00143212  -0.0021706  0.00752846  -0.0251752  -0.0180108
7.05468  0.000239945  0.00140399  -0.00213091  0.00741491  -0.024869  -0.0177908
7.06699  0.00023429  0.00137641  -0.00209195  0.0073031  -0.0245664  -0.0175736
7.0793  0.000228768  0.00134937  -0.00205371  0.00719299  -0.0242676  -0.017359
7.09161  0.000223377  0.00132287  -0.00201617  0.00708455  -0.0239723  -0.0171471
7.10393  0.000218113  0.00129689  -0.00197932  0.00697776  -0.0236806  -0.0169377
7.11624  0.000212973  0.00127142  -0.00194314  0.0068726  -0.0233924  -0.016731
7.12855  0.000207955  0.00124645  -0.00190763  0.00676904  -0.0231078  -0.0165268
7.14086  0.000203055  0.00122198  -0.00187277  0.00666705  -0.0228265  -0.016325
7.15317  0.00019827  0.00119798  -0.00183855  0.00656661  -0.0225486  -0.0161258
7.16549  0.000193599  0.00117446  -0.00180495  0.0064677  -0.0222741  -0.015929
7.1778  0.000189038  0.00115141  -0.00177198  0.00637028  -0.0220029  -0.0157346
7.19011  0.000184584  0.00112881  -0.0017396  0.00627435  -0.021735  -0.0155426
7.20242  0.000180236  0.00110665  -0.00170783  0.00617987  -0.0214703  -0.0153529
7.21473  0.00017599  0.00108493  -0.00167663  0.00608682  -0.0212087  -0.0151655
7.22704  0.000171845  0.00106364  -0.00164601  0.00599519  -0.0209504  -0.0149804
7.23936  0.000167797  0.00104276  -0.00161594  0.00590494  -0.0206951  -0.0147976
7.25167  0.000163845  0.0010223  -0.00158643  0.00581606  -0.0204428  -0.014617
7.26398  0.000159986  0.00100224  -0.00155746  0.00572852  -0.0201937  -0.0144386
7.27629  0.000156218  0.000982575  -0.00152902  0.00564231  -0.0199475  -0.0142624
7.2886  0.000152539  0.000963297  -0.0015011  0.00555741  -0.0197042  -0.0140883
7.30092  0.000148946  0.000944399  -0.00147369  0.00547378  -0.0194639  -0.0139163
7.31323  0.000145439  0.000925872  -0.00144679  0.00539143  -0.0192264  -0.0137464
7.32554  0.000142014  0.00090771  -0.00142037  0.00531031  -0.0189918  -0.0135786
7.33785  0.00013867  0.000889905  -0.00139444  0.00523042  -0.01876  -0.0134128
7.35016  0.000135405  0.00087245  -0.00136899  0.00515174  -0.0185309  -0.013249
7.36247  0.000132217  0.000855338  -0.001344  0.00507424  -0.0183046  -0.0130871
7.37479  0.000129104  0.000838563  -0.00131946  0.00499791  -0.018081  -0.0129273
7.3871  0.000126064  0.000822118  -0.00129538  0.00492273  -0.0178601  -0.0127693
7.39941  0.000123096  0.000805996  -0.00127174  0.00484869  -0.0176418  -0.0126133
7.41172  0.000120198  0.000790191  -0.00124853  0.00477576  -0.0174261  -0.0124591
7.42403  0.000117368  0.000774696  -0.00122574  0.00470393  -0.0172129  -0.0123068
7.43635  0.000114605  0.000759506  -0.00120337  0.00463318  -0.0170023  -0.0121564
7.44866  0.000111908  0.000744615  -0.00118141  0.00456349  -0.0167942  -0.0120077
7.46097  0.000109273  0.000730016  -0.00115985  0.00449485  -0.0165886  -0.0118608
7.47328  0.000106701  0.000715703  -0.00113868  0.00442724  -0.0163854  -0.0117157
7.48559  0.00010419  0.000701672  -0.0011179  0.00436065  -0.0161846  -0.0115723
7.4979  0.000101737  0.000687916  -0.0010975  0.00429506  -0.0159862  -0.0114306
7.51022  9.93427e-05  0.00067443  -0.00107747  0.00423045  -0.0157901  -0.0112907
7.52253  9.70046e-05  0.000661209  -0.00105781  0.00416681  -0.0155964  -0.0111524
7.53484  9.47216e-05  0.000648247  -0.00103851  0.00410412  -0.015405  -0.0110157
7.54715  9.24923e-05  0.00063554  -0.00101956  0.00404238  -0.0152158  -0.0108807
7.55946  9.03156e-05  0.000623082  -0.00100095  0.00398155  -0.0150288  -0.0107472
7.57178  8.81901e-05  0.000610868  -0.000982686  0.00392164  -0.0148441  -0.0106154
7.58409  8.61148e-05  0.000598894  -0.000964753  0.00386262  -0.0146615  -0.0104851
7.5964  8.40882e-05  0.000587155  -0.000947146  0.00380449  -0.0144811  -0.0103564
7.60871  8.21095e-05  0.000575646  -0.000929861  0.00374722  -0.0143028  -0.0102292
7.62102  8.01773e-05  0.000564362  -0.000912891  0.00369081  -0.0141266  -0.0101035
7.63333  7.82906e-05  0.0005533  -0.00089623  0.00363524  -0.0139524  -0.00997925
7.64565  7.64484e-05  0.000542455  -0.000879873  0.0035805  -0.0137804  -0.0098565
7.65796  7.46495e-05  0.000531822  -0.000863813  0.00352658  -0.0136103  -0.0097352
7.67027  7.2893e-05  0.000521397  -0.000848045  0.00347345  -0.0134422  -0.00961532
7.68258  7.11779e-05  0.000511176  -0.000832565  0.00342112  -0.0132761  -0.00949685
7.69489  6.95031e-05  0.000501156  -0.000817366  0.00336957  -0.0131119  -0.00937977
7.70721  6.78677e-05  0.000491331  -0.000802444  0.00331879  -0.0129496  -0.00926407
7.71952  6.62708e-05  0.000481699  -0.000787793  0.00326875  -0.0127892  -0.00914972
7.73183  6.47115e-05  0.000472256  -0.000773409  0.00321946  -0.0126307  -0.00903671
7.74414  6.31889e-05  0.000462997  -0.000759286  0.00317091  -0.012474  -0.00892502
7.75645  6.17022e-05  0.00045392  -0.000745419  0.00312307  -0.0123192  -0.00881463
7.76876  6.02504e-05  0.000445019  -0.000731805  0.00307594  -0.0121661  -0.00870553
7.78108  5.88328e-05  0.000436293  -0.000718437  0.00302951  -0.0120149  -0.00859769
7.79339  5.74485e-05  0.000427738  -0.000705313  0.00298377  -0.0118653  -0.00849111
7.8057  5.60968e-05  0.00041935  -0.000692426  0.0029387  -0.0117175  -0.00838577
7.81801  5.47768e-05  0.000411125  -0.000679774  0.0028943  -0.0115714  -0.00828164
7.83032  5.3488e-05  0.000403062  -0.000667351  0.00285055  -0.011427  -0.00817872
7.84264  5.22294e-05  0.000395155  -0.000655153  0.00280745  -0.0112843  -0.00807699
7.85495  5.10004e-05  0.000387403  -0.000643176  0.00276498  -0.0111432  -0.00797642
7.86726  4.98003e-05  0.000379803  -0.000631416  0.00272314  -0.0110037  -0.00787702
7.87957  4.86284e-05  0.000372351  -0.000619869  0.00268191  -0.0108658  -0.00777876
7.89188  4.74841e-05  0.000365044  -0.000608531  0.0026413  -0.0107295  -0.00768162
7.90419  4.63667e-05  0.000357879  -0.000597399  0.00260127  -0.0105947  -0.0075856
7.91651  4.52755e-05  0.000350855  -0.000586468  0.00256184  -0.0104615  -0.00749068
7.92882  4.421e-05  0.000343967  -0.000575734  0.00252298  -0.0103298  -0.00739683
7.94113  4.31695e-05  0.000337214  -0.000565195  0.00248469  -0.0101996  -0.00730406
7.95344  4.21534e-05  0.000330592  -0.000554845  0.00244696  -0.0100709  -0.00721234
7.96575  4.11612e-05  0.000324099  -0.000544683  0.00240979  -0.00994365  -0.00712166
7.97807  4.01924e-05  0.000317732  -0.000534705  0.00237315  -0.00981784  -0.00703201
7.99038  3.92462e-05  0.000311489  -0.000524906  0.00233705  -0.00969345  -0.00694338
8.00269  3.83223e-05  0.000305368  -0.000515284  0.00230148  -0.00957046  -0.00685574
8.015  3.74201e-05  0.000299366  -0.000505835  0.00226643  -0.00944886  -0.00676909
8.02731  3.6539e-05  0.00029348  -0.000496557  0.00223188  -0.00932862  -0.00668341
8.03962  3.56786e-05  0.000287709  -0.000487446  0.00219784  -0.00920974  -0.0065987
8.05194  3.48385e-05  0.00028205  -0.000478499  0.00216429  -0.00909219  -0.00651493
8.06425  3.4018e-05  0.000276501  -0.000469713  0.00213122  -0.00897595  -0.00643209
8.07656  3.32168e-05  0.00027106  -0.000461084  0.00209864  -0.00886101  -0.00635018
8.08887  3.24343e-05  0.000265724  -0.000452611  0.00206653  -0.00874735  -0.00626918
8.10118  3.16702e-05  0.000260491  -0.00044429  0.00203488  -0.00863495  -0.00618908
8.1135  3.09241e-05  0.00025536  -0.000436118  0.00200368  -0.0085238  -0.00610987
8.12581  3.01954e-05  0.000250329  -0.000428093  0.00197294  -0.00841388  -0.00603153
8.13812  2.94837e-05  0.000245394  -0.000420212  0.00194264  -0.00830518  -0.00595405
8.15043  2.87888e-05  0.000240556  -0.000412472  0.00191277  -0.00819767  -0.00587742
8.16274  2.81101e-05  0.000235811  -0.00040487  0.00188333  -0.00809135  -0.00580164
8.17505  2.74474e-05  0.000231157  -0.000397404  0.00185431  -0.00798619  -0.00572668
8.18737  2.68001e-05  0.000226594  -0.000390072  0.00182571  -0.00788218  -0.00565253
8.19968  2.6168e-05  0.000222118  -0.000382871  0.00179752  -0.00777931  -0.0055792
8.21199  2.55507e-05  0.000217729  -0.000375798  0.00176973  -0.00767756  -0.00550666
8.2243  2.49478e-05  0.000213425  -0.000368851  0.00174233  -0.00757692  -0.0054349
8.23661  2.43591e-05  0.000209204  -0.000362028  0.00171532  -0.00747736  -0.00536391
8.24893  2.37841e-05  0.000205064  -0.000355327  0.0016887  -0.00737888  -0.00529369
8.26124  2.32225e-05  0.000201003  -0.000348745  0.00166245  -0.00728147  -0.00522422
8.27355  2.2674e-05  0.000197021  -0.000342279  0.00163658  -0.00718509  -0.0051555
8.28586  2.21384e-05  0.000193115  -0.000335929  0.00161106  -0.00708976  -0.0050875
8.29817  2.16153e-05  0.000189285  -0.00032969  0.00158591  -0.00699544  -0.00502023
8.31048  2.11044e-05  0.000185527  -0.000323563  0.00156111  -0.00690212  -0.00495367
8.3228  2.06054e-05  0.000181842  -0.000317544  0.00153666  -0.0068098  -0.00488781
8.33511  2.0118e-05  0.000178228  -0.000311631  0.00151256  -0.00671845  -0.00482264
8.34742  1.9642e-05  0.000174682  -0.000305823  0.00148878  -0.00662807  -0.00475816
8.35973  1.91771e-05  0.000171205  -0.000300117  0.00146534  -0.00653864  -0.00469435
8.37204  1.8723e-05  0.000167794  -0.000294512  0.00144223  -0.00645015  -0.0046312
8.38436  1.82795e-05  0.000164448  -0.000289005  0.00141944  -0.00636258  -0.00456871
8.39667  1.78463e-05  0.000161166  -0.000283595  0.00139696  -0.00627593  -0.00450686
8.40898  1.74232e-05  0.000157946  -0.00027828  0.00137479  -0.00619017  -0.00444565
8.42129  1.70099e-05  0.000154787  -0.000273058  0.00135293  -0.0061053  -0.00438506
8.4336  1.66063e-05  0.000151689  -0.000267927  0.00133137  -0.0060213  -0.00432509
8.44591  1.6212e-05  0.000148649  -0.000262886  0.0013101  -0.00593817  -0.00426573
8.45823  1.58268e-05  0.000145667  -0.000257933  0.00128913  -0.00585589  -0.00420698
8.47054  1.54506e-05  0.000142742  -0.000253066  0.00126844  -0.00577444  -0.00414881
8.48285  1.50831e-05  0.000139872  -0.000248284  0.00124803  -0.00569382  -0.00409123
8.49516  1.47241e-05  0.000137056  -0.000243585  0.0012279  -0.00561401  -0.00403422
8.50747  1.43734e-05  0.000134293  -0.000238967  0.00120804  -0.00553501  -0.00397778
8.51979  1.40308e-05  0.000131582  -0.000234429  0.00118844  -0.00545679  -0.0039219
8.5321  1.36962e-05  0.000128922  -0.00022997  0.00116912  -0.00537936  -0.00386657
8.54441  1.33692e-05  0.000126312  -0.000225587  0.00115005  -0.00530269  -0.00381178
8.55672  1.30498e-05  0.000123751  -0.000221279  0.00113123  -0.00522679  -0.00375752
8.56903  1.27378e-05  0.000121238  -0.000217046  0.00111266  -0.00515162  -0.00370379
8.58134  1.2433e-05  0.000118772  -0.000212885  0.00109435  -0.0050772  -0.00365058
8.59366  1.21351e-05  0.000116352  -0.000208795  0.00107627  -0.00500349  -0.00359788
8.60597  1.18441e-05  0.000113977  -0.000204775  0.00105843  -0.0049305  -0.00354569
8.61828  1.15598e-05  0.000111646  -0.000200823  0.00104082  -0.00485821  -0.00349399
8.63059  1.1282e-05  0.000109358  -0.000196938  0.00102345  -0.00478662  -0.00344277
8.6429  1.10106e-05  0.000107112  -0.000193119  0.0010063  -0.0047157  -0.00339204
8.65522  1.07453e-05  0.000104908  -0.000189364  0.000989367  -0.00464546  -0.00334178
8.66753  1.04861e-05  0.000102745  -0.000185672  0.000972657  -0.00457588  -0.00329199
8.67984  1.02329e-05  0.000100621  -0.000182043  0.000956161  -0.00450695  -0.00324265
8.69215  9.98538e-06  9.85358e-05  -0.000178474  0.000939876  -0.00443866  -0.00319377
8.70446  9.7435e-06  9.6489e-05  -0.000174964  0.000923798  -0.00437101  -0.00314533
8.71677  9.50712e-06  9.44795e-05  -0.000171513  0.000907924  -0.00430397  -0.00309733
8.72909  9.27609e-06  9.25065e-05  -0.000168119  0.000892249  -0.00423755  -0.00304976
8.7414  9.05029e-06  9.05693e-05  -0.000164781  0.000876771  -0.00417173  -0.00300261
8.75371  8.82959e-06  8.8667e-05  -0.000161498  0.000861486  -0.0041065  -0.00295588
8.76602  8.61386e-06  8.6799e-05  -0.000158269  0.00084639  -0.00404185  -0.00290956
8.77833  8.40298e-06  8.49646e-05  -0.000155092  0.00083148  -0.00397778  -0.00286365
8.79065  8.19684e-06  8.31629e-05  -0.000151967  0.000816753  -0.00391428  -0.00281813
8.80296  7.99532e-06  8.13934e-05  -0.000148893  0.000802206  -0.00385132  -0.002773
8.81527  7.79829e-06  7.96553e-05  -0.000145868  0.000787835  -0.00378892  -0.00272826
8.82758  7.60566e-06  7.79479e-05  -0.000142892  0.000773636  -0.00372705  -0.00268389
8.83989  7.41731e-06  7.62707e-05  -0.000139963  0.000759608  -0.00366571  -0.0026399
8.8522  7.23314e-06  7.46229e-05  -0.000137081  0.000745746  -0.00360489  -0.00259627
8.86452  7.05304e-06  7.30038e-05  -0.000134245  0.000732048  -0.00354458  -0.002553
8.87683  6.87691e-06  7.1413e-05  -0.000131453  0.00071851  -0.00348478  -0.00251008
8.88914  6.70465e-06  6.98497e-05  -0.000128705  0.00070513  -0.00342546  -0.00246751
8.90145  6.53616e-06  6.83133e-05  -0.000126  0.000691904  -0.00336663  -0.00242528
8.91376  6.37136e-06  6.68034e-05  -0.000123336  0.00067883  -0.00330828  -0.00238338
8.92608  6.21014e-06  6.53191e-05  -0.000120714  0.000665904  -0.0032504  -0.00234181
8.93839  6.05241e-06  6.38601e-05  -0.000118132  0.000653125  -0.00319297  -0.00230057
8.9507  5.89809e-06  6.24257e-05  -0.000115589  0.000640488  -0.003136  -0.00225964
8.96301  5.7471e-06  6.10153e-05  -0.000113084  0.000627991  -0.00307947  -0.00221902
8.97532  5.59933e-06  5.96285e-05  -0.000110617  0.000615632  -0.00302338  -0.00217871
8.98763  5.45471e-06  5.82646e-05  -0.000108187  0.000603407  -0.00296771  -0.0021387
8.99995  5.31317e-06  5.69232e-05  -0.000105793  0.000591314  -0.00291246  -0.00209898
9.01226  5.17461e-06  5.56038e-05  -0.000103433  0.000579351  -0.00285763  -0.00205955
9.02457  5.03896e-06  5.43057e-05  -0.000101109  0.000567513  -0.00280319  -0.0020204
9.03688  4.90615e-06  5.30286e-05  -9.88173e-05  0.0005558  -0.00274915  -0.00198153
9.04919  4.7761e-06  5.17719e-05  -9.65589e-05  0.000544208  -0.00269551  -0.00194293
9.06151  4.64873e-06  5.05352e-05  -9.43324e-05  0.000532735  -0.00264224  -0.0019046
9.07382  4.52398e-06  4.93179e-05  -9.21373e-05  0.000521378  -0.00258934  -0.00186653
9.08613  4.40177e-06  4.81196e-05  -8.99728e-05  0.000510135  -0.00253681  -0.00182872
9.09844  4.28203e-06  4.69398e-05  -8.78381e-05  0.000499003  -0.00248463  -0.00179115
9.11075  4.16471e-06  4.57781e-05  -8.57325e-05  0.00048798  -0.00243281  -0.00175383
9.12306  4.04972e-06  4.4634e-05  -8.36554e-05  0.000477063  -0.00238133  -0.00171675
9.13538  3.93701e-06  4.35071e-05  -8.1606e-05  0.00046625  -0.00233018  -0.00167991
9.14769  3.82652e-06  4.2397e-05  -7.95837e-05  0.000455539  -0.00227936  -0.00164329
9.16  3.71818e-06  4.13031e-05  -7.75878e-05  0.000444926  -0.00222887  -0.0016069
9.17231  3.61192e-06  4.02251e-05  -7.56176e-05  0.000434411  -0.00217868  -0.00157073
9.18462  3.5077e-06  3.91627e-05  -7.36724e-05  0.00042399  -0.0021288  -0.00153477
9.19694  3.40545e-06  3.81152e-05  -7.17517e-05  0.000413661  -0.00207923  -0.00149902
9.20925  3.30511e-06  3.70825e-05  -6.98547e-05  0.000403422  -0.00202994  -0.00146347
9.22156  3.20662e-06  3.6064e-05  -6.79809e-05  0.000393271  -0.00198094  -0.00142813
9.23387  3.10994e-06  3.50593e-05  -6.61296e-05  0.000383205  -0.00193222  -0.00139298
9.24618  3.01501e-06  3.40681e-05  -6.43002e-05  0.000373223  -0.00188377  -0.00135802
9.25849  2.92177e-06  3.30901e-05  -6.24921e-05  0.000363321  -0.00183558  -0.00132324
9.27081  2.83018e-06  3.21247e-05  -6.07047e-05  0.000353498  -0.00178765  -0.00128864
9.28312  2.74017e-06  3.11717e-05  -5.89374e-05  0.000343752  -0.00173998  -0.00125422
9.29543  2.6517e-06  3.02307e-05  -5.71895e-05  0.000334081  -0.00169254  -0.00121997
9.30774  2.56472e-06  2.93013e-05  -5.54607e-05  0.000324482  -0.00164535  -0.00118589
9.32005  2.47918e-06  2.83831e-05  -5.37501e-05  0.000314954  -0.00159838  -0.00115196
9.33237  2.39504e-06  2.74759e-05  -5.20574e-05  0.000305493  -0.00155164  -0.00111819
9.34468  2.31224e-06  2.65791e-05  -5.03818e-05  0.000296099  -0.00150512  -0.00108458
9.35699  2.23073e-06  2.56927e-05  -4.8723e-05  0.000286769  -0.00145881  -0.0010511
9.3693  2.15048e-06  2.4816e-05  -4.70802e-05  0.000277501  -0.0014127  -0.00101778
9.38161  2.07144e-06  2.39489e-05  -4.54531e-05  0.000268294  -0.00136679  -0.000984587
9.39392  1.99356e-06  2.3091e-05  -4.38409e-05  0.000259144  -0.00132107  -0.00095153
9.40624  1.9168e-06  2.2242e-05  -4.22433e-05  0.00025005  -0.00127553  -0.000918602
9.41855  1.84111e-06  2.14014e-05  -4.06596e-05  0.000241011  -0.00123018  -0.000885798
9.43086  1.76646e-06  2.05691e-05  -3.90893e-05  0.000232023  -0.00118499  -0.000853113
9.44317  1.6928e-06  1.97447e-05  -3.7532e-05  0.000223086  -0.00113998  -0.000820544
9.45548  1.62009e-06  1.89279e-05  -3.5987e-05  0.000214197  -0.00109512  -0.000788085
9.4678  1.54829e-06  1.81183e-05  -3.4454e-05  0.000205354  -0.00105041  -0.000755733
9.48011  1.47736e-06  1.73157e-05  -3.29323e-05  0.000196555  -0.00100585  -0.000723483
9.49242  1.40726e-06  1.65197e-05  -3.14215e-05  0.000187799  -0.000961437  -0.00069133
9.50473  1.33794e-06  1.57301e-05  -2.99211e-05  0.000179084  -0.000917153  -0.00065927
9.51704  1.26938e-06  1.49465e-05  -2.84306e-05  0.000170407  -0.000872998  -0.000627299
9.52935  1.20153e-06  1.41686e-05  -2.69494e-05  0.000161767  -0.000828964  -0.000595413
9.54167  1.13435e-06  1.33961e-05  -2.54772e-05  0.000153161  -0.000785046  -0.000563606
9.55398  1.06781e-06  1.26288e-05  -2.40133e-05  0.000144589  -0.000741238  -0.000531875
9.56629  1.00187e-06  1.18663e-05  -2.25574e-05  0.000136048  -0.000697532  -0.000500216
9.5786  9.36494e-07  1.11084e-05  -2.11089e-05  0.000127536  -0.000653925  -0.000468624
9.59091  8.7164e-07  1.03547e-05  -1.96674e-05  0.000119052  -0.000610408  -0.000437095
9.60323  8.07274e-07  9.60499e-06  -1.82324e-05  0.000110593  -0.000566976  -0.000405624
9.61554  7.43362e-07  8.85896e-06  -1.68034e-05  0.000102159  -0.000523624  -0.000374208
9.62785  6.79866e-07  8.11632e-06  -1.53799e-05  9.37457e-05  -0.000480344  -0.000342842
9.64016  6.16751e-07  7.37679e-06  -1.39615e-05  8.53529e-05  -0.000437131  -0.000311522
9.65247  5.53982e-07  6.64008e-06  -1.25477e-05  7.69786e-05  -0.000393979  -0.000280244
9.66478  4.91524e-07  5.90592e-06  -1.1138e-05  6.86208e-05  -0.000350882  -0.000249003
9.6771  4.29341e-07  5.17401e-06  -9.73201e-06  6.02777e-05  -0.000307833  -0.000217795
9.68941  3.67399e-07  4.44409e-06  -8.32922e-06  5.19476e-05  -0.000264828  -0.000186617
9.70172  3.05662e-07  3.71586e-06  -6.92917e-06  4.36286e-05  -0.000221859  -0.000155463
9.71403  2.44097e-07  2.98906e-06  -5.5314e-06  3.5319e-05  -0.000178921  -0.00012433
9.72634  1.82669e-07  2.2634e-06  -4.13546e-06  2.70169e-05  -0.000136008  -9.32141e-05
9.73866  1.21343e-07  1.5386e-06  -2.74087e-06  1.87207e-05  -9.31133e-05  -6.21103e-05
9.75097  6.00847e-08  8.14392e-07  -1.34718e-06  1.04285e-05  -5.02318e-05  -3.10147e-05
9.76328  -1.13985e-09  9.04948e-08  4.60607e-08  2.13844e-06  -7.35726e-06  7.68088e-08
9.77559  -6.23652e-08  -6.33369e-07  1.43932e-06  -6.15112e-06  3.55163e-05  3.11684e-05
9.7879  -1.23626e-07  -1.35748e-06  2.83306e-06  -1.4442e-05  7.8395e-05  6.22641e-05
9.80021  -1.84955e-07  -2.0821e-06  4.22773e-06  -2.2736e-05  0.000121285  9.33683e-05
9.81253  -2.46389e-07  -2.80753e-06  5.6238e-06  -3.10349e-05  0.000164191  0.000124485
9.82484  -3.0796e-07  -3.53403e-06  7.02172e-06  -3.93405e-05  0.00020712  0.000155618
9.83715  -3.69705e-07  -4.26188e-06  8.42196e-06  -4.76545e-05  0.000250079  0.000186772
9.84946  -4.31656e-07  -4.99137e-06  9.82497e-06  -5.59788e-05  0.000293071  0.000217951
