8e-06  -4.63698e-11  -4.30651e-14  -1.41182e-06  -6.12614e-17  -5.39893e-11  -1.58613e-09
0.0123198  -6.9744e-06  -5.02088e-08  -0.00217409  -2.86474e-10  -1.84382e-05  -1.70615e-05
0.0246316  -2.7874e-05  -3.37418e-07  -0.00434613  -3.31296e-09  -7.36927e-05  -6.72481e-05
0.0369435  -6.26818e-05  -1.12223e-06  -0.00651687  -1.61009e-08  -0.000165722  -0.000151021
0.0492553  -0.000111369  -2.65162e-06  -0.00868569  -5.04661e-08  -0.000294456  -0.000268291
0.0615671  -0.000173898  -5.17181e-06  -0.0108519  -1.22856e-07  -0.000459799  -0.000418982
0.0738789  -0.000250215  -8.9281e-06  -0.013015  -2.54372e-07  -0.000661629  -0.000603013
0.0861907  -0.000340261  -1.41644e-05  -0.0151741  -4.70732e-07  -0.000899794  -0.000820293
0.0985025  -0.000443963  -2.1123e-05  -0.0173288  -8.02238e-07  -0.00117412  -0.00107071
0.110814  -0.000561238  -3.00443e-05  -0.0194784  -1.28373e-06  -0.00148439  -0.00135415
0.123126  -0.000691992  -4.11662e-05  -0.0216222  -1.95452e-06  -0.0018304  -0.00167047
0.135438  -0.000836121  -5.47246e-05  -0.0237597  -2.85835e-06  -0.00221187  -0.0020195
0.14775  -0.000993513  -7.09521e-05  -0.0258901  -4.04333e-06  -0.00262853  -0.00240109
0.160062  -0.00116404  -9.00789e-05  -0.0280129  -5.56184e-06  -0.00308007  -0.00281505
0.172373  -0.00134758  -0.000112332  -0.0301275  -7.47047e-06  -0.00356616  -0.00326117
0.184685  -0.00154398  -0.000137934  -0.0322333  -9.82996e-06  -0.00408645  -0.00373924
0.196997  -0.00175309  -0.000167105  -0.0343296  -1.27051e-05  -0.00464057  -0.00424902
0.209309  -0.00197476  -0.000200061  -0.0364158  -1.61645e-05  -0.0052281  -0.00479027
0.221621  -0.00220881  -0.000237013  -0.0384914  -2.02808e-05  -0.00584863  -0.00536272
0.233933  -0.00245508  -0.000278171  -0.0405558  -2.51304e-05  -0.00650172  -0.0059661
0.246244  -0.00271338  -0.000323737  -0.0426084  -3.07931e-05  -0.0071869  -0.00660011
0.258556  -0.00298352  -0.000373909  -0.0446487  -3.73526e-05  -0.00790369  -0.00726444
0.270868  -0.00326532  -0.000428883  -0.0466759  -4.48957e-05  -0.00865157  -0.00795878
0.28318  -0.00355856  -0.000488849  -0.0486897  -5.35128e-05  -0.00943004  -0.00868278
0.295492  -0.00386304  -0.00055399  -0.0506894  -6.32974e-05  -0.0102386  -0.0094361
0.307803  -0.00417855  -0.000624488  -0.0526745  -7.4346e-05  -0.0110765  -0.0102184
0.320115  -0.00450487  -0.000700516  -0.0546445  -8.67583e-05  -0.0119434  -0.0110292
0.332427  -0.00484179  -0.000782246  -0.0565988  -0.000100637  -0.0128387  -0.0118683
0.344739  -0.00518908  -0.000869842  -0.0585369  -0.000116086  -0.0137616  -0.0127351
0.357051  -0.00554652  -0.000963463  -0.0604583  -0.000133215  -0.0147116  -0.0136293
0.369363  -0.00591387  -0.00106326  -0.0623624  -0.000152134  -0.0156881  -0.0145504
0.381674  -0.00629091  -0.0011694  -0.0642489  -0.000172954  -0.0166904  -0.015498
0.393986  -0.0066774  -0.001282  -0.0661171  -0.000195792  -0.0177179  -0.0164717
0.406298  -0.0070731  -0.00140122  -0.0679667  -0.000220765  -0.0187699  -0.0174709
0.41861  -0.00747778  -0.00152719  -0.0697971  -0.000247992  -0.0198457  -0.0184953
0.430922  -0.00789121  -0.00166003  -0.0716079  -0.000277594  -0.0209446  -0.0195442
0.443233  -0.00831315  -0.00179988  -0.0733986  -0.000309694  -0.022066  -0.0206173
0.455545  -0.00874336  -0.00194684  -0.0751688  -0.000344417  -0.0232091  -0.0217139
0.467857  -0.00918161  -0.00210104  -0.076918  -0.00038189  -0.0243732  -0.0228337
0.480169  -0.00962766  -0.00226258  -0.0786458  -0.000422242  -0.0255577  -0.0239759
0.492481  -0.0100813  -0.00243157  -0.0803517  -0.0004656  -0.0267617  -0.0251402
0.504792  -0.0105423  -0.00260811  -0.0820355  -0.000512097  -0.0279846  -0.0263259
0.517104  -0.0110103  -0.00279229  -0.0836966  -0.000561864  -0.0292256  -0.0275325
0.529416  -0.0114853  -0.00298421  -0.0853346  -0.000615034  -0.030484  -0.0287594
0.541728  -0.0119669  -0.00318395  -0.0869492  -0.000671743  -0.031759  -0.0300061
0.55404  -0.012455  -0.0033916  -0.08854  -0.000732126  -0.03305  -0.0312718
0.566352  -0.0129493  -0.00360723  -0.0901067  -0.000796318  -0.0343561  -0.0325561
0.578663  -0.0134497  -0.00383092  -0.0916487  -0.000864458  -0.0356767  -0.0338584
0.590975  -0.0139558  -0.00406274  -0.0931659  -0.000936682  -0.0370109  -0.0351779
0.603287  -0.0144676  -0.00430275  -0.0946578  -0.00101313  -0.038358  -0.0365141
0.615599  -0.0149847  -0.00455102  -0.096124  -0.00109394  -0.0397173  -0.0378664
0.627911  -0.0155071  -0.00480762  -0.0975644  -0.00117926  -0.041088  -0.0392341
0.640222  -0.0160345  -0.00507259  -0.0989785  -0.00126922  -0.0424694  -0.0406165
0.652534  -0.0165667  -0.00534599  -0.100366  -0.00136396  -0.0438607  -0.0420131
0.664846  -0.0171036  -0.00562788  -0.101727  -0.00146363  -0.0452612  -0.0434231
0.677158  -0.0176449  -0.0059183  -0.10306  -0.00156836  -0.0466701  -0.0448459
0.68947  -0.0181906  -0.00621729  -0.104366  -0.00167831  -0.0480867  -0.0462807
0.701782  -0.0187404  -0.00652489  -0.105644  -0.0017936  -0.0495103  -0.047727
0.714093  -0.0192942  -0.00684116  -0.106894  -0.0019144  -0.0509401  -0.049184
0.726405  -0.0198518  -0.00716611  -0.108116  -0.00204082  -0.0523753  -0.050651
0.738717  -0.020413  -0.0074998  -0.109309  -0.00217303  -0.0538153  -0.0521274
0.751029  -0.0209778  -0.00784225  -0.110473  -0.00231115  -0.0552593  -0.0536124
0.763341  -0.021546  -0.00819349  -0.111608  -0.00245534  -0.0567066  -0.0551053
0.775652  -0.0221175  -0.00855354  -0.112714  -0.00260574  -0.0581565  -0.0566054
0.787964  -0.022692  -0.00892245  -0.11379  -0.00276248  -0.0596082  -0.058112
0.800276  -0.0232696  -0.00930022  -0.114836  -0.00292572  -0.061061  -0.0596243
0.812588  -0.02385  -0.00968688  -0.115852  -0.00309559  -0.0625142  -0.0611417
0.8249  -0.0244332  -0.0100825  -0.116837  -0.00327223  -0.0639672  -0.0626633
0.837212  -0.0250191  -0.010487  -0.117793  -0.00345578  -0.0654191  -0.0641886
0.849523  -0.0256075  -0.0109004  -0.118717  -0.0036464  -0.0668693  -0.0657166
0.861835  -0.0261983  -0.0113228  -0.119611  -0.00384421  -0.0683171  -0.0672468
0.874147  -0.0267915  -0.0117542  -0.120473  -0.00404935  -0.0697618  -0.0687783
0.886459  -0.0273869  -0.0121946  -0.121304  -0.00426197  -0.0712027  -0.0703103
0.898771  -0.0279845  -0.0126439  -0.122103  -0.0044822  -0.0726391  -0.0718423
0.911082  -0.0285841  -0.0131023  -0.122871  -0.00471019  -0.0740704  -0.0733733
0.923394  -0.0291857  -0.0135697  -0.123607  -0.00494606  -0.0754958  -0.0749026
0.935706  -0.0297892  -0.014046  -0.124311  -0.00518995  -0.0769147  -0.0764296
0.948018  -0.0303945  -0.0145314  -0.124982  -0.00544201  -0.0783264  -0.0779534
0.96033  -0.0310016  -0.0150258  -0.125622  -0.00570236  -0.0797302  -0.0794732
0.972642  -0.0316103  -0.0155292  -0.126229  -0.00597113  -0.0811255  -0.0809884
0.984953  -0.0322207  -0.0160416  -0.126803  -0.00624846  -0.0825117  -0.0824982
0.997265  -0.0328325  -0.016563  -0.127344  -0.00653448  -0.083888  -0.0840018
1.00958  -0.0334458  -0.0170934  -0.127853  -0.00682931  -0.0852538  -0.0854985
1.02189  -0.0340605  -0.0176328  -0.128328  -0.00713309  -0.0866085  -0.0869875
1.0342  -0.0346766  -0.0181811  -0.128771  -0.00744593  -0.0879514  -0.088468
1.04651  -0.0352938  -0.0187384  -0.12918  -0.00776797  -0.0892819  -0.0899394
1.05882  -0.0359123  -0.0193046  -0.129556  -0.00809931  -0.0905993  -0.0914008
1.07114  -0.0365319  -0.0198796  -0.129899  -0.00844009  -0.0919031  -0.0928516
1.08345  -0.0371525  -0.0204636  -0.130208  -0.00879041  -0.0931925  -0.094291
1.09576  -0.0377741  -0.0210564  -0.130484  -0.0091504  -0.094467  -0.0957182
1.10807  -0.0383967  -0.021658  -0.130726  -0.00952017  -0.095726  -0.0971325
1.12038  -0.0390201  -0.0222684  -0.130935  -0.00989981  -0.0969688  -0.0985333
1.1327  -0.0396443  -0.0228876  -0.131109  -0.0102894  -0.0981948  -0.0999197
1.14501  -0.0402692  -0.0235154  -0.131251  -0.0106892  -0.0994034  -0.101291
1.15732  -0.0408947  -0.0241519  -0.131358  -0.0110991  -0.100594  -0.102647
1.16963  -0.0415208  -0.0247969  -0.131432  -0.0115193  -0.101766  -0.103986
1.18194  -0.0421474  -0.0254505  -0.131472  -0.0119499  -0.102919  -0.105308
1.19425  -0.0427744  -0.0261126  -0.131478  -0.012391  -0.104052  -0.106612
1.20657  -0.0434017  -0.0267831  -0.131451  -0.0128426  -0.105165  -0.107897
1.21888  -0.0440293  -0.0274619  -0.13139  -0.0133049  -0.106257  -0.109163
1.23119  -0.044657  -0.028149  -0.131296  -0.0137778  -0.107327  -0.11041
1.2435  -0.0452847  -0.0288443  -0.131167  -0.0142616  -0.108375  -0.111636
1.25581  -0.0459125  -0.0295477  -0.131006  -0.0147562  -0.109401  -0.11284
1.26813  -0.0465401  -0.0302591  -0.130811  -0.0152617  -0.110403  -0.114023
1.28044  -0.0471674  -0.0309783  -0.130583  -0.0157782  -0.111382  -0.115183
1.29275  -0.0477944  -0.0317054  -0.130321  -0.0163057  -0.112337  -0.11632
1.30506  -0.0484209  -0.0324402  -0.130026  -0.0168443  -0.113266  -0.117434
1.31737  -0.0490469  -0.0331825  -0.129699  -0.017394  -0.114171  -0.118523
1.32968  -0.0496721  -0.0339323  -0.129338  -0.0179548  -0.115049  -0.119587
1.342  -0.0502965  -0.0346893  -0.128945  -0.0185268  -0.115901  -0.120626
1.35431  -0.05092  -0.0354536  -0.12852  -0.01911  -0.116727  -0.121638
1.36662  -0.0515423  -0.0362248  -0.128062  -0.0197043  -0.117524  -0.122624
1.37893  -0.0521634  -0.037003  -0.127572  -0.0203099  -0.118295  -0.123583
1.39124  -0.052783  -0.0377878  -0.12705  -0.0209266  -0.119036  -0.124514
1.40356  -0.0534012  -0.0385791  -0.126496  -0.0215545  -0.119749  -0.125417
1.41587  -0.0540176  -0.0393769  -0.125911  -0.0221936  -0.120433  -0.126292
1.42818  -0.0546321  -0.0401807  -0.125294  -0.0228439  -0.121087  -0.127137
1.44049  -0.0552445  -0.0409906  -0.124647  -0.0235052  -0.121711  -0.127953
1.4528  -0.0558547  -0.0418062  -0.123969  -0.0241776  -0.122304  -0.128738
1.46511  -0.0564625  -0.0426274  -0.12326  -0.024861  -0.122867  -0.129494
1.47743  -0.0570677  -0.0434539  -0.122522  -0.0255553  -0.123398  -0.130218
1.48974  -0.05767  -0.0442854  -0.121754  -0.0262605  -0.123897  -0.130911
1.50205  -0.0582693  -0.0451219  -0.120956  -0.0269765  -0.124364  -0.131573
1.51436  -0.0588655  -0.045963  -0.12013  -0.0277031  -0.124798  -0.132202
1.52667  -0.0594581  -0.0468084  -0.119275  -0.0284404  -0.1252  -0.1328
1.53899  -0.0600472  -0.0476579  -0.118391  -0.0291882  -0.125569  -0.133364
1.5513  -0.0606323  -0.0485112  -0.11748  -0.0299463  -0.125903  -0.133896
1.56361  -0.0612133  -0.049368  -0.116541  -0.0307146  -0.126205  -0.134395
1.57592  -0.06179  -0.0502281  -0.115575  -0.031493  -0.126472  -0.13486
1.58823  -0.0623621  -0.051091  -0.114583  -0.0322813  -0.126704  -0.135291
1.60054  -0.0629293  -0.0519566  -0.113565  -0.0330794  -0.126902  -0.135689
1.61286  -0.0634915  -0.0528245  -0.112521  -0.0338871  -0.127065  -0.136053
1.62517  -0.0640483  -0.0536944  -0.111452  -0.0347041  -0.127193  -0.136382
1.63748  -0.0645995  -0.0545658  -0.110358  -0.0355303  -0.127286  -0.136678
1.64979  -0.0651449  -0.0554386  -0.109241  -0.0363656  -0.127343  -0.136938
1.6621  -0.0656841  -0.0563123  -0.1081  -0.0372095  -0.127365  -0.137164
1.67442  -0.066217  -0.0571865  -0.106936  -0.038062  -0.12735  -0.137356
1.68673  -0.0667431  -0.0580609  -0.105749  -0.0389228  -0.1273  -0.137513
1.69904  -0.0672623  -0.0589351  -0.104541  -0.0397915  -0.127214  -0.137635
1.71135  -0.0677743  -0.0598087  -0.103312  -0.0406681  -0.127091  -0.137722
1.72366  -0.0682788  -0.0606814  -0.102062  -0.041552  -0.126933  -0.137775
1.73597  -0.0687755  -0.0615526  -0.100792  -0.0424432  -0.126738  -0.137793
1.74829  -0.0692642  -0.0624221  -0.0995027  -0.0433412  -0.126507  -0.137776
1.7606  -0.0697444  -0.0632894  -0.0981949  -0.0442458  -0.12624  -0.137725
1.77291  -0.0702161  -0.0641541  -0.096869  -0.0451566  -0.125936  -0.13764
1.78522  -0.0706788  -0.0650158  -0.0955258  -0.0460732  -0.125596  -0.13752
1.79753  -0.0711324  -0.0658739  -0.094166  -0.0469955  -0.125221  -0.137366
1.80985  -0.0715764  -0.0667282  -0.0927901  -0.0479229  -0.124809  -0.137178
1.82216  -0.0720107  -0.0675781  -0.091399  -0.0488551  -0.124361  -0.136956
1.83447  -0.072435  -0.0684233  -0.0899933  -0.0497918  -0.123878  -0.136701
1.84678  -0.0728489  -0.0692632  -0.0885738  -0.0507325  -0.123358  -0.136412
1.85909  -0.0732522  -0.0700975  -0.0871411  -0.0516769  -0.122804  -0.13609
1.8714  -0.0736447  -0.0709257  -0.085696  -0.0526245  -0.122214  -0.135736
1.88372  -0.0740261  -0.0717472  -0.0842393  -0.053575  -0.121589  -0.135349
1.89603  -0.074396  -0.0725618  -0.0827716  -0.0545279  -0.12093  -0.13493
1.90834  -0.0747543  -0.0733689  -0.0812937  -0.0554828  -0.120236  -0.134479
1.92065  -0.0751007  -0.0741681  -0.0798064  -0.0564392  -0.119508  -0.133996
1.93296  -0.075435  -0.0749589  -0.0783104  -0.0573968  -0.118746  -0.133483
1.94528  -0.0757569  -0.0757409  -0.0768064  -0.0583549  -0.117951  -0.132938
1.95759  -0.0760661  -0.0765137  -0.0752953  -0.0593133  -0.117123  -0.132364
1.9699  -0.0763625  -0.0772767  -0.0737777  -0.0602715  -0.116262  -0.13176
1.98221  -0.0766459  -0.0780296  -0.0722544  -0.0612289  -0.115368  -0.131126
1.99452  -0.0769159  -0.0787719  -0.0707262  -0.0621851  -0.114443  -0.130463
2.00683  -0.0771725  -0.0795032  -0.0691938  -0.0631396  -0.113487  -0.129772
2.01915  -0.0774154  -0.0802231  -0.067658  -0.064092  -0.112499  -0.129053
2.03146  -0.0776444  -0.0809311  -0.0661195  -0.0650418  -0.111481  -0.128307
2.04377  -0.0778594  -0.0816269  -0.0645791  -0.0659884  -0.110434  -0.127533
2.05608  -0.0780602  -0.0823099  -0.0630374  -0.0669315  -0.109357  -0.126733
2.06839  -0.0782466  -0.0829799  -0.0614953  -0.0678704  -0.108251  -0.125908
2.08071  -0.0784186  -0.0836365  -0.0599534  -0.0688048  -0.107117  -0.125057
2.09302  -0.0785758  -0.0842792  -0.0584125  -0.0697342  -0.105956  -0.124181
2.10533  -0.0787183  -0.0849076  -0.0568733  -0.070658  -0.104767  -0.123282
2.11764  -0.078846  -0.0855215  -0.0553364  -0.0715758  -0.103552  -0.122358
2.12995  -0.0789586  -0.0861205  -0.0538027  -0.0724871  -0.102312  -0.121412
2.14226  -0.0790562  -0.0867042  -0.0522727  -0.0733915  -0.101046  -0.120444
2.15458  -0.0791386  -0.0872723  -0.0507471  -0.0742884  -0.0997563  -0.119453
2.16689  -0.0792059  -0.0878244  -0.0492266  -0.0751773  -0.0984427  -0.118442
2.1792  -0.0792578  -0.0883603  -0.0477119  -0.0760579  -0.0971062  -0.11741
2.19151  -0.0792945  -0.0888797  -0.0462036  -0.0769297  -0.0957475  -0.116359
2.20382  -0.0793158  -0.0893823  -0.0447023  -0.0777922  -0.0943673  -0.115288
2.21614  -0.0793218  -0.0898678  -0.0432086  -0.0786449  -0.0929664  -0.114199
2.22845  -0.0793124  -0.090336  -0.0417232  -0.0794874  -0.0915454  -0.113091
2.24076  -0.0792877  -0.0907866  -0.0402466  -0.0803194  -0.0901051  -0.111967
2.25307  -0.0792476  -0.0912195  -0.0387793  -0.0811403  -0.0886464  -0.110826
2.26538  -0.0791923  -0.0916343  -0.037322  -0.0819497  -0.08717  -0.109669
2.27769  -0.0791217  -0.092031  -0.0358753  -0.0827473  -0.0856766  -0.108496
2.29001  -0.0790359  -0.0924092  -0.0344395  -0.0835326  -0.0841671  -0.107309
2.30232  -0.078935  -0.0927689  -0.0330152  -0.0843053  -0.0826422  -0.106108
2.31463  -0.0788191  -0.09311  -0.031603  -0.0850649  -0.0811028  -0.104894
2.32694  -0.0786882  -0.0934322  -0.0302032  -0.0858112  -0.0795496  -0.103667
2.33925  -0.0785426  -0.0937354  -0.0288164  -0.0865437  -0.0779835  -0.102428
2.35157  -0.0783822  -0.0940196  -0.0274431  -0.0872621  -0.0764051  -0.101177
2.36388  -0.0782072  -0.0942846  -0.0260835  -0.0879661  -0.0748154  -0.0999154
2.37619  -0.0780177  -0.0945305  -0.0247382  -0.0886553  -0.0732152  -0.0986437
2.3885  -0.077814  -0.094757  -0.0234075  -0.0893295  -0.0716052  -0.0973625
2.40081  -0.0775961  -0.0949643  -0.0220918  -0.0899883  -0.0699862  -0.0960723
2.41312  -0.0773643  -0.0951521  -0.0207915  -0.0906314  -0.068359  -0.0947738
2.42544  -0.0771187  -0.0953207  -0.0195068  -0.0912586  -0.0667245  -0.0934677
2.43775  -0.0768595  -0.0954699  -0.0182382  -0.0918697  -0.0650834  -0.0921544
2.45006  -0.0765868  -0.0955997  -0.016986  -0.0924643  -0.0634365  -0.0908346
2.46237  -0.076301  -0.0957102  -0.0157503  -0.0930423  -0.0617845  -0.0895089
2.47468  -0.0760023  -0.0958015  -0.0145316  -0.0936034  -0.0601283  -0.0881779
2.48699  -0.0756907  -0.0958735  -0.01333  -0.0941474  -0.0584687  -0.0868422
2.49931  -0.0753667  -0.0959264  -0.0121457  -0.0946742  -0.0568063  -0.0855022
2.51162  -0.0750303  -0.0959603  -0.0109791  -0.0951835  -0.0551419  -0.0841586
2.52393  -0.074682  -0.0959752  -0.00983034  -0.0956751  -0.0534763  -0.082812
2.53624  -0.0743218  -0.0959713  -0.00869956  -0.096149  -0.0518101  -0.0814628
2.54855  -0.0739501  -0.0959487  -0.00758695  -0.096605  -0.0501443  -0.0801116
2.56087  -0.0735671  -0.0959075  -0.00649267  -0.0970429  -0.0484793  -0.078759
2.57318  -0.0731731  -0.0958478  -0.00541688  -0.0974626  -0.0468161  -0.0774054
2.58549  -0.0727684  -0.0957699  -0.0043597  -0.0978641  -0.0451551  -0.0760514
2.5978  -0.0723532  -0.0956739  -0.00332125  -0.0982472  -0.0434972  -0.0746974
2.61011  -0.0719279  -0.0955599  -0.00230162  -0.0986119  -0.041843  -0.073344
2.62242  -0.0714926  -0.0954282  -0.0013009  -0.0989581  -0.0401932  -0.0719916
2.63474  -0.0710478  -0.095279  -0.000319164  -0.0992857  -0.0385484  -0.0706408
2.64705  -0.0705936  -0.0951124  0.000643528  -0.0995947  -0.0369093  -0.0692919
2.65936  -0.0701303  -0.0949288  0.00158713  -0.0998851  -0.0352765  -0.0679454
2.67167  -0.0696584  -0.0947282  0.00251161  -0.100157  -0.0336505  -0.0666018
2.68398  -0.069178  -0.0945109  0.00341694  -0.10041  -0.0320321  -0.0652615
2.6963  -0.0686894  -0.0942773  0.00430311  -0.100644  -0.0304218  -0.0639249
2.70861  -0.0681929  -0.0940274  0.00517012  -0.10086  -0.0288202  -0.0625925
2.72092  -0.0676889  -0.0937617  0.00601799  -0.101057  -0.0272278  -0.0612647
2.73323  -0.0671776  -0.0934802  0.00684674  -0.101236  -0.0256452  -0.0599419
2.74554  -0.0666594  -0.0931834  0.00765639  -0.101396  -0.024073  -0.0586244
2.75785  -0.0661344  -0.0928714  0.00844699  -0.101537  -0.0225116  -0.0573127
2.77017  -0.065603  -0.0925445  0.00921859  -0.10166  -0.0209616  -0.0560071
2.78248  -0.0650656  -0.092203  0.00997125  -0.101765  -0.0194236  -0.054708
2.79479  -0.0645223  -0.0918473  0.010705  -0.101852  -0.0178978  -0.0534157
2.8071  -0.0639735  -0.0914775  0.01142  -0.10192  -0.016385  -0.0521307
2.81941  -0.0634194  -0.091094  0.0121163  -0.10197  -0.0148854  -0.0508532
2.83173  -0.0628604  -0.090697  0.012794  -0.102002  -0.0133996  -0.0495836
2.84404  -0.0622967  -0.0902868  0.0134531  -0.102016  -0.0119281  -0.0483222
2.85635  -0.0617286  -0.0898638  0.0140938  -0.102012  -0.0104711  -0.0470694
2.86866  -0.0611564  -0.0894283  0.0147163  -0.101991  -0.00902918  -0.0458254
2.88097  -0.0605802  -0.0889804  0.0153205  -0.101952  -0.00760271  -0.0445906
2.89328  -0.0600005  -0.0885206  0.0159067  -0.101896  -0.00619205  -0.0433652
2.9056  -0.0594175  -0.0880491  0.0164749  -0.101822  -0.0047976  -0.0421495
2.91791  -0.0588314  -0.0875663  0.0170254  -0.101732  -0.0034197  -0.0409439
2.93022  -0.0582425  -0.0870723  0.0175582  -0.101624  -0.00205871  -0.0397486
2.94253  -0.057651  -0.0865676  0.0180736  -0.1015  -0.000714966  -0.0385639
2.95484  -0.0570572  -0.0860525  0.0185715  -0.101358  0.00061121  -0.03739
2.96716  -0.0564613  -0.0855272  0.0190523  -0.101201  0.00191951  -0.0362272
2.97947  -0.0558636  -0.084992  0.0195161  -0.101027  0.00320963  -0.0350757
2.99178  -0.0552643  -0.0844472  0.0199629  -0.100837  0.00448128  -0.0339358
3.00409  -0.0546637  -0.0838932  0.0203931  -0.100631  0.00573419  -0.0328076
3.0164  -0.0540619  -0.0833302  0.0208067  -0.100409  0.0069681  -0.0316915
3.02871  -0.0534592  -0.0827586  0.021204  -0.100172  0.00818275  -0.0305877
3.04103  -0.0528558  -0.0821785  0.0215851  -0.0999191  0.00937791  -0.0294963
3.05334  -0.0522519  -0.0815904  0.0219503  -0.0996512  0.0105534  -0.0284176
3.06565  -0.0516478  -0.0809945  0.0222996  -0.0993683  0.0117089  -0.0273517
3.07796  -0.0510436  -0.0803911  0.0226333  -0.0990706  0.0128442  -0.0262988
3.09027  -0.0504395  -0.0797805  0.0229515  -0.0987585  0.0139593  -0.0252592
3.10259  -0.0498358  -0.079163  0.0232545  -0.0984319  0.0150538  -0.024233
3.1149  -0.0492326  -0.0785389  0.0235425  -0.0980913  0.0161277  -0.0232203
3.12721  -0.0486301  -0.0779084  0.0238157  -0.0977367  0.0171808  -0.0222213
3.13952  -0.0480286  -0.0772719  0.0240742  -0.0973684  0.0182129  -0.0212363
3.15183  -0.0474281  -0.0766295  0.0243183  -0.0969868  0.0192239  -0.0202652
3.16414  -0.0468288  -0.0759817  0.0245481  -0.0965918  0.0202136  -0.0193083
3.17646  -0.046231  -0.0753287  0.0247639  -0.096184  0.0211821  -0.0183657
3.18877  -0.0456347  -0.0746707  0.0249659  -0.0957633  0.0221291  -0.0174374
3.20108  -0.0450402  -0.074008  0.0251544  -0.0953302  0.0230547  -0.0165237
3.21339  -0.0444477  -0.0733409  0.0253294  -0.0948848  0.0239586  -0.0156246
3.2257  -0.0438572  -0.0726697  0.0254913  -0.0944274  0.0248409  -0.0147402
3.23802  -0.0432689  -0.0719946  0.0256402  -0.0939582  0.0257016  -0.0138707
3.25033  -0.0426829  -0.0713159  0.0257764  -0.0934776  0.0265405  -0.013016
3.26264  -0.0420995  -0.0706338  0.0259001  -0.0929856  0.0273577  -0.0121763
3.27495  -0.0415187  -0.0699487  0.0260115  -0.0924827  0.0281532  -0.0113516
3.28726  -0.0409406  -0.0692607  0.0261108  -0.0919691  0.0289269  -0.010542
3.29957  -0.0403655  -0.0685701  0.0261983  -0.0914449  0.0296788  -0.00974751
3.31189  -0.0397934  -0.0678772  0.0262742  -0.0909106  0.0304091  -0.00896821
3.3242  -0.0392244  -0.0671822  0.0263387  -0.0903663  0.0311176  -0.00820411
3.33651  -0.0386587  -0.0664854  0.026392  -0.0898124  0.0318045  -0.00745525
3.34882  -0.0380964  -0.0657869  0.0264344  -0.0892491  0.0324698  -0.00672163
3.36113  -0.0375375  -0.0650871  0.0264661  -0.0886766  0.0331136  -0.00600327
3.37345  -0.0369823  -0.0643862  0.0264874  -0.0880953  0.033736  -0.00530016
3.38576  -0.0364308  -0.0636844  0.0264984  -0.0875054  0.034337  -0.00461229
3.39807  -0.0358831  -0.062982  0.0264994  -0.0869072  0.0349168  -0.00393966
3.41038  -0.0353392  -0.0622791  0.0264907  -0.086301  0.0354754  -0.00328223
3.42269  -0.0347994  -0.061576  0.0264724  -0.085687  0.0360131  -0.00263998
3.435  -0.0342636  -0.0608729  0.0264448  -0.0850656  0.0365298  -0.00201286
3.44732  -0.033732  -0.0601701  0.0264081  -0.0844371  0.0370258  -0.00140082
3.45963  -0.0332046  -0.0594677  0.0263626  -0.0838016  0.0375012  -0.000803806
3.47194  -0.0326816  -0.058766  0.0263085  -0.0831595  0.0379562  -0.000221759
3.48425  -0.032163  -0.0580651  0.0262461  -0.0825112  0.0383909  0.000345395
3.49656  -0.0316488  -0.0573653  0.0261755  -0.0818567  0.0388056  0.000897736
3.50888  -0.0311392  -0.0566668  0.0260969  -0.0811966  0.0392004  0.00143535
3.52119  -0.0306342  -0.0559698  0.0260108  -0.0805309  0.0395754  0.00195833
3.5335  -0.0301339  -0.0552744  0.0259171  -0.0798601  0.0399311  0.00246677
3.54581  -0.0296383  -0.0545809  0.0258163  -0.0791844  0.0402674  0.00296079
3.55812  -0.0291474  -0.0538895  0.0257085  -0.078504  0.0405847  0.0034405
3.57043  -0.0286615  -0.0532002  0.0255939  -0.0778193  0.0408833  0.00390601
3.58275  -0.0281804  -0.0525134  0.0254728  -0.0771306  0.0411632  0.00435746
3.59506  -0.0277042  -0.0518292  0.0253454  -0.0764381  0.0414248  0.00479497
3.60737  -0.027233  -0.0511477  0.0252119  -0.0757421  0.0416684  0.00521869
3.61968  -0.0267668  -0.0504692  0.0250726  -0.0750429  0.0418942  0.00562876
3.63199  -0.0263057  -0.0497937  0.0249276  -0.0743407  0.0421024  0.00602534
3.64431  -0.0258497  -0.0491215  0.0247772  -0.0736358  0.0422934  0.00640857
3.65662  -0.0253988  -0.0484527  0.0246216  -0.0729286  0.0424674  0.00677862
3.66893  -0.024953  -0.0477874  0.024461  -0.0722192  0.0426247  0.00713565
3.68124  -0.0245124  -0.0471259  0.0242957  -0.071508  0.0427656  0.00747984
3.69355  -0.0240771  -0.0464681  0.0241258  -0.0707951  0.0428904  0.00781135
3.70586  -0.0236469  -0.0458144  0.0239515  -0.0700809  0.0429994  0.00813037
3.71818  -0.023222  -0.0451648  0.0237731  -0.0693656  0.0430928  0.00843708
3.73049  -0.0228023  -0.0445194  0.0235907  -0.0686495  0.043171  0.00873167
3.7428  -0.0223879  -0.0438784  0.0234046  -0.0679328  0.0432344  0.00901432
3.75511  -0.0219787  -0.0432418  0.0232149  -0.0672158  0.0432831  0.00928523
3.76742  -0.0215748  -0.0426099  0.0230219  -0.0664986  0.0433176  0.00954459
3.77974  -0.0211763  -0.0419827  0.0228257  -0.0657817  0.0433381  0.00979261
3.79205  -0.020783  -0.0413603  0.0226265  -0.065065  0.0433449  0.0100295
3.80436  -0.0203949  -0.0407428  0.0224245  -0.064349  0.0433385  0.0102554
3.81667  -0.0200122  -0.0401304  0.0222199  -0.0636339  0.043319  0.0104706
3.82898  -0.0196347  -0.039523  0.0220129  -0.0629198  0.0432869  0.0106752
3.84129  -0.0192625  -0.0389209  0.0218036  -0.0622069  0.0432424  0.0108696
3.85361  -0.0188956  -0.0383241  0.0215922  -0.0614956  0.0431859  0.0110538
3.86592  -0.0185339  -0.0377326  0.0213789  -0.060786  0.0431177  0.0112281
3.87823  -0.0181774  -0.0371466  0.0211639  -0.0600782  0.0430381  0.0113927
3.89054  -0.0178261  -0.0365661  0.0209472  -0.0593726  0.0429474  0.0115479
3.90285  -0.0174801  -0.0359912  0.0207291  -0.0586692  0.042846  0.0116938
3.91517  -0.0171392  -0.0354219  0.0205097  -0.0579683  0.0427342  0.0118306
3.92748  -0.0168034  -0.0348583  0.0202892  -0.0572701  0.0426122  0.0119586
3.93979  -0.0164728  -0.0343005  0.0200677  -0.0565748  0.0424805  0.0120779
3.9521  -0.0161473  -0.0337485  0.0198453  -0.0558824  0.0423393  0.0121889
3.96441  -0.0158268  -0.0332024  0.0196222  -0.0551933  0.042189  0.0122916
3.97672  -0.0155114  -0.0326621  0.0193985  -0.0545074  0.0420298  0.0123863
3.98904  -0.0152011  -0.0321278  0.0191744  -0.0538251  0.041862  0.0124732
4.00135  -0.0148957  -0.0315995  0.0189499  -0.0531465  0.041686  0.0125526
4.01366  -0.0145952  -0.0310772  0.0187253  -0.0524716  0.0415021  0.0126245
4.02597  -0.0142996  -0.0305609  0.0185006  -0.0518007  0.0413105  0.0126893
4.03828  -0.014009  -0.0300506  0.0182759  -0.0511339  0.0411116  0.0127472
4.0506  -0.0137231  -0.0295465  0.0180513  -0.0504712  0.0409057  0.0127982
4.06291  -0.0134421  -0.0290484  0.017827  -0.0498129  0.040693  0.0128427
4.07522  -0.0131658  -0.0285564  0.0176031  -0.0491591  0.0404738  0.0128808
4.08753  -0.0128942  -0.0280705  0.0173796  -0.0485098  0.0402484  0.0129128
4.09984  -0.0126273  -0.0275907  0.0171567  -0.0478652  0.040017  0.0129387
4.11215  -0.012365  -0.0271171  0.0169344  -0.0472254  0.03978  0.0129589
4.12447  -0.0121073  -0.0266495  0.0167128  -0.0465905  0.0395377  0.0129734
4.13678  -0.0118541  -0.0261881  0.0164921  -0.0459605  0.0392901  0.0129826
4.14909  -0.0116054  -0.0257328  0.0162723  -0.0453356  0.0390377  0.0129865
4.1614  -0.0113612  -0.0252836  0.0160534  -0.0447159  0.0387807  0.0129853
4.17371  -0.0111213  -0.0248404  0.0158356  -0.0441013  0.0385193  0.0129793
4.18603  -0.0108858  -0.0244034  0.015619  -0.0434921  0.0382538  0.0129685
4.19834  -0.0106546  -0.0239723  0.0154035  -0.0428883  0.0379844  0.0129532
4.21065  -0.0104276  -0.0235473  0.0151894  -0.0422899  0.0377113  0.0129335
4.22296  -0.0102048  -0.0231283  0.0149765  -0.0416969  0.0374348  0.0129097
4.23527  -0.00998617  -0.0227153  0.014765  -0.0411096  0.037155  0.0128817
4.24758  -0.00977162  -0.0223082  0.014555  -0.0405278  0.0368723  0.0128499
4.2599  -0.00956111  -0.0219071  0.0143465  -0.0399517  0.0365868  0.0128144
4.27221  -0.00935458  -0.0215118  0.0141395  -0.0393813  0.0362986  0.0127753
4.28452  -0.00915198  -0.0211224  0.0139341  -0.0388166  0.0360081  0.0127327
4.29683  -0.00895327  -0.0207388  0.0137304  -0.0382577  0.0357155  0.0126869
4.30914  -0.00875838  -0.020361  0.0135284  -0.0377046  0.0354208  0.0126379
4.32146  -0.00856726  -0.0199889  0.013328  -0.0371573  0.0351243  0.0125859
4.33377  -0.00837987  -0.0196226  0.0131295  -0.0366159  0.0348262  0.0125311
4.34608  -0.00819615  -0.0192619  0.0129327  -0.0360803  0.0345266  0.0124735
4.35839  -0.00801604  -0.0189068  0.0127377  -0.0355506  0.0342257  0.0124133
4.3707  -0.00783949  -0.0185573  0.0125447  -0.0350268  0.0339238  0.0123506
4.38301  -0.00766645  -0.0182133  0.0123535  -0.0345089  0.0336208  0.0122855
4.39533  -0.00749686  -0.0178747  0.0121642  -0.033997  0.0333171  0.0122183
4.40764  -0.00733068  -0.0175416  0.0119768  -0.0334909  0.0330127  0.0121489
4.41995  -0.00716785  -0.0172139  0.0117914  -0.0329907  0.0327078  0.0120775
4.43226  -0.00700831  -0.0168915  0.0116079  -0.0324965  0.0324025  0.0120041
4.44457  -0.00685201  -0.0165743  0.0114265  -0.0320082  0.0320971  0.011929
4.45689  -0.00669891  -0.0162624  0.011247  -0.0315257  0.0317915  0.0118522
4.4692  -0.00654894  -0.0159556  0.0110696  -0.0310492  0.0314859  0.0117739
4.48151  -0.00640207  -0.0156539  0.0108942  -0.0305785  0.0311805  0.011694
4.49382  -0.00625823  -0.0153573  0.0107208  -0.0301137  0.0308753  0.0116127
4.50613  -0.00611737  -0.0150657  0.0105495  -0.0296547  0.0305706  0.0115301
4.51844  -0.00597945  -0.014779  0.0103802  -0.0292015  0.0302663  0.0114463
4.53076  -0.00584441  -0.0144972  0.010213  -0.0287541  0.0299626  0.0113614
4.54307  -0.00571221  -0.0142202  0.0100478  -0.0283124  0.0296597  0.0112755
4.55538  -0.00558279  -0.013948  0.00988468  -0.0278766  0.0293575  0.0111885
4.56769  -0.0054561  -0.0136805  0.00972363  -0.0274464  0.0290562  0.0111007
4.58  -0.00533211  -0.0134176  0.00956464  -0.0270219  0.0287558  0.0110121
4.59232  -0.00521075  -0.0131593  0.0094077  -0.026603  0.0284566  0.0109227
4.60463  -0.00509198  -0.0129055  0.00925282  -0.0261897  0.0281585  0.0108327
4.61694  -0.00497575  -0.0126563  0.00909999  -0.0257821  0.0278616  0.010742
4.62925  -0.00486202  -0.0124114  0.0089492  -0.0253799  0.027566  0.0106509
4.64156  -0.00475074  -0.0121708  0.00880044  -0.0249833  0.0272717  0.0105592
4.65387  -0.00464187  -0.0119346  0.00865372  -0.0245921  0.0269789  0.0104672
4.66619  -0.00453535  -0.0117026  0.00850902  -0.0242063  0.0266876  0.0103748
4.6785  -0.00443115  -0.0114747  0.00836633  -0.0238259  0.0263979  0.0102821
4.69081  -0.00432922  -0.011251  0.00822564  -0.0234509  0.0261097  0.0101891
4.70312  -0.00422952  -0.0110313  0.00808694  -0.0230811  0.0258233  0.010096
4.71543  -0.004132  -0.0108156  0.00795022  -0.0227166  0.0255385  0.0100027
4.72775  -0.00403662  -0.0106039  0.00781547  -0.0223572  0.0252556  0.00990932
4.74006  -0.00394334  -0.010396  0.00768267  -0.022003  0.0249744  0.00981589
4.75237  -0.00385212  -0.010192  0.00755181  -0.0216539  0.0246951  0.00972247
4.76468  -0.00376292  -0.00999167  0.00742287  -0.0213099  0.0244178  0.00962908
4.77699  -0.0036757  -0.00979508  0.00729585  -0.0209708  0.0241423  0.00953577
4.7893  -0.00359041  -0.00960213  0.00717072  -0.0206367  0.0238688  0.00944258
4.80162  -0.00350702  -0.00941277  0.00704747  -0.0203076  0.0235974  0.00934954
4.81393  -0.0034255  -0.00922695  0.00692608  -0.0199832  0.0233279  0.00925669
4.82624  -0.00334579  -0.0090446  0.00680654  -0.0196637  0.0230606  0.00916406
4.83855  -0.00326788  -0.00886567  0.00668883  -0.0193489  0.0227953  0.00907169
4.85086  -0.00319171  -0.00869011  0.00657293  -0.0190388  0.0225322  0.0089796
4.86318  -0.00311726  -0.00851786  0.00645882  -0.0187334  0.0222712  0.00888782
4.87549  -0.00304448  -0.00834886  0.00634649  -0.0184325  0.0220124  0.00879639
4.8878  -0.00297335  -0.00818307  0.00623592  -0.0181362  0.0217557  0.00870532
4.90011  -0.00290383  -0.00802043  0.00612709  -0.0178444  0.0215013  0.00861465
4.91242  -0.00283588  -0.00786089  0.00601997  -0.017557  0.0212491  0.00852439
4.92473  -0.00276947  -0.00770439  0.00591456  -0.017274  0.0209991  0.00843457
4.93705  -0.00270458  -0.00755088  0.00581083  -0.0169953  0.0207513  0.00834521
4.94936  -0.00264116  -0.00740032  0.00570876  -0.0167209  0.0205058  0.00825633
4.96167  -0.00257918  -0.00725265  0.00560834  -0.0164507  0.0202625  0.00816795
4.97398  -0.00251863  -0.00710782  0.00550954  -0.0161847  0.0200215  0.00808008
4.98629  -0.00245946  -0.00696579  0.00541235  -0.0159228  0.0197828  0.00799275
4.99861  -0.00240164  -0.0068265  0.00531673  -0.0156649  0.0195464  0.00790596
5.01092  -0.00234515  -0.00668991  0.00522269  -0.0154111  0.0193122  0.00781974
5.02323  -0.00228996  -0.00655597  0.00513019  -0.0151612  0.0190803  0.00773409
5.03554  -0.00223603  -0.00642463  0.00503921  -0.0149153  0.0188507  0.00764903
5.04785  -0.00218335  -0.00629585  0.00494974  -0.0146732  0.0186234  0.00756457
5.06016  -0.00213188  -0.00616958  0.00486175  -0.0144349  0.0183984  0.00748073
5.07248  -0.00208161  -0.00604577  0.00477523  -0.0142003  0.0181757  0.0073975
5.08479  -0.00203249  -0.00592439  0.00469016  -0.0139695  0.0179552  0.00731491
5.0971  -0.00198451  -0.00580538  0.00460652  -0.0137423  0.017737  0.00723296
5.10941  -0.00193764  -0.00568871  0.00452428  -0.0135187  0.017521  0.00715166
5.12172  -0.00189186  -0.00557433  0.00444342  -0.0132987  0.0173074  0.00707101
5.13404  -0.00184714  -0.0054622  0.00436394  -0.0130821  0.0170959  0.00699103
5.14635  -0.00180346  -0.00535227  0.0042858  -0.012869  0.0168868  0.00691171
5.15866  -0.00176079  -0.00524452  0.00420899  -0.0126594  0.0166798  0.00683307
5.17097  -0.00171912  -0.00513889  0.0041335  -0.012453  0.0164751  0.00675511
5.18328  -0.00167842  -0.00503535  0.00405929  -0.01225  0.0162726  0.00667783
5.19559  -0.00163867  -0.00493387  0.00398636  -0.0120502  0.0160724  0.00660123
5.20791  -0.00159985  -0.00483439  0.00391467  -0.0118537  0.0158743  0.00652533
5.22022  -0.00156194  -0.00473689  0.00384423  -0.0116603  0.0156784  0.00645012
5.23253  -0.00152491  -0.00464132  0.003775  -0.01147  0.0154847  0.00637561
5.24484  -0.00148875  -0.00454765  0.00370696  -0.0112828  0.0152931  0.00630179
5.25715  -0.00145343  -0.00445585  0.00364011  -0.0110986  0.0151037  0.00622866
5.26947  -0.00141894  -0.00436587  0.00357441  -0.0109174  0.0149164  0.00615624
5.28178  -0.00138527  -0.00427769  0.00350986  -0.0107391  0.0147313  0.00608452
5.29409  -0.00135238  -0.00419127  0.00344644  -0.0105638  0.0145483  0.0060135
5.3064  -0.00132026  -0.00410658  0.00338412  -0.0103912  0.0143673  0.00594317
5.31871  -0.0012889  -0.00402357  0.0033229  -0.0102215  0.0141885  0.00587355
5.33102  -0.00125828  -0.00394223  0.00326275  -0.0100545  0.0140117  0.00580462
5.34334  -0.00122838  -0.00386252  0.00320365  -0.0098903  0.0138369  0.00573639
5.35565  -0.00119918  -0.0037844  0.00314559  -0.00972873  0.0136642  0.00566885
5.36796  -0.00117067  -0.00370786  0.00308856  -0.00956981  0.0134935  0.00560201
5.38027  -0.00114283  -0.00363284  0.00303253  -0.00941347  0.0133248  0.00553586
5.39258  -0.00111565  -0.00355933  0.0029775  -0.00925969  0.0131581  0.0054704
5.4049  -0.00108911  -0.0034873  0.00292343  -0.00910843  0.0129933  0.00540563
5.41721  -0.0010632  -0.00341672  0.00287033  -0.00895964  0.0128305  0.00534154
5.42952  -0.0010379  -0.00334756  0.00281817  -0.00881329  0.0126697  0.00527813
5.44183  -0.0010132  -0.00327979  0.00276693  -0.00866934  0.0125107  0.0052154
5.45414  -0.000989081  -0.00321339  0.00271661  -0.00852775  0.0123537  0.00515335
5.46645  -0.000965534  -0.00314832  0.00266718  -0.00838849  0.0121985  0.00509196
5.47877  -0.000942544  -0.00308456  0.00261863  -0.00825151  0.0120452  0.00503125
5.49108  -0.000920098  -0.00302209  0.00257095  -0.00811678  0.0118938  0.0049712
5.50339  -0.000898184  -0.00296089  0.00252413  -0.00798427  0.0117442  0.0049118
5.5157  -0.00087679  -0.00290091  0.00247814  -0.00785394  0.0115964  0.00485307
5.52801  -0.000855902  -0.00284215  0.00243298  -0.00772575  0.0114504  0.00479498
5.54033  -0.00083551  -0.00278458  0.00238862  -0.00759968  0.0113061  0.00473755
5.55264  -0.000815602  -0.00272817  0.00234506  -0.00747568  0.0111637  0.00468075
5.56495  -0.000796166  -0.0026729  0.00230229  -0.00735372  0.011023  0.0046246
5.57726  -0.000777192  -0.00261875  0.00226028  -0.00723377  0.010884  0.00456908
5.58957  -0.000758668  -0.00256569  0.00221903  -0.00711581  0.0107467  0.00451418
5.60188  -0.000740585  -0.00251371  0.00217852  -0.00699978  0.0106111  0.00445992
5.6142  -0.00072293  -0.00246278  0.00213874  -0.00688567  0.0104771  0.00440627
5.62651  -0.000705696  -0.00241288  0.00209969  -0.00677345  0.0103448  0.00435323
5.63882  -0.000688871  -0.002364  0.00206133  -0.00666308  0.0102142  0.00430081
5.65113  -0.000672447  -0.0023161  0.00202367  -0.00655452  0.0100852  0.00424899
5.66344  -0.000656413  -0.00226918  0.00198669  -0.00644777  0.00995775  0.00419777
5.67576  -0.00064076  -0.00222321  0.00195038  -0.00634277  0.00983192  0.00414714
5.68807  -0.000625481  -0.00217816  0.00191473  -0.00623951  0.00970764  0.0040971
5.70038  -0.000610564  -0.00213404  0.00187972  -0.00613796  0.00958492  0.00404765
5.71269  -0.000596003  -0.00209081  0.00184535  -0.00603808  0.00946374  0.00399877
5.725  -0.000581789  -0.00204845  0.0018116  -0.00593986  0.00934406  0.00395047
5.73731  -0.000567913  -0.00200696  0.00177846  -0.00584325  0.00922589  0.00390273
5.74963  -0.000554368  -0.00196631  0.00174593  -0.00574825  0.0091092  0.00385556
5.76194  -0.000541145  -0.00192648  0.00171399  -0.00565481  0.00899397  0.00380894
5.77425  -0.000528238  -0.00188746  0.00168263  -0.00556292  0.00888019  0.00376288
5.78656  -0.000515638  -0.00184924  0.00165183  -0.00547255  0.00876784  0.00371736
5.79887  -0.000503338  -0.00181179  0.0016216  -0.00538367  0.0086569  0.00367238
5.81119  -0.000491332  -0.0017751  0.00159192  -0.00529626  0.00854737  0.00362794
5.8235  -0.000479612  -0.00173916  0.00156278  -0.0052103  0.00843921  0.00358403
5.83581  -0.000468171  -0.00170395  0.00153418  -0.00512575  0.00833243  0.00354064
5.84812  -0.000457004  -0.00166945  0.00150609  -0.00504261  0.00822699  0.00349777
5.86043  -0.000446102  -0.00163566  0.00147851  -0.00496084  0.00812289  0.00345542
5.87274  -0.000435461  -0.00160255  0.00145144  -0.00488042  0.0080201  0.00341357
5.88506  -0.000425074  -0.00157011  0.00142486  -0.00480132  0.00791862  0.00337223
5.89737  -0.000414934  -0.00153834  0.00139877  -0.00472354  0.00781842  0.00333139
5.90968  -0.000405037  -0.00150721  0.00137316  -0.00464704  0.0077195  0.00329104
5.92199  -0.000395375  -0.00147671  0.00134801  -0.0045718  0.00762183  0.00325117
5.9343  -0.000385944  -0.00144683  0.00132332  -0.00449781  0.00752541  0.00321179
5.94662  -0.000376739  -0.00141756  0.00129908  -0.00442504  0.00743021  0.00317289
5.95893  -0.000367753  -0.00138889  0.00127529  -0.00435347  0.00733622  0.00313445
5.97124  -0.000358981  -0.00136079  0.00125193  -0.00428308  0.00724343  0.00309649
5.98355  -0.000350419  -0.00133327  0.001229  -0.00421385  0.00715182  0.00305898
5.99586  -0.000342061  -0.00130631  0.00120649  -0.00414577  0.00706138  0.00302193
6.00817  -0.000333903  -0.0012799  0.00118439  -0.00407881  0.00697209  0.00298534
6.02049  -0.00032594  -0.00125402  0.0011627  -0.00401295  0.00688394  0.00294919
6.0328  -0.000318167  -0.00122867  0.0011414  -0.00394818  0.00679691  0.00291348
6.04511  -0.000310579  -0.00120384  0.00112049  -0.00388448  0.006711  0.0028782
6.05742  -0.000303173  -0.00117951  0.00109997  -0.00382182  0.00662619  0.00284336
6.06973  -0.000295943  -0.00115567  0.00107982  -0.0037602  0.00654246  0.00280894
6.08205  -0.000288886  -0.00113232  0.00106004  -0.0036996  0.0064598  0.00277495
6.09436  -0.000281998  -0.00110945  0.00104063  -0.00363999  0.00637819  0.00274137
6.10667  -0.000275274  -0.00108704  0.00102157  -0.00358137  0.00629763  0.0027082
6.11898  -0.000268711  -0.00106508  0.00100286  -0.00352371  0.0062181  0.00267544
6.13129  -0.000262304  -0.00104357  0.000984491  -0.003467  0.00613959  0.00264308
6.1436  -0.000256051  -0.0010225  0.000966461  -0.00341122  0.00606209  0.00261112
6.15592  -0.000249947  -0.00100185  0.000948761  -0.00335636  0.00598558  0.00257956
6.16823  -0.000243988  -0.000981629  0.000931386  -0.0033024  0.00591004  0.00254838
6.18054  -0.000238172  -0.000961816  0.00091433  -0.00324933  0.00583548  0.00251758
6.19285  -0.000232495  -0.000942405  0.000897586  -0.00319713  0.00576187  0.00248717
6.20516  -0.000226953  -0.000923388  0.00088115  -0.00314579  0.0056892  0.00245713
6.21748  -0.000221544  -0.000904757  0.000865016  -0.0030953  0.00561747  0.00242746
6.22979  -0.000216264  -0.000886505  0.000849178  -0.00304563  0.00554666  0.00239815
6.2421  -0.00021111  -0.000868624  0.00083363  -0.00299678  0.00547675  0.00236921
6.25441  -0.000206079  -0.000851105  0.000818368  -0.00294873  0.00540774  0.00234062
6.26672  -0.000201169  -0.000833943  0.000803386  -0.00290146  0.00533961  0.00231239
6.27903  -0.000196375  -0.000817129  0.00078868  -0.00285498  0.00527236  0.0022845
6.29135  -0.000191696  -0.000800656  0.000774243  -0.00280925  0.00520598  0.00225696
6.30366  -0.000187129  -0.000784517  0.000760071  -0.00276428  0.00514044  0.00222976
6.31597  -0.000182671  -0.000768707  0.000746159  -0.00272004  0.00507575  0.0022029
6.32828  -0.000178319  -0.000753217  0.000732503  -0.00267652  0.00501188  0.00217637
6.34059  -0.000174071  -0.000738041  0.000719098  -0.00263372  0.00494884  0.00215016
6.35291  -0.000169925  -0.000723173  0.000705939  -0.00259162  0.0048866  0.00212429
6.36522  -0.000165878  -0.000708607  0.000693021  -0.00255021  0.00482516  0.00209873
6.37753  -0.000161927  -0.000694337  0.000680341  -0.00250947  0.00476451  0.00207348
6.38984  -0.00015807  -0.000680355  0.000667894  -0.0024694  0.00470464  0.00204855
6.40215  -0.000154306  -0.000666658  0.000655675  -0.00242999  0.00464554  0.00202393
6.41446  -0.000150632  -0.000653238  0.00064368  -0.00239122  0.0045872  0.00199962
6.42678  -0.000147045  -0.00064009  0.000631906  -0.00235308  0.0045296  0.0019756
6.43909  -0.000143544  -0.000627209  0.000620348  -0.00231557  0.00447274  0.00195188
6.4514  -0.000140126  -0.000614589  0.000609003  -0.00227867  0.00441662  0.00192846
6.46371  -0.00013679  -0.000602224  0.000597865  -0.00224237  0.00436121  0.00190533
6.47602  -0.000133534  -0.00059011  0.000586932  -0.00220666  0.00430652  0.00188248
6.48834  -0.000130355  -0.000578242  0.0005762  -0.00217153  0.00425252  0.00185992
6.50065  -0.000127252  -0.000566614  0.000565666  -0.00213698  0.00419922  0.00183763
6.51296  -0.000124224  -0.000555222  0.000555324  -0.00210299  0.00414661  0.00181562
6.52527  -0.000121267  -0.00054406  0.000545172  -0.00206955  0.00409466  0.00179389
6.53758  -0.000118381  -0.000533124  0.000535207  -0.00203666  0.00404339  0.00177242
6.54989  -0.000115564  -0.00052241  0.000525425  -0.0020043  0.00399277  0.00175123
6.56221  -0.000112814  -0.000511913  0.000515822  -0.00197247  0.0039428  0.00173029
6.57452  -0.00011013  -0.000501628  0.000506396  -0.00194115  0.00389348  0.00170961
6.58683  -0.00010751  -0.000491551  0.000497143  -0.00191035  0.00384478  0.00168919
6.59914  -0.000104952  -0.000481679  0.00048806  -0.00188004  0.00379671  0.00166903
6.61145  -0.000102456  -0.000472006  0.000479143  -0.00185023  0.00374926  0.00164911
6.62377  -0.000100019  -0.000462528  0.00047039  -0.0018209  0.00370241  0.00162944
6.63608  -9.76396e-05  -0.000453243  0.000461798  -0.00179205  0.00365617  0.00161002
6.64839  -9.53173e-05  -0.000444145  0.000453364  -0.00176367  0.00361051  0.00159083
6.6607  -9.30505e-05  -0.000435231  0.000445084  -0.00173574  0.00356545  0.00157189
6.67301  -9.08377e-05  -0.000426497  0.000436956  -0.00170827  0.00352096  0.00155317
6.68532  -8.86776e-05  -0.00041794  0.000428978  -0.00168125  0.00347704  0.0015347
6.69764  -8.65691e-05  -0.000409556  0.000421146  -0.00165466  0.00343368  0.00151645
6.70995  -8.45108e-05  -0.000401342  0.000413457  -0.0016285  0.00339088  0.00149842
6.72226  -8.25017e-05  -0.000393293  0.00040591  -0.00160276  0.00334863  0.00148062
6.73457  -8.05404e-05  -0.000385407  0.000398501  -0.00157745  0.00330691  0.00146304
6.74688  -7.86259e-05  -0.00037768  0.000391228  -0.00155254  0.00326574  0.00144568
6.7592  -7.6757e-05  -0.000370109  0.000384089  -0.00152803  0.00322509  0.00142854
6.77151  -7.49326e-05  -0.000362691  0.000377081  -0.00150392  0.00318496  0.00141161
6.78382  -7.31518e-05  -0.000355423  0.000370201  -0.0014802  0.00314534  0.00139489
6.79613  -7.14133e-05  -0.000348302  0.000363447  -0.00145686  0.00310623  0.00137837
6.80844  -6.97164e-05  -0.000341324  0.000356817  -0.0014339  0.00306762  0.00136206
6.82075  -6.80598e-05  -0.000334488  0.000350309  -0.00141131  0.00302951  0.00134595
6.83307  -6.64427e-05  -0.000327789  0.00034392  -0.00138909  0.00299188  0.00133005
6.84538  -6.48642e-05  -0.000321225  0.000337649  -0.00136722  0.00295474  0.00131434
6.85769  -6.33232e-05  -0.000314794  0.000331492  -0.0013457  0.00291807  0.00129882
6.87  -6.1819e-05  -0.000308492  0.000325448  -0.00132454  0.00288186  0.0012835
6.88231  -6.03506e-05  -0.000302318  0.000319516  -0.00130371  0.00284613  0.00126837
6.89463  -5.89172e-05  -0.000296268  0.000313691  -0.00128322  0.00281085  0.00125343
6.90694  -5.75179e-05  -0.00029034  0.000307974  -0.00126305  0.00277602  0.00123867
6.91925  -5.6152e-05  -0.000284531  0.000302362  -0.00124322  0.00274163  0.00122409
6.93156  -5.48185e-05  -0.00027884  0.000296852  -0.0012237  0.00270769  0.0012097
6.94387  -5.35169e-05  -0.000273263  0.000291443  -0.00120449  0.00267417  0.00119548
6.95618  -5.22462e-05  -0.000267798  0.000286134  -0.0011856  0.00264109  0.00118144
6.9685  -5.10058e-05  -0.000262444  0.000280922  -0.001167  0.00260843  0.00116758
6.98081  -4.97949e-05  -0.000257198  0.000275805  -0.00114871  0.00257619  0.00115389
6.99312  -4.86128e-05  -0.000252057  0.000270782  -0.00113071  0.00254436  0.00114037
7.00543  -4.74589e-05  -0.000247019  0.000265851  -0.001113  0.00251293  0.00112701
7.01774  -4.63325e-05  -0.000242084  0.000261011  -0.00109557  0.00248191  0.00111382
7.03006  -4.52328e-05  -0.000237247  0.000256259  -0.00107842  0.00245129  0.0011008
7.04237  -4.41594e-05  -0.000232508  0.000251594  -0.00106155  0.00242105  0.00108794
7.05468  -4.31115e-05  -0.000227864  0.000247015  -0.00104494  0.0023912  0.00107523
7.06699  -4.20885e-05  -0.000223314  0.000242519  -0.00102861  0.00236173  0.00106269
7.0793  -4.10898e-05  -0.000218855  0.000238106  -0.00101253  0.00233264  0.0010503
7.09161  -4.0115e-05  -0.000214485  0.000233774  -0.000996712  0.00230392  0.00103807
7.10393  -3.91633e-05  -0.000210204  0.000229521  -0.000981147  0.00227557  0.00102598
7.11624  -3.82343e-05  -0.000206009  0.000225346  -0.000965831  0.00224758  0.00101405
7.12855  -3.73273e-05  -0.000201898  0.000221248  -0.00095076  0.00221994  0.00100227
7.14086  -3.6442e-05  -0.00019787  0.000217224  -0.00093593  0.00219266  0.000990632
7.15317  -3.55776e-05  -0.000193923  0.000213274  -0.000921337  0.00216573  0.00097914
7.16549  -3.47339e-05  -0.000190055  0.000209397  -0.000906977  0.00213914  0.000967791
7.1778  -3.39102e-05  -0.000186265  0.00020559  -0.000892846  0.00211289  0.000956583
7.19011  -3.31061e-05  -0.00018255  0.000201853  -0.000878941  0.00208697  0.000945515
7.20242  -3.23212e-05  -0.000178911  0.000198185  -0.000865257  0.00206139  0.000934584
7.21473  -3.15549e-05  -0.000175345  0.000194584  -0.000851792  0.00203613  0.00092379
7.22704  -3.08068e-05  -0.00017185  0.000191048  -0.000838542  0.00201119  0.000913131
7.23936  -3.00765e-05  -0.000168425  0.000187578  -0.000825503  0.00198658  0.000902604
7.25167  -2.93635e-05  -0.00016507  0.00018417  -0.000812672  0.00196227  0.000892209
7.26398  -2.86676e-05  -0.000161781  0.000180826  -0.000800045  0.00193828  0.000881943
7.27629  -2.79881e-05  -0.000158559  0.000177542  -0.00078762  0.00191459  0.000871805
7.2886  -2.73248e-05  -0.000155401  0.000174319  -0.000775392  0.00189121  0.000861794
7.30092  -2.66773e-05  -0.000152307  0.000171154  -0.000763359  0.00186812  0.000851908
7.31323  -2.60451e-05  -0.000149274  0.000168047  -0.000751518  0.00184533  0.000842146
7.32554  -2.5428e-05  -0.000146303  0.000164998  -0.000739865  0.00182283  0.000832505
7.33785  -2.48256e-05  -0.000143391  0.000162004  -0.000728397  0.00180061  0.000822985
7.35016  -2.42374e-05  -0.000140538  0.000159065  -0.000717111  0.00177868  0.000813584
7.36247  -2.36633e-05  -0.000137742  0.000156179  -0.000706005  0.00175703  0.000804301
7.37479  -2.31028e-05  -0.000135001  0.000153347  -0.000695076  0.00173566  0.000795134
7.3871  -2.25555e-05  -0.000132316  0.000150566  -0.00068432  0.00171456  0.000786082
7.39941  -2.20213e-05  -0.000129685  0.000147836  -0.000673735  0.00169372  0.000777143
7.41172  -2.14998e-05  -0.000127106  0.000145156  -0.000663318  0.00167316  0.000768316
7.42403  -2.09907e-05  -0.000124579  0.000142525  -0.000653066  0.00165286  0.0007596
7.43635  -2.04937e-05  -0.000122103  0.000139942  -0.000642977  0.00163281  0.000750994
7.44866  -2.00084e-05  -0.000119676  0.000137407  -0.000633048  0.00161302  0.000742495
7.46097  -1.95347e-05  -0.000117298  0.000134918  -0.000623277  0.00159349  0.000734103
7.47328  -1.90723e-05  -0.000114968  0.000132474  -0.000613661  0.0015742  0.000725817
7.48559  -1.86208e-05  -0.000112684  0.000130075  -0.000604197  0.00155516  0.000717635
7.4979  -1.818e-05  -0.000110446  0.00012772  -0.000594883  0.00153637  0.000709556
7.51022  -1.77497e-05  -0.000108253  0.000125408  -0.000585716  0.00151781  0.000701579
7.52253  -1.73296e-05  -0.000106103  0.000123138  -0.000576695  0.00149949  0.000693703
7.53484  -1.69195e-05  -0.000103997  0.00012091  -0.000567817  0.00148141  0.000685926
7.54715  -1.65192e-05  -0.000101933  0.000118723  -0.000559079  0.00146355  0.000678247
7.55946  -1.61283e-05  -9.99101e-05  0.000116575  -0.00055048  0.00144593  0.000670665
7.57178  -1.57467e-05  -9.79278e-05  0.000114467  -0.000542017  0.00142853  0.000663179
7.58409  -1.53742e-05  -9.59852e-05  0.000112398  -0.000533688  0.00141135  0.000655788
7.5964  -1.50105e-05  -9.40814e-05  0.000110366  -0.000525491  0.00139439  0.00064849
7.60871  -1.46554e-05  -9.22158e-05  0.000108372  -0.000517423  0.00137765  0.000641285
7.62102  -1.43088e-05  -9.03875e-05  0.000106414  -0.000509483  0.00136113  0.000634171
7.63333  -1.39704e-05  -8.85957e-05  0.000104492  -0.000501668  0.00134481  0.000627148
7.64565  -1.364e-05  -8.68398e-05  0.000102605  -0.000493977  0.00132871  0.000620214
7.65796  -1.33175e-05  -8.51191e-05  0.000100752  -0.000486408  0.00131281  0.000613369
7.67027  -1.30026e-05  -8.34327e-05  9.89336e-05  -0.000478958  0.00129711  0.00060661
7.68258  -1.26952e-05  -8.17801e-05  9.71484e-05  -0.000471626  0.00128162  0.000599938
7.69489  -1.23951e-05  -8.01605e-05  9.53958e-05  -0.00046441  0.00126633  0.000593351
7.70721  -1.21021e-05  -7.85733e-05  9.36753e-05  -0.000457308  0.00125123  0.000586848
7.71952  -1.18161e-05  -7.70179e-05  9.19863e-05  -0.000450319  0.00123632  0.000580429
7.73183  -1.15368e-05  -7.54935e-05  9.03282e-05  -0.000443439  0.00122161  0.000574092
7.74414  -1.12642e-05  -7.39997e-05  8.87005e-05  -0.000436668  0.00120709  0.000567836
7.75645  -1.0998e-05  -7.25357e-05  8.71026e-05  -0.000430005  0.00119275  0.000561661
7.76876  -1.07381e-05  -7.11009e-05  8.5534e-05  -0.000423446  0.0011786  0.000555565
7.78108  -1.04844e-05  -6.96949e-05  8.39941e-05  -0.000416991  0.00116463  0.000549547
7.79339  -1.02368e-05  -6.8317e-05  8.24824e-05  -0.000410638  0.00115083  0.000543607
7.8057  -9.99498e-06  -6.69666e-05  8.09984e-05  -0.000404385  0.00113722  0.000537744
7.81801  -9.75892e-06  -6.56432e-05  7.95416e-05  -0.000398231  0.00112378  0.000531957
7.83032  -9.52846e-06  -6.43462e-05  7.81116e-05  -0.000392174  0.00111052  0.000526245
7.84264  -9.30346e-06  -6.30752e-05  7.67077e-05  -0.000386213  0.00109743  0.000520607
7.85495  -9.0838e-06  -6.18296e-05  7.53296e-05  -0.000380346  0.0010845  0.000515043
7.86726  -8.86935e-06  -6.06089e-05  7.39767e-05  -0.000374572  0.00107175  0.000509551
7.87957  -8.65998e-06  -5.94126e-05  7.26487e-05  -0.000368888  0.00105915  0.00050413
7.89188  -8.45559e-06  -5.82402e-05  7.13451e-05  -0.000363295  0.00104672  0.000498781
7.90419  -8.25603e-06  -5.70912e-05  7.00653e-05  -0.000357789  0.00103446  0.000493501
7.91651  -8.06122e-06  -5.59652e-05  6.88091e-05  -0.000352371  0.00102235  0.000488291
7.92882  -7.87102e-06  -5.48617e-05  6.75759e-05  -0.000347038  0.00101039  0.000483149
7.94113  -7.68533e-06  -5.37803e-05  6.63654e-05  -0.000341789  0.000998597  0.000478075
7.95344  -7.50405e-06  -5.27205e-05  6.51771e-05  -0.000336624  0.000986953  0.000473068
7.96575  -7.32707e-06  -5.16819e-05  6.40107e-05  -0.000331539  0.00097546  0.000468128
7.97807  -7.15428e-06  -5.0664e-05  6.28657e-05  -0.000326535  0.000964117  0.000463252
7.99038  -6.98559e-06  -4.96665e-05  6.17417e-05  -0.000321611  0.000952922  0.000458442
8.00269  -6.82091e-06  -4.86889e-05  6.06385e-05  -0.000316764  0.000941872  0.000453696
8.015  -6.66013e-06  -4.77309e-05  5.95555e-05  -0.000311993  0.000930967  0.000449013
8.02731  -6.50316e-06  -4.67921e-05  5.84925e-05  -0.000307298  0.000920204  0.000444392
8.03962  -6.34992e-06  -4.5872e-05  5.7449e-05  -0.000302677  0.000909582  0.000439834
8.05194  -6.20031e-06  -4.49703e-05  5.64248e-05  -0.000298129  0.000899098  0.000435337
8.06425  -6.05425e-06  -4.40867e-05  5.54195e-05  -0.000293653  0.000888752  0.0004309
8.07656  -5.91166e-06  -4.32207e-05  5.44327e-05  -0.000289248  0.000878542  0.000426524
8.08887  -5.77245e-06  -4.23721e-05  5.34641e-05  -0.000284913  0.000868466  0.000422207
8.10118  -5.63655e-06  -4.15405e-05  5.25134e-05  -0.000280646  0.000858522  0.000417949
8.1135  -5.50387e-06  -4.07255e-05  5.15802e-05  -0.000276446  0.000848709  0.000413748
8.12581  -5.37433e-06  -3.99268e-05  5.06643e-05  -0.000272313  0.000839026  0.000409605
8.13812  -5.24788e-06  -3.91441e-05  4.97653e-05  -0.000268246  0.00082947  0.000405519
8.15043  -5.12442e-06  -3.83771e-05  4.8883e-05  -0.000264243  0.00082004  0.00040149
8.16274  -5.00389e-06  -3.76254e-05  4.8017e-05  -0.000260303  0.000810735  0.000397515
8.17505  -4.88623e-06  -3.68888e-05  4.7167e-05  -0.000256426  0.000801554  0.000393596
8.18737  -4.77136e-06  -3.6167e-05  4.63328e-05  -0.000252611  0.000792494  0.000389732
8.19968  -4.65922e-06  -3.54596e-05  4.5514e-05  -0.000248856  0.000783554  0.000385921
8.21199  -4.54974e-06  -3.47664e-05  4.47105e-05  -0.00024516  0.000774734  0.000382163
8.2243  -4.44286e-06  -3.40872e-05  4.39219e-05  -0.000241523  0.000766031  0.000378459
8.23661  -4.33852e-06  -3.34215e-05  4.31479e-05  -0.000237944  0.000757444  0.000374807
8.24893  -4.23666e-06  -3.27692e-05  4.23884e-05  -0.000234422  0.000748972  0.000371206
8.26124  -4.13722e-06  -3.213e-05  4.1643e-05  -0.000230956  0.000740614  0.000367656
8.27355  -4.04015e-06  -3.15036e-05  4.09114e-05  -0.000227545  0.000732367  0.000364158
8.28586  -3.94538e-06  -3.08899e-05  4.01936e-05  -0.000224189  0.000724232  0.000360709
8.29817  -3.85286e-06  -3.02884e-05  3.94891e-05  -0.000220886  0.000716206  0.00035731
8.31048  -3.76255e-06  -2.96991e-05  3.87978e-05  -0.000217635  0.000708288  0.00035396
8.3228  -3.67439e-06  -2.91216e-05  3.81194e-05  -0.000214437  0.000700478  0.000350658
8.33511  -3.58832e-06  -2.85557e-05  3.74538e-05  -0.000211289  0.000692773  0.000347405
8.34742  -3.5043e-06  -2.80012e-05  3.68006e-05  -0.000208192  0.000685173  0.0003442
8.35973  -3.42228e-06  -2.74579e-05  3.61597e-05  -0.000205144  0.000677676  0.000341042
8.37204  -3.34222e-06  -2.69255e-05  3.55309e-05  -0.000202145  0.000670282  0.00033793
8.38436  -3.26407e-06  -2.64039e-05  3.49138e-05  -0.000199194  0.000662988  0.000334865
8.39667  -3.18777e-06  -2.58928e-05  3.43084e-05  -0.000196291  0.000655795  0.000331845
8.40898  -3.1133e-06  -2.5392e-05  3.37145e-05  -0.000193434  0.0006487  0.000328871
8.42129  -3.0406e-06  -2.49013e-05  3.31317e-05  -0.000190623  0.000641703  0.000325942
8.4336  -2.96964e-06  -2.44205e-05  3.256e-05  -0.000187857  0.000634802  0.000323058
8.44591  -2.90037e-06  -2.39495e-05  3.19991e-05  -0.000185136  0.000627997  0.000320217
8.45823  -2.83275e-06  -2.3488e-05  3.14489e-05  -0.000182458  0.000621286  0.000317421
8.47054  -2.76676e-06  -2.30359e-05  3.09092e-05  -0.000179824  0.000614669  0.000314667
8.48285  -2.70233e-06  -2.25929e-05  3.03797e-05  -0.000177232  0.000608144  0.000311957
8.49516  -2.63945e-06  -2.21589e-05  2.98603e-05  -0.000174682  0.00060171  0.000309288
8.50747  -2.57808e-06  -2.17337e-05  2.93509e-05  -0.000172174  0.000595366  0.000306662
8.51979  -2.51817e-06  -2.13172e-05  2.88512e-05  -0.000169706  0.000589112  0.000304078
8.5321  -2.4597e-06  -2.09092e-05  2.83611e-05  -0.000167278  0.000582946  0.000301535
8.54441  -2.40264e-06  -2.05094e-05  2.78804e-05  -0.00016489  0.000576867  0.000299033
8.55672  -2.34694e-06  -2.01178e-05  2.7409e-05  -0.00016254  0.000570875  0.000296571
8.56903  -2.29258e-06  -1.97343e-05  2.69467e-05  -0.000160229  0.000564968  0.00029415
8.58134  -2.23952e-06  -1.93585e-05  2.64934e-05  -0.000157956  0.000559146  0.000291769
8.59366  -2.18774e-06  -1.89904e-05  2.60489e-05  -0.00015572  0.000553407  0.000289427
8.60597  -2.13721e-06  -1.86299e-05  2.5613e-05  -0.00015352  0.000547751  0.000287124
8.61828  -2.08789e-06  -1.82768e-05  2.51856e-05  -0.000151357  0.000542176  0.00028486
8.63059  -2.03977e-06  -1.79309e-05  2.47666e-05  -0.000149229  0.000536683  0.000282635
8.6429  -1.9928e-06  -1.75922e-05  2.43558e-05  -0.000147136  0.00053127  0.000280448
8.65522  -1.94697e-06  -1.72604e-05  2.39531e-05  -0.000145078  0.000525936  0.000278298
8.66753  -1.90225e-06  -1.69355e-05  2.35583e-05  -0.000143054  0.00052068  0.000276187
8.67984  -1.85862e-06  -1.66173e-05  2.31714e-05  -0.000141063  0.000515502  0.000274112
8.69215  -1.81604e-06  -1.63056e-05  2.27921e-05  -0.000139106  0.0005104  0.000272074
8.70446  -1.77449e-06  -1.60005e-05  2.24204e-05  -0.000137181  0.000505375  0.000270073
8.71677  -1.73395e-06  -1.57017e-05  2.20562e-05  -0.000135288  0.000500425  0.000268109
8.72909  -1.6944e-06  -1.54091e-05  2.16992e-05  -0.000133427  0.000495549  0.00026618
8.7414  -1.65582e-06  -1.51226e-05  2.13495e-05  -0.000131597  0.000490746  0.000264287
8.75371  -1.61817e-06  -1.48421e-05  2.10068e-05  -0.000129798  0.000486017  0.00026243
8.76602  -1.58145e-06  -1.45675e-05  2.06711e-05  -0.000128029  0.00048136  0.000260608
8.77833  -1.54563e-06  -1.42986e-05  2.03422e-05  -0.00012629  0.000476774  0.000258821
8.79065  -1.51068e-06  -1.40354e-05  2.00201e-05  -0.000124581  0.000472259  0.000257068
8.80296  -1.4766e-06  -1.37778e-05  1.97046e-05  -0.000122901  0.000467814  0.00025535
8.81527  -1.44336e-06  -1.35256e-05  1.93956e-05  -0.000121249  0.000463438  0.000253666
8.82758  -1.41093e-06  -1.32788e-05  1.90931e-05  -0.000119626  0.000459131  0.000252016
8.83989  -1.37931e-06  -1.30372e-05  1.87969e-05  -0.000118031  0.000454892  0.0002504
8.8522  -1.34847e-06  -1.28008e-05  1.85069e-05  -0.000116463  0.00045072  0.000248817
8.86452  -1.3184e-06  -1.25694e-05  1.8223e-05  -0.000114922  0.000446615  0.000247267
8.87683  -1.28908e-06  -1.2343e-05  1.79452e-05  -0.000113408  0.000442576  0.00024575
8.88914  -1.26049e-06  -1.21215e-05  1.76732e-05  -0.00011192  0.000438602  0.000244267
8.90145  -1.23262e-06  -1.19048e-05  1.74072e-05  -0.000110458  0.000434693  0.000242815
8.91376  -1.20544e-06  -1.16928e-05  1.71469e-05  -0.000109022  0.000430848  0.000241396
8.92608  -1.17896e-06  -1.14853e-05  1.68922e-05  -0.000107611  0.000427066  0.000240009
8.93839  -1.15314e-06  -1.12825e-05  1.66432e-05  -0.000106226  0.000423348  0.000238654
8.9507  -1.12797e-06  -1.10841e-05  1.63996e-05  -0.000104865  0.000419692  0.000237331
8.96301  -1.10345e-06  -1.089e-05  1.61615e-05  -0.000103528  0.000416097  0.000236039
8.97532  -1.07956e-06  -1.07003e-05  1.59287e-05  -0.000102215  0.000412564  0.000234778
8.98763  -1.05627e-06  -1.05147e-05  1.57012e-05  -0.000100926  0.000409092  0.000233549
8.99995  -1.03359e-06  -1.03334e-05  1.54789e-05  -9.96602e-05  0.00040568  0.00023235
9.01226  -1.0115e-06  -1.01561e-05  1.52616e-05  -9.84175e-05  0.000402327  0.000231182
9.02457  -9.89974e-07  -9.98278e-06  1.50495e-05  -9.71975e-05  0.000399033  0.000230045
9.03688  -9.69014e-07  -9.81342e-06  1.48422e-05  -9.60001e-05  0.000395799  0.000228938
9.04919  -9.48604e-07  -9.64792e-06  1.46399e-05  -9.48248e-05  0.000392622  0.000227862
9.06151  -9.28733e-07  -9.48623e-06  1.44424e-05  -9.36714e-05  0.000389502  0.000226816
9.07382  -9.09389e-07  -9.32828e-06  1.42497e-05  -9.25396e-05  0.00038644  0.000225799
9.08613  -8.9056e-07  -9.174e-06  1.40617e-05  -9.14292e-05  0.000383434  0.000224812
9.09844  -8.72237e-07  -9.02333e-06  1.38783e-05  -9.03398e-05  0.000380485  0.000223855
9.11075  -8.54409e-07  -8.87622e-06  1.36995e-05  -8.92713e-05  0.000377591  0.000222927
9.12306  -8.37065e-07  -8.73259e-06  1.35252e-05  -8.82233e-05  0.000374753  0.000222029
9.13538  -8.20196e-07  -8.59241e-06  1.33554e-05  -8.71957e-05  0.000371969  0.00022116
9.14769  -8.03793e-07  -8.45561e-06  1.319e-05  -8.61881e-05  0.000369239  0.00022032
9.16  -7.87845e-07  -8.32213e-06  1.30289e-05  -8.52003e-05  0.000366564  0.000219509
9.17231  -7.72343e-07  -8.19193e-06  1.28721e-05  -8.42321e-05  0.000363942  0.000218726
9.18462  -7.5728e-07  -8.06495e-06  1.27195e-05  -8.32833e-05  0.000361373  0.000217973
9.19694  -7.42646e-07  -7.94113e-06  1.25712e-05  -8.23536e-05  0.000358857  0.000217248
9.20925  -7.28433e-07  -7.82044e-06  1.2427e-05  -8.14428e-05  0.000356393  0.000216551
9.22156  -7.14632e-07  -7.70283e-06  1.22868e-05  -8.05506e-05  0.000353981  0.000215883
9.23387  -7.01237e-07  -7.58823e-06  1.21508e-05  -7.9677e-05  0.00035162  0.000215243
9.24618  -6.88239e-07  -7.47662e-06  1.20187e-05  -7.88216e-05  0.000349311  0.000214631
9.25849  -6.75631e-07  -7.36795e-06  1.18905e-05  -7.79843e-05  0.000347053  0.000214047
9.27081  -6.63405e-07  -7.26217e-06  1.17663e-05  -7.71648e-05  0.000344845  0.000213491
9.28312  -6.51555e-07  -7.15924e-06  1.1646e-05  -7.63629e-05  0.000342687  0.000212962
9.29543  -6.40075e-07  -7.05912e-06  1.15295e-05  -7.55786e-05  0.000340578  0.000212462
9.30774  -6.28957e-07  -6.96176e-06  1.14167e-05  -7.48115e-05  0.00033852  0.000211989
9.32005  -6.18195e-07  -6.86714e-06  1.13077e-05  -7.40615e-05  0.00033651  0.000211544
9.33237  -6.07783e-07  -6.77522e-06  1.12025e-05  -7.33284e-05  0.000334549  0.000211126
9.34468  -5.97715e-07  -6.68595e-06  1.11009e-05  -7.2612e-05  0.000332636  0.000210736
9.35699  -5.87985e-07  -6.5993e-06  1.1003e-05  -7.19122e-05  0.000330772  0.000210373
9.3693  -5.78588e-07  -6.51524e-06  1.09087e-05  -7.12288e-05  0.000328956  0.000210038
9.38161  -5.69519e-07  -6.43373e-06  1.08179e-05  -7.05617e-05  0.000327187  0.000209729
9.39392  -5.60772e-07  -6.35474e-06  1.07307e-05  -6.99106e-05  0.000325465  0.000209448
9.40624  -5.52342e-07  -6.27824e-06  1.06471e-05  -6.92754e-05  0.000323791  0.000209194
9.41855  -5.44225e-07  -6.20419e-06  1.05669e-05  -6.8656e-05  0.000322163  0.000208967
9.43086  -5.36415e-07  -6.13258e-06  1.04902e-05  -6.80522e-05  0.000320582  0.000208768
9.44317  -5.28909e-07  -6.06337e-06  1.0417e-05  -6.74639e-05  0.000319047  0.000208595
9.45548  -5.21702e-07  -5.99653e-06  1.03471e-05  -6.68909e-05  0.000317558  0.000208449
9.4678  -5.1479e-07  -5.93204e-06  1.02807e-05  -6.6333e-05  0.000316115  0.00020833
9.48011  -5.08169e-07  -5.86986e-06  1.02176e-05  -6.57903e-05  0.000314717  0.000208238
9.49242  -5.01835e-07  -5.80999e-06  1.01579e-05  -6.52624e-05  0.000313364  0.000208172
9.50473  -4.95785e-07  -5.75238e-06  1.01015e-05  -6.47494e-05  0.000312057  0.000208134
9.51704  -4.90015e-07  -5.69702e-06  1.00484e-05  -6.4251e-05  0.000310795  0.000208122
9.52935  -4.84522e-07  -5.64389e-06  9.99856e-06  -6.37672e-05  0.000309577  0.000208137
9.54167  -4.79303e-07  -5.59297e-06  9.95203e-06  -6.32978e-05  0.000308404  0.000208179
9.55398  -4.74354e-07  -5.54422e-06  9.90876e-06  -6.28428e-05  0.000307274  0.000208248
9.56629  -4.69674e-07  -5.49765e-06  9.86874e-06  -6.24019e-05  0.00030619  0.000208343
9.5786  -4.65259e-07  -5.45322e-06  9.83194e-06  -6.19752e-05  0.000305148  0.000208465
9.59091  -4.61106e-07  -5.41092e-06  9.79837e-06  -6.15624e-05  0.000304151  0.000208614
9.60323  -4.57214e-07  -5.37073e-06  9.76799e-06  -6.11636e-05  0.000303197  0.00020879
9.61554  -4.5358e-07  -5.33263e-06  9.74082e-06  -6.07785e-05  0.000302287  0.000208992
9.62785  -4.50202e-07  -5.29662e-06  9.71682e-06  -6.04072e-05  0.00030142  0.000209221
9.64016  -4.47078e-07  -5.26267e-06  9.69601e-06  -6.00495e-05  0.000300596  0.000209477
9.65247  -4.44207e-07  -5.23078e-06  9.67836e-06  -5.97053e-05  0.000299815  0.00020976
9.66478  -4.41586e-07  -5.20092e-06  9.66388e-06  -5.93745e-05  0.000299077  0.000210069
9.6771  -4.39214e-07  -5.17309e-06  9.65255e-06  -5.90571e-05  0.000298381  0.000210405
9.68941  -4.3709e-07  -5.14727e-06  9.64438e-06  -5.87531e-05  0.000297728  0.000210768
9.70172  -4.35213e-07  -5.12346e-06  9.63936e-06  -5.84622e-05  0.000297118  0.000211158
9.71403  -4.33581e-07  -5.10165e-06  9.63748e-06  -5.81844e-05  0.00029655  0.000211575
9.72634  -4.32194e-07  -5.08182e-06  9.63875e-06  -5.79198e-05  0.000296024  0.000212019
9.73866  -4.3105e-07  -5.06397e-06  9.64317e-06  -5.76681e-05  0.00029554  0.00021249
9.75097  -4.30149e-07  -5.04809e-06  9.65074e-06  -5.74294e-05  0.000295099  0.000212988
9.76328  -4.29491e-07  -5.03418e-06  9.66145e-06  -5.72035e-05  0.000294699  0.000213513
9.77559  -4.29075e-07  -5.02222e-06  9.67531e-06  -5.69905e-05  0.000294342  0.000214065
9.7879  -4.28901e-07  -5.01222e-06  9.69233e-06  -5.67902e-05  0.000294026  0.000214644
9.80021  -4.28968e-07  -5.00416e-06  9.71251e-06  -5.66027e-05  0.000293752  0.000215251
9.81253  -4.29277e-07  -4.99805e-06  9.73586e-06  -5.64278e-05  0.000293519  0.000215885
9.82484  -4.29828e-07  -4.99388e-06  9.76238e-06  -5.62656e-05  0.000293328  0.000216546
9.83715  -4.30621e-07  -4.99166e-06  9.79208e-06  -5.61159e-05  0.000293179  0.000217235
9.84946  -4.31656e-07  -4.99137e-06  9.82497e-06  -5.59788e-05  0.000293071  0.000217951
