8e-06  -4.52538e-11  -4.19869e-14  -1.34208e-06  -5.99292e-17  -5.41858e-11  -1.53297e-09
0.0123198  -6.21095e-06  -4.54409e-08  -0.00206671  -2.633e-10  -1.74699e-05  -1.64897e-05
0.0246316  -2.48232e-05  -3.05351e-07  -0.00413148  -3.04456e-09  -6.98235e-05  -6.49944e-05
0.0369435  -5.58228e-05  -1.0156e-06  -0.00619508  -1.47968e-08  -0.000157023  -0.000145961
0.0492553  -9.91866e-05  -2.39975e-06  -0.00825691  -4.63798e-08  -0.000279008  -0.000259302
0.0615671  -0.000154882  -4.68075e-06  -0.0103164  -1.12913e-07  -0.00043569  -0.000404949
0.0738789  -0.000222869  -8.08081e-06  -0.0123729  -2.33794e-07  -0.000626961  -0.000582824
0.0861907  -0.000303095  -1.2821e-05  -0.0144259  -4.32676e-07  -0.000852686  -0.000792839
0.0985025  -0.000395502  -1.9121e-05  -0.0164748  -7.37428e-07  -0.00111271  -0.00103489
0.110814  -0.000500022  -2.71989e-05  -0.0185191  -1.1801e-06  -0.00140684  -0.00130887
0.123126  -0.000616578  -3.7271e-05  -0.020558  -1.79689e-06  -0.00173488  -0.00161464
0.135438  -0.000745086  -4.95514e-05  -0.0225911  -2.62806e-06  -0.00209659  -0.00195206
0.14775  -0.000885451  -6.42519e-05  -0.0246178  -3.71793e-06  -0.00249174  -0.00232096
0.160062  -0.00103757  -8.15822e-05  -0.0266375  -5.11476e-06  -0.00292003  -0.00272118
0.172373  -0.00120134  -0.000101749  -0.0286497  -6.87073e-06  -0.00338118  -0.00315251
0.184685  -0.00137665  -0.000124956  -0.0306538  -9.04187e-06  -0.00387487  -0.00361475
0.196997  -0.00156336  -0.000151405  -0.0326492  -1.16879e-05  -0.00440076  -0.00410769
0.209309  -0.00176135  -0.000181292  -0.0346354  -1.48724e-05  -0.00495849  -0.0046311
0.221621  -0.00197048  -0.000214814  -0.0366118  -1.86624e-05  -0.00554769  -0.00518471
0.233933  -0.00219061  -0.000252159  -0.038578  -2.31284e-05  -0.00616794  -0.00576828
0.246244  -0.00242158  -0.000293517  -0.0405333  -2.83444e-05  -0.00681884  -0.00638152
0.258556  -0.00266325  -0.00033907  -0.0424773  -3.43879e-05  -0.00749994  -0.00702414
0.270868  -0.00291546  -0.000388999  -0.0444094  -4.13394e-05  -0.0082108  -0.00769584
0.28318  -0.00317803  -0.000443479  -0.0463291  -4.92826e-05  -0.00895095  -0.0083963
0.295492  -0.0034508  -0.000502681  -0.0482358  -5.83044e-05  -0.00971988  -0.0091252
0.307803  -0.00373359  -0.000566774  -0.0501292  -6.84945e-05  -0.0105171  -0.00988219
0.320115  -0.00402623  -0.000635922  -0.0520086  -7.99456e-05  -0.0113421  -0.0106669
0.332427  -0.00432854  -0.000710282  -0.0538736  -9.2753e-05  -0.0121944  -0.011479
0.344739  -0.00464032  -0.000790011  -0.0557237  -0.000107015  -0.0130733  -0.012318
0.357051  -0.0049614  -0.000875259  -0.0575585  -0.000122831  -0.0139783  -0.0131837
0.369363  -0.00529159  -0.000966172  -0.0593774  -0.000140306  -0.014909  -0.0140755
0.381674  -0.00563068  -0.00106289  -0.0611799  -0.000159544  -0.0158645  -0.0149931
0.393986  -0.0059785  -0.00116556  -0.0629657  -0.000180653  -0.0168445  -0.015936
0.406298  -0.00633484  -0.0012743  -0.0647343  -0.000203743  -0.0178482  -0.0169038
0.41861  -0.00669951  -0.00138925  -0.0664852  -0.000228926  -0.0188751  -0.0178961
0.430922  -0.00707231  -0.00151053  -0.068218  -0.000256315  -0.0199245  -0.0189123
0.443233  -0.00745305  -0.00163826  -0.0699323  -0.000286026  -0.0209958  -0.019952
0.455545  -0.00784153  -0.00177257  -0.0716276  -0.000318177  -0.0220883  -0.0210147
0.467857  -0.00823755  -0.00191355  -0.0733036  -0.000352887  -0.0232014  -0.0220999
0.480169  -0.00864093  -0.00206131  -0.0749598  -0.000390276  -0.0243344  -0.0232072
0.492481  -0.00905146  -0.00221597  -0.0765958  -0.000430467  -0.0254868  -0.0243359
0.504792  -0.00946895  -0.00237762  -0.0782112  -0.000473584  -0.0266577  -0.0254856
0.517104  -0.00989322  -0.00254635  -0.0798057  -0.000519751  -0.0278465  -0.0266558
0.529416  -0.0103241  -0.00272226  -0.0813788  -0.000569094  -0.0290526  -0.0278458
0.541728  -0.0107613  -0.00290544  -0.0829303  -0.000621742  -0.0302752  -0.0290551
0.55404  -0.0112048  -0.00309597  -0.0844596  -0.000677822  -0.0315137  -0.0302832
0.566352  -0.0116543  -0.00329393  -0.0859666  -0.000737464  -0.0327674  -0.0315295
0.578663  -0.0121096  -0.0034994  -0.0874507  -0.000800799  -0.0340355  -0.0327935
0.590975  -0.0125707  -0.00371245  -0.0889118  -0.000867957  -0.0353175  -0.0340744
0.603287  -0.0130372  -0.00393315  -0.0903494  -0.000939072  -0.0366125  -0.0353718
0.615599  -0.013509  -0.00416158  -0.0917632  -0.00101428  -0.03792  -0.036685
0.627911  -0.0139861  -0.00439779  -0.0931529  -0.0010937  -0.0392391  -0.0380134
0.640222  -0.0144681  -0.00464184  -0.0945182  -0.00117748  -0.0405692  -0.0393564
0.652534  -0.014955  -0.0048938  -0.0958587  -0.00126576  -0.0419097  -0.0407134
0.664846  -0.0154466  -0.00515372  -0.0971743  -0.00135866  -0.0432597  -0.0420837
0.677158  -0.0159427  -0.00542166  -0.0984645  -0.00145632  -0.0446185  -0.0434667
0.68947  -0.0164432  -0.00569766  -0.099729  -0.00155889  -0.0459856  -0.0448618
0.701782  -0.016948  -0.00598177  -0.100968  -0.00166649  -0.0473602  -0.0462682
0.714093  -0.0174568  -0.00627403  -0.10218  -0.00177926  -0.0487416  -0.0476854
0.726405  -0.0179697  -0.0065745  -0.103366  -0.00189733  -0.050129  -0.0491126
0.738717  -0.0184864  -0.00688321  -0.104526  -0.00202086  -0.0515218  -0.0505492
0.751029  -0.0190068  -0.0072002  -0.105658  -0.00214997  -0.0529194  -0.0519946
0.763341  -0.0195309  -0.0075255  -0.106763  -0.0022848  -0.054321  -0.053448
0.775652  -0.0200584  -0.00785915  -0.107841  -0.00242548  -0.0557258  -0.0549088
0.787964  -0.0205893  -0.00820119  -0.108891  -0.00257216  -0.0571334  -0.0563762
0.800276  -0.0211234  -0.00855164  -0.109913  -0.00272498  -0.0585428  -0.0578496
0.812588  -0.0216607  -0.00891052  -0.110907  -0.00288406  -0.0599535  -0.0593283
0.8249  -0.0222011  -0.00927788  -0.111872  -0.00304955  -0.0613649  -0.0608115
0.837212  -0.0227443  -0.00965373  -0.112809  -0.00322158  -0.0627761  -0.0622986
0.849523  -0.0232905  -0.0100381  -0.113717  -0.0034003  -0.0641865  -0.0637889
0.861835  -0.0238394  -0.010431  -0.114596  -0.00358582  -0.0655955  -0.0652816
0.874147  -0.024391  -0.0108324  -0.115446  -0.0037783  -0.0670024  -0.066776
0.886459  -0.0249451  -0.0112425  -0.116267  -0.00397786  -0.0684065  -0.0682715
0.898771  -0.0255018  -0.0116611  -0.117057  -0.00418465  -0.0698071  -0.0697672
0.911082  -0.0260609  -0.0120883  -0.117819  -0.00439878  -0.0712037  -0.0712625
0.923394  -0.0266223  -0.0125241  -0.11855  -0.0046204  -0.0725955  -0.0727567
0.935706  -0.027186  -0.0129686  -0.119251  -0.00484965  -0.0739819  -0.074249
0.948018  -0.0277519  -0.0134216  -0.119922  -0.00508664  -0.0753622  -0.0757386
0.96033  -0.0283199  -0.0138833  -0.120562  -0.00533151  -0.0767357  -0.077225
0.972642  -0.02889  -0.0143537  -0.121172  -0.00558439  -0.0781019  -0.0787073
0.984953  -0.029462  -0.0148327  -0.121751  -0.0058454  -0.0794602  -0.0801848
0.997265  -0.030036  -0.0153203  -0.122299  -0.00611468  -0.0808097  -0.0816568
1.00958  -0.0306118  -0.0158166  -0.122816  -0.00639236  -0.08215  -0.0831226
1.02189  -0.0311894  -0.0163215  -0.123303  -0.00667854  -0.0834804  -0.0845814
1.0342  -0.0317688  -0.016835  -0.123758  -0.00697336  -0.0848002  -0.0860325
1.04651  -0.0323498  -0.0173572  -0.124181  -0.00727694  -0.0861088  -0.0874752
1.05882  -0.0329324  -0.0178879  -0.124574  -0.00758939  -0.0874057  -0.0889088
1.07114  -0.0335165  -0.0184273  -0.124935  -0.00791084  -0.0886901  -0.0903325
1.08345  -0.0341022  -0.0189752  -0.125264  -0.00824139  -0.0899615  -0.0917457
1.09576  -0.0346892  -0.0195316  -0.125561  -0.00858116  -0.0912193  -0.0931476
1.10807  -0.0352776  -0.0200966  -0.125827  -0.00893027  -0.0924629  -0.0945375
1.12038  -0.0358672  -0.02067  -0.126061  -0.00928881  -0.0936916  -0.0959147
1.1327  -0.0364581  -0.021252  -0.126264  -0.0096569  -0.0949048  -0.0972786
1.14501  -0.0370502  -0.0218423  -0.126434  -0.0100346  -0.096102  -0.0986283
1.15732  -0.0376433  -0.0224411  -0.126573  -0.0104221  -0.0972826  -0.0999633
1.16963  -0.0382374  -0.0230482  -0.126679  -0.0108194  -0.0984459  -0.101283
1.18194  -0.0388325  -0.0236636  -0.126754  -0.0112267  -0.0995915  -0.102586
1.19425  -0.0394285  -0.0242873  -0.126797  -0.011644  -0.100719  -0.103873
1.20657  -0.0400252  -0.0249191  -0.126807  -0.0120714  -0.101827  -0.105142
1.21888  -0.0406227  -0.0255591  -0.126786  -0.012509  -0.102916  -0.106393
1.23119  -0.0412208  -0.0262072  -0.126733  -0.0129569  -0.103984  -0.107625
1.2435  -0.0418194  -0.0268633  -0.126648  -0.0134151  -0.105032  -0.108837
1.25581  -0.0424185  -0.0275273  -0.126532  -0.0138837  -0.106059  -0.11003
1.26813  -0.0430179  -0.0281991  -0.126383  -0.0143629  -0.107064  -0.111202
1.28044  -0.0436176  -0.0288788  -0.126203  -0.0148525  -0.108047  -0.112352
1.29275  -0.0442175  -0.0295661  -0.125991  -0.0153528  -0.109006  -0.113481
1.30506  -0.0448174  -0.030261  -0.125748  -0.0158637  -0.109943  -0.114587
1.31737  -0.0454173  -0.0309633  -0.125473  -0.0163853  -0.110856  -0.11567
1.32968  -0.0460171  -0.0316731  -0.125167  -0.0169177  -0.111744  -0.116729
1.342  -0.0466166  -0.0323901  -0.124829  -0.0174608  -0.112607  -0.117764
1.35431  -0.0472157  -0.0331142  -0.124461  -0.0180147  -0.113445  -0.118774
1.36662  -0.0478142  -0.0338454  -0.124061  -0.0185794  -0.114257  -0.119758
1.37893  -0.0484122  -0.0345834  -0.123631  -0.019155  -0.115043  -0.120717
1.39124  -0.0490093  -0.0353282  -0.123171  -0.0197414  -0.115802  -0.121649
1.40356  -0.0496056  -0.0360795  -0.12268  -0.0203386  -0.116533  -0.122555
1.41587  -0.0502007  -0.0368373  -0.122159  -0.0209467  -0.117237  -0.123433
1.42818  -0.0507947  -0.0376014  -0.121607  -0.0215656  -0.117913  -0.124283
1.44049  -0.0513873  -0.0383715  -0.121026  -0.0221953  -0.118559  -0.125104
1.4528  -0.0519783  -0.0391476  -0.120416  -0.0228357  -0.119177  -0.125897
1.46511  -0.0525677  -0.0399294  -0.119776  -0.0234869  -0.119765  -0.126661
1.47743  -0.0531551  -0.0407167  -0.119108  -0.0241487  -0.120324  -0.127395
1.48974  -0.0537406  -0.0415094  -0.11841  -0.0248212  -0.120852  -0.128099
1.50205  -0.0543238  -0.0423072  -0.117684  -0.0255043  -0.121349  -0.128773
1.51436  -0.0549046  -0.0431099  -0.116931  -0.0261978  -0.121815  -0.129416
1.52667  -0.0554827  -0.0439173  -0.116149  -0.0269018  -0.12225  -0.130028
1.53899  -0.0560581  -0.0447291  -0.11534  -0.0276161  -0.122653  -0.130608
1.5513  -0.0566305  -0.0455451  -0.114504  -0.0283405  -0.123024  -0.131157
1.56361  -0.0571996  -0.0463651  -0.113641  -0.0290751  -0.123362  -0.131673
1.57592  -0.0577653  -0.0471887  -0.112752  -0.0298197  -0.123668  -0.132158
1.58823  -0.0583274  -0.0480158  -0.111837  -0.0305742  -0.123941  -0.132609
1.60054  -0.0588855  -0.048846  -0.110897  -0.0313384  -0.12418  -0.133028
1.61286  -0.0594396  -0.0496791  -0.109931  -0.0321121  -0.124386  -0.133414
1.62517  -0.0599894  -0.0505147  -0.108941  -0.0328952  -0.124558  -0.133767
1.63748  -0.0605345  -0.0513526  -0.107926  -0.0336876  -0.124696  -0.134087
1.64979  -0.0610749  -0.0521924  -0.106888  -0.034489  -0.1248  -0.134373
1.6621  -0.0616102  -0.0530339  -0.105827  -0.0352993  -0.124869  -0.134625
1.67442  -0.0621402  -0.0538767  -0.104743  -0.0361182  -0.124904  -0.134844
1.68673  -0.0626647  -0.0547204  -0.103637  -0.0369456  -0.124904  -0.135029
1.69904  -0.0631833  -0.0555648  -0.102509  -0.0377812  -0.12487  -0.13518
1.71135  -0.0636959  -0.0564094  -0.10136  -0.0386248  -0.1248  -0.135297
1.72366  -0.0642021  -0.057254  -0.10019  -0.0394761  -0.124695  -0.13538
1.73597  -0.0647018  -0.0580981  -0.0990003  -0.0403348  -0.124555  -0.13543
1.74829  -0.0651946  -0.0589414  -0.097791  -0.0412008  -0.12438  -0.135445
1.7606  -0.0656803  -0.0597835  -0.0965629  -0.0420737  -0.124169  -0.135427
1.77291  -0.0661587  -0.0606241  -0.0953165  -0.0429532  -0.123924  -0.135375
1.78522  -0.0666293  -0.0614627  -0.0940524  -0.0438391  -0.123643  -0.135289
1.79753  -0.0670921  -0.062299  -0.0927713  -0.044731  -0.123327  -0.135169
1.80985  -0.0675467  -0.0631325  -0.0914736  -0.0456286  -0.122975  -0.135016
1.82216  -0.0679928  -0.0639629  -0.0901602  -0.0465316  -0.122589  -0.13483
1.83447  -0.0684302  -0.0647897  -0.0888316  -0.0474396  -0.122167  -0.134611
1.84678  -0.0688587  -0.0656125  -0.0874885  -0.0483523  -0.121711  -0.134359
1.85909  -0.0692778  -0.066431  -0.0861316  -0.0492693  -0.12122  -0.134074
1.8714  -0.0696875  -0.0672447  -0.0847615  -0.0501902  -0.120694  -0.133756
1.88372  -0.0700874  -0.0680531  -0.0833788  -0.0511147  -0.120134  -0.133407
1.89603  -0.0704773  -0.068856  -0.0819844  -0.0520424  -0.119539  -0.133025
1.90834  -0.0708569  -0.0696527  -0.0805788  -0.0529729  -0.118911  -0.132612
1.92065  -0.071226  -0.070443  -0.0791628  -0.0539058  -0.118249  -0.132167
1.93296  -0.0715843  -0.0712264  -0.077737  -0.0548407  -0.117553  -0.131692
1.94528  -0.0719315  -0.0720024  -0.0763022  -0.0557772  -0.116824  -0.131186
1.95759  -0.0722675  -0.0727707  -0.074859  -0.0567147  -0.116063  -0.130649
1.9699  -0.0725921  -0.0735308  -0.0734082  -0.057653  -0.115269  -0.130083
1.98221  -0.0729049  -0.0742823  -0.0719505  -0.0585916  -0.114443  -0.129487
1.99452  -0.0732057  -0.0750247  -0.0704866  -0.05953  -0.113584  -0.128863
2.00683  -0.0734945  -0.0757578  -0.0690171  -0.0604678  -0.112695  -0.128209
2.01915  -0.0737708  -0.0764809  -0.0675429  -0.0614045  -0.111775  -0.127528
2.03146  -0.0740347  -0.0771939  -0.0660645  -0.0623397  -0.110824  -0.126819
2.04377  -0.0742857  -0.0778961  -0.0645828  -0.063273  -0.109843  -0.126082
2.05608  -0.0745239  -0.0785873  -0.0630984  -0.0642038  -0.108833  -0.125319
2.06839  -0.0747489  -0.079267  -0.061612  -0.0651317  -0.107793  -0.12453
2.08071  -0.0749607  -0.0799349  -0.0601243  -0.0660563  -0.106725  -0.123715
2.09302  -0.0751591  -0.0805905  -0.058636  -0.066977  -0.105629  -0.122875
2.10533  -0.0753439  -0.0812336  -0.0571478  -0.0678935  -0.104506  -0.12201
2.11764  -0.0755149  -0.0818637  -0.0556604  -0.0688052  -0.103355  -0.121121
2.12995  -0.0756722  -0.0824804  -0.0541744  -0.0697116  -0.102179  -0.120209
2.14226  -0.0758154  -0.0830834  -0.0526905  -0.0706124  -0.100977  -0.119274
2.15458  -0.0759446  -0.0836725  -0.0512094  -0.0715071  -0.0997496  -0.118317
2.16689  -0.0760597  -0.0842471  -0.0497318  -0.0723951  -0.0984981  -0.117338
2.1792  -0.0761605  -0.0848072  -0.0482581  -0.0732761  -0.0972228  -0.116338
2.19151  -0.0762469  -0.0853522  -0.0467892  -0.0741495  -0.0959245  -0.115317
2.20382  -0.076319  -0.0858819  -0.0453256  -0.075015  -0.0946038  -0.114276
2.21614  -0.0763766  -0.086396  -0.0438679  -0.0758721  -0.0932614  -0.113217
2.22845  -0.0764198  -0.0868943  -0.0424168  -0.0767203  -0.0918981  -0.112138
2.24076  -0.0764484  -0.0873765  -0.0409727  -0.0775592  -0.0905145  -0.111042
2.25307  -0.0764625  -0.0878423  -0.0395364  -0.0783884  -0.0891113  -0.109928
2.26538  -0.076462  -0.0882916  -0.0381083  -0.0792074  -0.0876894  -0.108798
2.27769  -0.076447  -0.0887239  -0.036689  -0.0800159  -0.0862494  -0.107651
2.29001  -0.0764175  -0.0891392  -0.035279  -0.0808134  -0.084792  -0.106489
2.30232  -0.0763735  -0.0895373  -0.033879  -0.0815995  -0.0833182  -0.105312
2.31463  -0.076315  -0.0899179  -0.0324892  -0.0823739  -0.0818285  -0.104121
2.32694  -0.0762421  -0.090281  -0.0311104  -0.0831362  -0.0803238  -0.102916
2.33925  -0.0761549  -0.0906262  -0.0297429  -0.0838859  -0.0788049  -0.101699
2.35157  -0.0760534  -0.0909536  -0.0283872  -0.0846227  -0.0772724  -0.100469
2.36388  -0.0759377  -0.0912629  -0.0270438  -0.0853463  -0.0757273  -0.0992274
2.37619  -0.0758078  -0.091554  -0.025713  -0.0860563  -0.0741703  -0.097975
2.3885  -0.075664  -0.0918269  -0.0243954  -0.0867524  -0.0726021  -0.0967121
2.40081  -0.0755063  -0.0920814  -0.0230913  -0.0874343  -0.0710235  -0.0954395
2.41312  -0.0753348  -0.0923175  -0.0218011  -0.0881016  -0.0694354  -0.0941578
2.42544  -0.0751497  -0.0925351  -0.0205251  -0.088754  -0.0678385  -0.0928675
2.43775  -0.0749511  -0.0927342  -0.0192638  -0.0893914  -0.0662335  -0.0915694
2.45006  -0.0747391  -0.0929148  -0.0180175  -0.0900133  -0.0646213  -0.0902639
2.46237  -0.074514  -0.0930767  -0.0167864  -0.0906195  -0.0630026  -0.0889518
2.47468  -0.0742759  -0.0932201  -0.0155709  -0.0912098  -0.0613782  -0.0876335
2.48699  -0.0740249  -0.0933449  -0.0143713  -0.0917839  -0.0597489  -0.0863097
2.49931  -0.0737614  -0.0934511  -0.0131879  -0.0923416  -0.0581154  -0.084981
2.51162  -0.0734853  -0.0935389  -0.0120209  -0.0928827  -0.0564785  -0.083648
2.52393  -0.0731971  -0.0936082  -0.0108705  -0.093407  -0.0548389  -0.0823111
2.53624  -0.0728967  -0.093659  -0.00973709  -0.0939143  -0.0531973  -0.080971
2.54855  -0.0725846  -0.0936916  -0.00862073  -0.0944044  -0.0515545  -0.0796283
2.56087  -0.0722609  -0.0937059  -0.00752168  -0.0948771  -0.0499113  -0.0782834
2.57318  -0.0719258  -0.0937021  -0.00644011  -0.0953323  -0.0482683  -0.0769369
2.58549  -0.0715796  -0.0936802  -0.00537619  -0.0957699  -0.0466262  -0.0755893
2.5978  -0.0712224  -0.0936405  -0.00433007  -0.0961897  -0.0449857  -0.0742412
2.61011  -0.0708547  -0.0935829  -0.00330191  -0.0965916  -0.0433476  -0.072893
2.62242  -0.0704765  -0.0935077  -0.00229181  -0.0969756  -0.0417126  -0.0715454
2.63474  -0.0700882  -0.0934151  -0.00129989  -0.0973414  -0.0400812  -0.0701986
2.64705  -0.0696899  -0.0933051  -0.000326251  -0.097689  -0.0384541  -0.0688534
2.65936  -0.069282  -0.0931779  0.000629021  -0.0980184  -0.036832  -0.06751
2.67167  -0.0688648  -0.0930338  0.00156585  -0.0983296  -0.0352156  -0.0661691
2.68398  -0.0684384  -0.0928729  0.00248419  -0.0986223  -0.0336054  -0.064831
2.6963  -0.0680032  -0.0926955  0.00338397  -0.0988967  -0.0320021  -0.0634962
2.70861  -0.0675594  -0.0925016  0.00426517  -0.0991527  -0.0304063  -0.0621651
2.72092  -0.0671073  -0.0922916  0.00512777  -0.0993903  -0.0288185  -0.0608382
2.73323  -0.0666472  -0.0920657  0.00597173  -0.0996094  -0.0272394  -0.059516
2.74554  -0.0661793  -0.091824  0.00679707  -0.0998101  -0.0256695  -0.0581987
2.75785  -0.0657039  -0.0915668  0.0076038  -0.0999924  -0.0241093  -0.0568869
2.77017  -0.0652213  -0.0912944  0.00839191  -0.100156  -0.0225595  -0.0555809
2.78248  -0.0647318  -0.091007  0.00916145  -0.100302  -0.0210205  -0.0542811
2.79479  -0.0642355  -0.0907048  0.00991246  -0.100429  -0.0194929  -0.0529879
2.8071  -0.0637329  -0.0903882  0.010645  -0.100538  -0.0179771  -0.0517017
2.81941  -0.0632242  -0.0900572  0.011359  -0.100629  -0.0164737  -0.0504228
2.83173  -0.0627095  -0.0897123  0.0120547  -0.100702  -0.0149832  -0.0491516
2.84404  -0.0621893  -0.0893537  0.0127321  -0.100757  -0.0135059  -0.0478885
2.85635  -0.0616638  -0.0889817  0.0133912  -0.100794  -0.0120424  -0.0466337
2.86866  -0.0611332  -0.0885964  0.0140322  -0.100813  -0.0105931  -0.0453876
2.88097  -0.0605978  -0.0881983  0.0146552  -0.100814  -0.00915847  -0.0441506
2.89328  -0.0600579  -0.0877875  0.0152602  -0.100797  -0.00773885  -0.0429229
2.9056  -0.0595137  -0.0873644  0.0158473  -0.100763  -0.00633468  -0.0417048
2.91791  -0.0589655  -0.0869292  0.0164167  -0.100712  -0.00494635  -0.0404967
2.93022  -0.0584135  -0.0864823  0.0169685  -0.100643  -0.00357425  -0.0392989
2.94253  -0.057858  -0.0860238  0.0175028  -0.100558  -0.00221872  -0.0381116
2.95484  -0.0572992  -0.0855542  0.0180198  -0.100455  -0.00088014  -0.036935
2.96716  -0.0567374  -0.0850736  0.0185195  -0.100335  0.000441168  -0.0357696
2.97947  -0.0561728  -0.0845824  0.0190022  -0.100199  0.00174487  -0.0346154
2.99178  -0.0556057  -0.0840808  0.0194679  -0.100046  0.00303065  -0.0334729
3.00409  -0.0550362  -0.0835692  0.0199168  -0.0998769  0.00429821  -0.0323422
3.0164  -0.0544647  -0.0830478  0.020349  -0.0996915  0.00554726  -0.0312235
3.02871  -0.0538913  -0.082517  0.0207649  -0.0994901  0.00677752  -0.0301171
3.04103  -0.0533163  -0.0819769  0.0211644  -0.0992729  0.00798873  -0.0290233
3.05334  -0.0527398  -0.081428  0.0215477  -0.09904  0.00918063  -0.0279421
3.06565  -0.0521622  -0.0808704  0.0219151  -0.0987916  0.010353  -0.0268739
3.07796  -0.0515836  -0.0803045  0.0222667  -0.098528  0.0115056  -0.0258188
3.09027  -0.0510042  -0.0797305  0.0226027  -0.0982493  0.0126382  -0.024777
3.10259  -0.0504242  -0.0791488  0.0229232  -0.0979558  0.0137506  -0.0237488
3.1149  -0.0498438  -0.0785596  0.0232285  -0.0976475  0.0148426  -0.0227342
3.12721  -0.0492633  -0.0779632  0.0235187  -0.0973249  0.0159141  -0.0217334
3.13952  -0.0486828  -0.0773599  0.0237941  -0.096988  0.0169648  -0.0207466
3.15183  -0.0481025  -0.07675  0.0240548  -0.0966372  0.0179947  -0.019774
3.16414  -0.0475226  -0.0761338  0.024301  -0.0962725  0.0190035  -0.0188156
3.17646  -0.0469433  -0.0755114  0.024533  -0.0958943  0.0199912  -0.0178717
3.18877  -0.0463647  -0.0748833  0.0247508  -0.0955028  0.0209577  -0.0169423
3.20108  -0.045787  -0.0742496  0.0249549  -0.0950982  0.0219028  -0.0160276
3.21339  -0.0452104  -0.0736107  0.0251452  -0.0946808  0.0228264  -0.0151276
3.2257  -0.0446351  -0.0729669  0.0253221  -0.0942507  0.0237285  -0.0142426
3.23802  -0.0440613  -0.0723183  0.0254858  -0.0938084  0.0246091  -0.0133724
3.25033  -0.0434889  -0.0716653  0.0256365  -0.0933539  0.0254679  -0.0125174
3.26264  -0.0429184  -0.0710081  0.0257743  -0.0928876  0.0263051  -0.0116774
3.27495  -0.0423497  -0.070347  0.0258996  -0.0924097  0.0271206  -0.0108526
3.28726  -0.041783  -0.0696823  0.0260125  -0.0919205  0.0279143  -0.0100431
3.29957  -0.0412185  -0.0690141  0.0261132  -0.0914202  0.0286863  -0.00924889
3.31189  -0.0406564  -0.0683429  0.0262021  -0.0909091  0.0294365  -0.00847
3.3242  -0.0400966  -0.0676688  0.0262793  -0.0903875  0.030165  -0.00770649
3.33651  -0.0395395  -0.0669921  0.0263449  -0.0898556  0.0308719  -0.00695837
3.34882  -0.0389851  -0.066313  0.0263994  -0.0893137  0.031557  -0.00622566
3.36113  -0.0384335  -0.0656317  0.0264429  -0.0887622  0.0322207  -0.00550837
3.37345  -0.0378848  -0.0649486  0.0264755  -0.0882012  0.0328627  -0.0048065
3.38576  -0.0373393  -0.0642639  0.0264977  -0.087631  0.0334834  -0.00412004
3.39807  -0.0367969  -0.0635778  0.0265095  -0.0870519  0.0340827  -0.00344897
3.41038  -0.0362578  -0.0628905  0.0265112  -0.0864643  0.0346607  -0.00279326
3.42269  -0.0357222  -0.0622024  0.0265031  -0.0858684  0.0352175  -0.00215289
3.435  -0.03519  -0.0615135  0.0264854  -0.0852644  0.0357534  -0.0015278
3.44732  -0.0346615  -0.0608242  0.0264583  -0.0846527  0.0362684  -0.000917949
3.45963  -0.0341366  -0.0601347  0.0264221  -0.0840336  0.0367626  -0.000323278
3.47194  -0.0336156  -0.0594451  0.0263769  -0.0834073  0.0372362  0.00025628
3.48425  -0.0330984  -0.0587558  0.0263231  -0.0827741  0.0376894  0.000820799
3.49656  -0.0325853  -0.0580669  0.0262609  -0.0821344  0.0381223  0.00137036
3.50888  -0.0320762  -0.0573786  0.0261905  -0.0814883  0.0385351  0.00190505
3.52119  -0.0315712  -0.0566912  0.0261121  -0.0808363  0.0389281  0.00242498
3.5335  -0.0310704  -0.0560049  0.0260259  -0.0801786  0.0393014  0.00293023
3.54581  -0.030574  -0.0553198  0.0259323  -0.0795154  0.0396552  0.00342093
3.55812  -0.0300819  -0.0546362  0.0258314  -0.0788472  0.0399897  0.00389718
3.57043  -0.0295942  -0.0539543  0.0257235  -0.0781741  0.0403052  0.00435912
3.58275  -0.029111  -0.0532742  0.0256087  -0.0774964  0.0406019  0.00480688
3.59506  -0.0286324  -0.0525961  0.0254874  -0.0768145  0.0408801  0.00524058
3.60737  -0.0281584  -0.0519203  0.0253597  -0.0761286  0.04114  0.00566038
3.61968  -0.027689  -0.0512469  0.025226  -0.0754391  0.0413818  0.00606642
3.63199  -0.0272244  -0.050576  0.0250863  -0.0747461  0.0416058  0.00645886
3.64431  -0.0267645  -0.0499079  0.0249409  -0.07405  0.0418124  0.00683786
3.65662  -0.0263094  -0.0492428  0.0247902  -0.073351  0.0420016  0.00720358
3.66893  -0.0258591  -0.0485807  0.0246341  -0.0726495  0.042174  0.00755619
3.68124  -0.0254138  -0.0479218  0.0244731  -0.0719457  0.0423297  0.00789586
3.69355  -0.0249733  -0.0472664  0.0243072  -0.0712399  0.042469  0.00822278
3.70586  -0.0245379  -0.0466145  0.0241368  -0.0705323  0.0425922  0.00853713
3.71818  -0.0241074  -0.0459663  0.023962  -0.0698232  0.0426996  0.00883909
3.73049  -0.0236819  -0.0453219  0.023783  -0.0691129  0.0427916  0.00912885
3.7428  -0.0232614  -0.0446815  0.0236001  -0.0684016  0.0428684  0.00940662
3.75511  -0.022846  -0.0440452  0.0234134  -0.0676896  0.0429303  0.00967258
3.76742  -0.0224356  -0.0434131  0.0232231  -0.0669772  0.0429777  0.00992693
3.77974  -0.0220304  -0.0427854  0.0230295  -0.0662645  0.0430109  0.0101699
3.79205  -0.0216302  -0.0421622  0.0228327  -0.0655519  0.0430302  0.0104016
3.80436  -0.0212352  -0.0415436  0.0226329  -0.0648395  0.0430359  0.0106224
3.81667  -0.0208452  -0.0409296  0.0224303  -0.0641277  0.0430283  0.0108324
3.82898  -0.0204604  -0.0403205  0.0222251  -0.0634166  0.0430078  0.0110318
3.84129  -0.0200807  -0.0397163  0.0220174  -0.0627064  0.0429747  0.0112209
3.85361  -0.0197061  -0.0391171  0.0218075  -0.0619975  0.0429293  0.0113998
3.86592  -0.0193367  -0.0385229  0.0215955  -0.0612899  0.0428719  0.0115688
3.87823  -0.0189723  -0.037934  0.0213816  -0.060584  0.0428029  0.0117281
3.89054  -0.0186131  -0.0373503  0.0211659  -0.0598798  0.0427226  0.0118779
3.90285  -0.0182589  -0.0367719  0.0209487  -0.0591777  0.0426313  0.0120184
3.91517  -0.0179098  -0.036199  0.02073  -0.0584779  0.0425293  0.0121498
3.92748  -0.0175658  -0.0356315  0.02051  -0.0577804  0.042417  0.0122724
3.93979  -0.0172269  -0.0350696  0.0202889  -0.0570855  0.0422947  0.0123863
3.9521  -0.016893  -0.0345133  0.0200668  -0.0563934  0.0421626  0.0124919
3.96441  -0.0165641  -0.0339627  0.0198439  -0.0557043  0.0420212  0.0125892
3.97672  -0.0162402  -0.0334178  0.0196202  -0.0550183  0.0418706  0.0126785
3.98904  -0.0159212  -0.0328786  0.019396  -0.0543356  0.0417113  0.01276
4.00135  -0.0156072  -0.0323452  0.0191714  -0.0536563  0.0415435  0.012834
4.01366  -0.0152981  -0.0318177  0.0189465  -0.0529807  0.0413676  0.0129006
4.02597  -0.0149939  -0.0312961  0.0187213  -0.0523088  0.0411838  0.0129601
4.03828  -0.0146946  -0.0307804  0.0184961  -0.0516408  0.0409925  0.0130126
4.0506  -0.0144  -0.0302706  0.018271  -0.0509768  0.0407939  0.0130584
4.06291  -0.0141103  -0.0297668  0.018046  -0.050317  0.0405883  0.0130976
4.07522  -0.0138253  -0.0292689  0.0178213  -0.0496615  0.0403761  0.0131305
4.08753  -0.013545  -0.0287771  0.017597  -0.0490104  0.0401574  0.0131572
4.09984  -0.0132694  -0.0282913  0.0173731  -0.0483638  0.0399326  0.013178
4.11215  -0.0129985  -0.0278115  0.0171498  -0.0477219  0.039702  0.013193
4.12447  -0.0127321  -0.0273377  0.0169272  -0.0470847  0.0394657  0.0132024
4.13678  -0.0124703  -0.0268699  0.0167053  -0.0464524  0.0392242  0.0132065
4.14909  -0.012213  -0.0264082  0.0164843  -0.045825  0.0389776  0.0132054
4.1614  -0.0119602  -0.0259525  0.0162642  -0.0452027  0.0387262  0.0131992
4.17371  -0.0117118  -0.0255028  0.0160451  -0.0445854  0.0384703  0.0131882
4.18603  -0.0114678  -0.0250592  0.015827  -0.0439734  0.03821  0.0131726
4.19834  -0.0112281  -0.0246215  0.0156101  -0.0433666  0.0379457  0.0131524
4.21065  -0.0109927  -0.0241898  0.0153945  -0.0427652  0.0376775  0.013128
4.22296  -0.0107616  -0.0237641  0.0151801  -0.0421692  0.0374058  0.0130994
4.23527  -0.0105346  -0.0233443  0.014967  -0.0415787  0.0371307  0.0130667
4.24758  -0.0103118  -0.0229305  0.0147554  -0.0409937  0.0368524  0.0130303
4.2599  -0.0100931  -0.0225225  0.0145452  -0.0404142  0.0365712  0.0129902
4.27221  -0.00987841  -0.0221204  0.0143366  -0.0398404  0.0362872  0.0129465
4.28452  -0.00966773  -0.0217242  0.0141295  -0.0392723  0.0360008  0.0128995
4.29683  -0.009461  -0.0213338  0.013924  -0.0387099  0.035712  0.0128492
4.30914  -0.00925816  -0.0209491  0.0137202  -0.0381532  0.0354211  0.0127959
4.32146  -0.00905916  -0.0205702  0.0135181  -0.0376023  0.0351282  0.0127396
4.33377  -0.00886396  -0.020197  0.0133177  -0.0370571  0.0348336  0.0126805
4.34608  -0.00867249  -0.0198294  0.0131191  -0.0365179  0.0345374  0.0126187
4.35839  -0.00848472  -0.0194675  0.0129223  -0.0359844  0.0342398  0.0125543
4.3707  -0.00830058  -0.0191111  0.0127273  -0.0354568  0.033941  0.0124876
4.38301  -0.00812002  -0.0187603  0.0125342  -0.0349351  0.0336411  0.0124185
4.39533  -0.007943  -0.018415  0.012343  -0.0344193  0.0333402  0.0123473
4.40764  -0.00776946  -0.0180751  0.0121537  -0.0339094  0.0330386  0.012274
4.41995  -0.00759934  -0.0177406  0.0119664  -0.0334053  0.0327364  0.0121987
4.43226  -0.00743261  -0.0174115  0.011781  -0.0329071  0.0324338  0.0121217
4.44457  -0.00726919  -0.0170876  0.0115976  -0.0324149  0.0321308  0.0120428
4.45689  -0.00710905  -0.016769  0.0114162  -0.0319285  0.0318276  0.0119624
4.4692  -0.00695214  -0.0164556  0.0112369  -0.031448  0.0315243  0.0118804
4.48151  -0.00679839  -0.0161474  0.0110595  -0.0309733  0.0312211  0.011797
4.49382  -0.00664777  -0.0158442  0.0108842  -0.0305045  0.0309181  0.0117122
4.50613  -0.00650021  -0.0155461  0.0107109  -0.0300415  0.0306153  0.0116263
4.51844  -0.00635567  -0.0152529  0.0105397  -0.0295843  0.030313  0.0115391
4.53076  -0.0062141  -0.0149647  0.0103705  -0.0291329  0.0300112  0.0114509
4.54307  -0.00607545  -0.0146813  0.0102034  -0.0286873  0.02971  0.0113617
4.55538  -0.00593967  -0.0144027  0.0100383  -0.0282475  0.0294095  0.0112716
4.56769  -0.00580671  -0.0141289  0.00987535  -0.0278133  0.0291099  0.0111806
4.58  -0.00567653  -0.0138598  0.00971443  -0.0273848  0.0288111  0.011089
4.59232  -0.00554906  -0.0135953  0.00955558  -0.026962  0.0285133  0.0109966
4.60463  -0.00542427  -0.0133354  0.00939879  -0.0265448  0.0282166  0.0109036
4.61694  -0.00530211  -0.0130801  0.00924405  -0.0261332  0.0279211  0.0108101
4.62925  -0.00518253  -0.0128292  0.00909137  -0.0257271  0.0276268  0.0107161
4.64156  -0.00506548  -0.0125827  0.00894074  -0.0253265  0.0273338  0.0106216
4.65387  -0.00495092  -0.0123405  0.00879215  -0.0249315  0.0270421  0.0105269
4.66619  -0.00483881  -0.0121026  0.00864559  -0.0245418  0.0267519  0.0104318
4.6785  -0.00472909  -0.011869  0.00850105  -0.0241576  0.0264632  0.0103365
4.69081  -0.00462172  -0.0116395  0.00835853  -0.0237787  0.0261761  0.010241
4.70312  -0.00451667  -0.0114141  0.00821802  -0.0234051  0.0258906  0.0101453
4.71543  -0.00441388  -0.0111928  0.00807949  -0.0230367  0.0256067  0.0100496
4.72775  -0.00431331  -0.0109755  0.00794294  -0.0226736  0.0253246  0.00995378
4.74006  -0.00421492  -0.0107621  0.00780837  -0.0223157  0.0250443  0.009858
4.75237  -0.00411867  -0.0105526  0.00767575  -0.0219629  0.0247657  0.00976227
4.76468  -0.00402452  -0.0103469  0.00754506  -0.0216151  0.024489  0.00966663
4.77699  -0.00393243  -0.010145  0.00741631  -0.0212724  0.0242143  0.00957111
4.7893  -0.00384235  -0.00994677  0.00728946  -0.0209347  0.0239414  0.00947576
4.80162  -0.00375424  -0.0097522  0.00716451  -0.0206019  0.0236705  0.00938061
4.81393  -0.00366808  -0.00956123  0.00704144  -0.0202739  0.0234016  0.00928569
4.82624  -0.00358381  -0.00937379  0.00692023  -0.0199508  0.0231348  0.00919105
4.83855  -0.00350141  -0.00918983  0.00680087  -0.0196325  0.02287  0.0090967
4.85086  -0.00342082  -0.0090093  0.00668334  -0.0193189  0.0226073  0.00900268
4.86318  -0.00334203  -0.00883215  0.00656761  -0.01901  0.0223467  0.00890902
4.87549  -0.00326498  -0.00865831  0.00645369  -0.0187057  0.0220882  0.00881575
4.8878  -0.00318965  -0.00848773  0.00634153  -0.018406  0.0218319  0.00872289
4.90011  -0.003116  -0.00832037  0.00623113  -0.0181107  0.0215777  0.00863046
4.91242  -0.003044  -0.00815616  0.00612247  -0.01782  0.0213258  0.00853848
4.92473  -0.00297361  -0.00799506  0.00601553  -0.0175337  0.021076  0.00844699
4.93705  -0.00290479  -0.00783701  0.00591029  -0.0172517  0.0208285  0.008356
4.94936  -0.00283752  -0.00768196  0.00580673  -0.016974  0.0205831  0.00826552
4.96167  -0.00277177  -0.00752986  0.00570483  -0.0167006  0.02034  0.00817558
4.97398  -0.00270749  -0.00738067  0.00560457  -0.0164314  0.0200992  0.0080862
4.98629  -0.00264467  -0.00723433  0.00550593  -0.0161663  0.0198606  0.00799738
4.99861  -0.00258326  -0.00709079  0.00540889  -0.0159054  0.0196242  0.00790915
5.01092  -0.00252325  -0.00695001  0.00531344  -0.0156484  0.0193901  0.00782152
5.02323  -0.00246459  -0.00681193  0.00521955  -0.0153955  0.0191583  0.0077345
5.03554  -0.00240727  -0.00667651  0.0051272  -0.0151465  0.0189287  0.0076481
5.04785  -0.00235124  -0.00654371  0.00503638  -0.0149014  0.0187014  0.00756234
5.06016  -0.0022965  -0.00641347  0.00494706  -0.0146601  0.0184763  0.00747722
5.07248  -0.002243  -0.00628575  0.00485922  -0.0144226  0.0182535  0.00739276
5.08479  -0.00219072  -0.00616051  0.00477285  -0.0141889  0.018033  0.00730896
5.0971  -0.00213963  -0.00603771  0.00468792  -0.0139588  0.0178147  0.00722584
5.10941  -0.00208971  -0.00591729  0.00460441  -0.0137324  0.0175987  0.00714339
5.12172  -0.00204093  -0.00579921  0.00452231  -0.0135095  0.0173849  0.00706163
5.13404  -0.00199328  -0.00568344  0.00444159  -0.0132902  0.0171734  0.00698056
5.14635  -0.00194671  -0.00556994  0.00436224  -0.0130744  0.0169641  0.00690019
5.15866  -0.00190122  -0.00545865  0.00428423  -0.012862  0.016757  0.00682053
5.17097  -0.00185677  -0.00534954  0.00420755  -0.012653  0.0165521  0.00674157
5.18328  -0.00181334  -0.00524257  0.00413217  -0.0124473  0.0163495  0.00666332
5.19559  -0.00177091  -0.0051377  0.00405809  -0.0122449  0.016149  0.00658578
5.20791  -0.00172946  -0.00503489  0.00398527  -0.0120457  0.0159507  0.00650896
5.22022  -0.00168897  -0.00493411  0.00391371  -0.0118498  0.0157546  0.00643286
5.23253  -0.00164941  -0.00483531  0.00384337  -0.011657  0.0155607  0.00635748
5.24484  -0.00161076  -0.00473846  0.00377425  -0.0114673  0.0153689  0.00628282
5.25715  -0.00157301  -0.00464352  0.00370633  -0.0112806  0.0151792  0.00620888
5.26947  -0.00153614  -0.00455045  0.00363958  -0.011097  0.0149917  0.00613567
5.28178  -0.00150011  -0.00445923  0.00357399  -0.0109163  0.0148063  0.00606318
5.29409  -0.00146493  -0.00436982  0.00350954  -0.0107385  0.014623  0.00599141
5.3064  -0.00143056  -0.00428217  0.00344621  -0.0105637  0.0144418  0.00592036
5.31871  -0.00139698  -0.00419627  0.00338399  -0.0103916  0.0142626  0.00585003
5.33102  -0.00136419  -0.00411206  0.00332286  -0.0102224  0.0140855  0.00578042
5.34334  -0.00133216  -0.00402954  0.0032628  -0.0100558  0.0139105  0.00571153
5.35565  -0.00130087  -0.00394865  0.00320379  -0.00989205  0.0137375  0.00564336
5.36796  -0.00127031  -0.00386937  0.00314582  -0.00973091  0.0135664  0.0055759
5.38027  -0.00124047  -0.00379167  0.00308887  -0.00957239  0.0133974  0.00550915
5.39258  -0.00121131  -0.00371552  0.00303292  -0.00941646  0.0132304  0.00544311
5.4049  -0.00118284  -0.00364088  0.00297796  -0.00926307  0.0130653  0.00537777
5.41721  -0.00115504  -0.00356774  0.00292398  -0.00911219  0.0129022  0.00531314
5.42952  -0.00112788  -0.00349605  0.00287094  -0.00896377  0.012741  0.0052492
5.44183  -0.00110135  -0.0034258  0.00281885  -0.00881777  0.0125817  0.00518597
5.45414  -0.00107545  -0.00335695  0.00276769  -0.00867416  0.0124243  0.00512342
5.46645  -0.00105015  -0.00328948  0.00271743  -0.00853291  0.0122687  0.00506156
5.47877  -0.00102544  -0.00322336  0.00266807  -0.00839396  0.0121151  0.00500039
5.49108  -0.00100131  -0.00315856  0.00261958  -0.00825729  0.0119633  0.0049399
5.50339  -0.000977745  -0.00309506  0.00257197  -0.00812287  0.0118133  0.00488008
5.5157  -0.000954732  -0.00303283  0.0025252  -0.00799064  0.0116651  0.00482093
5.52801  -0.000932257  -0.00297185  0.00247926  -0.00786059  0.0115187  0.00476245
5.54033  -0.000910309  -0.00291209  0.00243415  -0.00773267  0.0113741  0.00470464
5.55264  -0.000888876  -0.00285354  0.00238985  -0.00760685  0.0112313  0.00464748
5.56495  -0.000867945  -0.00279615  0.00234634  -0.0074831  0.0110901  0.00459097
5.57726  -0.000847505  -0.00273992  0.00230362  -0.00736139  0.0109508  0.00453511
5.58957  -0.000827544  -0.00268482  0.00226166  -0.00724167  0.0108131  0.00447989
5.60188  -0.000808052  -0.00263082  0.00222045  -0.00712393  0.0106771  0.00442531
5.6142  -0.000789018  -0.00257791  0.00217999  -0.00700812  0.0105427  0.00437136
5.62651  -0.00077043  -0.00252607  0.00214025  -0.00689421  0.0104101  0.00431804
5.63882  -0.000752279  -0.00247527  0.00210123  -0.00678218  0.010279  0.00426534
5.65113  -0.000734555  -0.00242548  0.00206291  -0.006672  0.0101496  0.00421326
5.66344  -0.000717247  -0.0023767  0.00202529  -0.00656363  0.0100218  0.00416178
5.67576  -0.000700346  -0.00232891  0.00198834  -0.00645704  0.00989553  0.00411092
5.68807  -0.000683843  -0.00228207  0.00195207  -0.00635222  0.00977085  0.00406065
5.70038  -0.000667727  -0.00223618  0.00191644  -0.00624911  0.00964772  0.00401098
5.71269  -0.000651991  -0.00219121  0.00188147  -0.00614771  0.00952613  0.00396189
5.725  -0.000636625  -0.00214715  0.00184712  -0.00604798  0.00940604  0.00391339
5.73731  -0.00062162  -0.00210398  0.0018134  -0.00594989  0.00928746  0.00386547
5.74963  -0.000606969  -0.00206167  0.00178029  -0.00585342  0.00917036  0.00381811
5.76194  -0.000592663  -0.00202022  0.00174778  -0.00575854  0.00905472  0.00377133
5.77425  -0.000578693  -0.0019796  0.00171586  -0.00566522  0.00894053  0.00372511
5.78656  -0.000565053  -0.00193981  0.00168452  -0.00557344  0.00882777  0.00367944
5.79887  -0.000551734  -0.00190081  0.00165375  -0.00548317  0.00871642  0.00363432
5.81119  -0.000538728  -0.00186261  0.00162354  -0.00539439  0.00860648  0.00358974
5.8235  -0.000526029  -0.00182517  0.00159388  -0.00530708  0.00849791  0.00354571
5.83581  -0.000513629  -0.00178849  0.00156475  -0.0052212  0.00839071  0.0035022
5.84812  -0.000501522  -0.00175254  0.00153616  -0.00513674  0.00828486  0.00345923
5.86043  -0.0004897  -0.00171733  0.00150809  -0.00505367  0.00818035  0.00341677
5.87274  -0.000478156  -0.00168282  0.00148052  -0.00497197  0.00807715  0.00337484
5.88506  -0.000466885  -0.00164901  0.00145347  -0.00489162  0.00797526  0.00333341
5.89737  -0.000455879  -0.00161588  0.0014269  -0.00481259  0.00787466  0.00329249
5.90968  -0.000445133  -0.00158342  0.00140082  -0.00473486  0.00777533  0.00325207
5.92199  -0.000434641  -0.00155162  0.00137521  -0.00465842  0.00767725  0.00321214
5.9343  -0.000424396  -0.00152046  0.00135007  -0.00458323  0.00758042  0.0031727
5.94662  -0.000414392  -0.00148992  0.00132539  -0.00450928  0.00748481  0.00313374
5.95893  -0.000404625  -0.00146  0.00130116  -0.00443655  0.00739042  0.00309527
5.97124  -0.000395087  -0.00143069  0.00127737  -0.00436501  0.00729722  0.00305726
5.98355  -0.000385775  -0.00140197  0.00125402  -0.00429466  0.00720521  0.00301972
5.99586  -0.000376683  -0.00137383  0.00123109  -0.00422546  0.00711436  0.00298265
6.00817  -0.000367805  -0.00134625  0.00120858  -0.0041574  0.00702467  0.00294603
6.02049  -0.000359136  -0.00131923  0.00118649  -0.00409046  0.00693612  0.00290986
6.0328  -0.000350673  -0.00129276  0.0011648  -0.00402462  0.0068487  0.00287414
6.04511  -0.000342408  -0.00126682  0.0011435  -0.00395986  0.00676239  0.00283887
6.05742  -0.000334339  -0.00124141  0.00112259  -0.00389617  0.00667717  0.00280402
6.06973  -0.00032646  -0.00121651  0.00110207  -0.00383352  0.00659305  0.00276961
6.08205  -0.000318768  -0.00119211  0.00108192  -0.0037719  0.00650999  0.00273563
6.09436  -0.000311256  -0.0011682  0.00106214  -0.0037113  0.00642799  0.00270206
6.10667  -0.000303922  -0.00114478  0.00104272  -0.00365169  0.00634704  0.00266892
6.11898  -0.000296762  -0.00112183  0.00102366  -0.00359306  0.00626712  0.00263618
6.13129  -0.00028977  -0.00109934  0.00100494  -0.00353539  0.00618822  0.00260385
6.1436  -0.000282943  -0.0010773  0.000986573  -0.00347867  0.00611033  0.00257192
6.15592  -0.000276277  -0.00105571  0.000968538  -0.00342288  0.00603343  0.00254039
6.16823  -0.000269769  -0.00103456  0.000950833  -0.00336801  0.00595751  0.00250925
6.18054  -0.000263414  -0.00101383  0.000933452  -0.00331403  0.00588256  0.0024785
6.19285  -0.000257209  -0.000993517  0.00091639  -0.00326094  0.00580857  0.00244813
6.20516  -0.000251151  -0.000973616  0.00089964  -0.00320872  0.00573553  0.00241814
6.21748  -0.000245236  -0.000954117  0.000883197  -0.00315735  0.00566341  0.00238853
6.22979  -0.00023946  -0.000935011  0.000867056  -0.00310683  0.00559222  0.00235928
6.2421  -0.000233821  -0.00091629  0.00085121  -0.00305713  0.00552194  0.0023304
6.25441  -0.000228314  -0.000897946  0.000835654  -0.00300825  0.00545256  0.00230187
6.26672  -0.000222938  -0.000879973  0.000820383  -0.00296017  0.00538406  0.00227371
6.27903  -0.000217688  -0.000862361  0.000805393  -0.00291287  0.00531644  0.00224589
6.29135  -0.000212563  -0.000845105  0.000790677  -0.00286634  0.00524968  0.00221843
6.30366  -0.000207558  -0.000828196  0.00077623  -0.00282058  0.00518378  0.0021913
6.31597  -0.000202672  -0.000811628  0.000762049  -0.00277556  0.00511872  0.00216452
6.32828  -0.000197901  -0.000795393  0.000748127  -0.00273128  0.00505449  0.00213807
6.34059  -0.000193242  -0.000779486  0.00073446  -0.00268773  0.00499108  0.00211195
6.35291  -0.000188693  -0.000763899  0.000721044  -0.00264488  0.00492848  0.00208615
6.36522  -0.000184252  -0.000748627  0.000707874  -0.00260273  0.00486669  0.00206068
6.37753  -0.000179916  -0.000733661  0.000694945  -0.00256127  0.00480568  0.00203553
6.38984  -0.000175681  -0.000718997  0.000682254  -0.00252049  0.00474545  0.00201069
6.40215  -0.000171547  -0.000704628  0.000669794  -0.00248037  0.004686  0.00198616
6.41446  -0.00016751  -0.000690549  0.000657564  -0.0024409  0.0046273  0.00196194
6.42678  -0.000163569  -0.000676753  0.000645557  -0.00240208  0.00456936  0.00193803
6.43909  -0.00015972  -0.000663234  0.000633771  -0.00236389  0.00451215  0.00191441
6.4514  -0.000155962  -0.000649988  0.0006222  -0.00232632  0.00445568  0.00189109
6.46371  -0.000152293  -0.000637008  0.000610842  -0.00228936  0.00439993  0.00186806
6.47602  -0.000148711  -0.000624289  0.000599692  -0.002253  0.00434489  0.00184532
6.48834  -0.000145213  -0.000611826  0.000588746  -0.00221724  0.00429056  0.00182286
6.50065  -0.000141797  -0.000599614  0.000578001  -0.00218205  0.00423692  0.00180068
6.51296  -0.000138462  -0.000587647  0.000567452  -0.00214744  0.00418396  0.00177879
6.52527  -0.000135206  -0.000575921  0.000557098  -0.00211339  0.00413168  0.00175716
6.53758  -0.000132026  -0.00056443  0.000546933  -0.00207989  0.00408008  0.00173581
6.54989  -0.000128922  -0.000553171  0.000536954  -0.00204694  0.00402913  0.00171472
6.56221  -0.00012589  -0.000542138  0.000527158  -0.00201452  0.00397883  0.0016939
6.57452  -0.00012293  -0.000531326  0.000517541  -0.00198262  0.00392917  0.00167334
6.58683  -0.00012004  -0.000520732  0.000508101  -0.00195124  0.00388015  0.00165304
6.59914  -0.000117218  -0.000510351  0.000498834  -0.00192037  0.00383175  0.00163299
6.61145  -0.000114463  -0.000500178  0.000489737  -0.00189001  0.00378398  0.00161319
6.62377  -0.000111772  -0.000490209  0.000480806  -0.00186013  0.00373681  0.00159364
6.63608  -0.000109145  -0.000480441  0.000472039  -0.00183073  0.00369024  0.00157434
6.64839  -0.00010658  -0.000470868  0.000463432  -0.00180181  0.00364427  0.00155527
6.6607  -0.000104075  -0.000461488  0.000454984  -0.00177336  0.00359889  0.00153645
6.67301  -0.00010163  -0.000452296  0.00044669  -0.00174537  0.00355409  0.00151786
6.68532  -9.92417e-05  -0.000443289  0.000438547  -0.00171783  0.00350985  0.0014995
6.69764  -9.69099e-05  -0.000434462  0.000430555  -0.00169074  0.00346619  0.00148138
6.70995  -9.46331e-05  -0.000425812  0.000422708  -0.00166408  0.00342308  0.00146348
6.72226  -9.24099e-05  -0.000417336  0.000415005  -0.00163786  0.00338052  0.0014458
6.73457  -9.02391e-05  -0.00040903  0.000407443  -0.00161205  0.0033385  0.00142835
6.74688  -8.81195e-05  -0.000400891  0.00040002  -0.00158667  0.00329702  0.00141111
6.7592  -8.60497e-05  -0.000392914  0.000392733  -0.00156169  0.00325606  0.00139409
6.77151  -8.40288e-05  -0.000385098  0.000385579  -0.00153711  0.00321563  0.00137729
6.78382  -8.20554e-05  -0.000377438  0.000378556  -0.00151293  0.00317572  0.00136069
6.79613  -8.01285e-05  -0.000369931  0.000371662  -0.00148914  0.00313631  0.0013443
6.80844  -7.8247e-05  -0.000362575  0.000364894  -0.00146573  0.00309741  0.00132812
6.82075  -7.64098e-05  -0.000355367  0.000358249  -0.0014427  0.003059  0.00131214
6.83307  -7.46158e-05  -0.000348303  0.000351727  -0.00142004  0.00302108  0.00129636
6.84538  -7.28641e-05  -0.00034138  0.000345324  -0.00139775  0.00298364  0.00128078
6.85769  -7.11537e-05  -0.000334596  0.000339038  -0.00137581  0.00294669  0.00126539
6.87  -6.94835e-05  -0.000327948  0.000332867  -0.00135422  0.0029102  0.00125019
6.88231  -6.78526e-05  -0.000321432  0.000326809  -0.00133299  0.00287417  0.00123519
6.89463  -6.62601e-05  -0.000315048  0.000320862  -0.00131209  0.00283861  0.00122037
6.90694  -6.47051e-05  -0.000308791  0.000315023  -0.00129152  0.0028035  0.00120574
6.91925  -6.31867e-05  -0.000302659  0.000309292  -0.00127129  0.00276883  0.00119129
6.93156  -6.17041e-05  -0.00029665  0.000303665  -0.00125138  0.00273461  0.00117702
6.94387  -6.02563e-05  -0.000290761  0.000298141  -0.00123179  0.00270082  0.00116293
6.95618  -5.88426e-05  -0.000284989  0.000292718  -0.00121252  0.00266746  0.00114901
6.9685  -5.74621e-05  -0.000279334  0.000287395  -0.00119355  0.00263452  0.00113528
6.98081  -5.61142e-05  -0.000273791  0.000282169  -0.00117489  0.00260201  0.00112171
6.99312  -5.47979e-05  -0.000268359  0.000277038  -0.00115652  0.00256991  0.00110831
7.00543  -5.35126e-05  -0.000263036  0.000272001  -0.00113845  0.00253821  0.00109508
7.01774  -5.22576e-05  -0.000257819  0.000267057  -0.00112067  0.00250692  0.00108201
7.03006  -5.10321e-05  -0.000252706  0.000262202  -0.00110317  0.00247603  0.00106911
7.04237  -4.98354e-05  -0.000247695  0.000257437  -0.00108596  0.00244553  0.00105637
7.05468  -4.86668e-05  -0.000242785  0.000252758  -0.00106901  0.00241541  0.00104379
7.06699  -4.75257e-05  -0.000237972  0.000248166  -0.00105234  0.00238568  0.00103137
7.0793  -4.64115e-05  -0.000233256  0.000243657  -0.00103594  0.00235633  0.0010191
7.09161  -4.53234e-05  -0.000228634  0.00023923  -0.00101979  0.00232735  0.00100699
7.10393  -4.42609e-05  -0.000224104  0.000234884  -0.0010039  0.00229874  0.000995022
7.11624  -4.32234e-05  -0.000219664  0.000230618  -0.000988271  0.00227049  0.000983209
7.12855  -4.22103e-05  -0.000215313  0.00022643  -0.000972886  0.0022426  0.000971543
7.14086  -4.1221e-05  -0.000211049  0.000222318  -0.000957747  0.00221506  0.000960024
7.15317  -4.0255e-05  -0.00020687  0.000218282  -0.000942849  0.00218788  0.000948648
7.16549  -3.93117e-05  -0.000202775  0.000214319  -0.000928188  0.00216103  0.000937415
7.1778  -3.83905e-05  -0.000198761  0.000210428  -0.00091376  0.00213453  0.000926322
7.19011  -3.7491e-05  -0.000194827  0.000206609  -0.000899562  0.00210837  0.000915368
7.20242  -3.66126e-05  -0.000190971  0.000202859  -0.00088559  0.00208254  0.000904552
7.21473  -3.57549e-05  -0.000187192  0.000199178  -0.00087184  0.00205703  0.00089387
7.22704  -3.49173e-05  -0.000183489  0.000195564  -0.000858309  0.00203185  0.000883322
7.23936  -3.40994e-05  -0.000179859  0.000192016  -0.000844992  0.00200699  0.000872907
7.25167  -3.33007e-05  -0.000176302  0.000188533  -0.000831887  0.00198244  0.000862621
7.26398  -3.25208e-05  -0.000172816  0.000185113  -0.00081899  0.00195821  0.000852465
7.27629  -3.17592e-05  -0.000169399  0.000181756  -0.000806298  0.00193428  0.000842435
7.2886  -3.10154e-05  -0.00016605  0.00017846  -0.000793807  0.00191066  0.000832531
7.30092  -3.02892e-05  -0.000162768  0.000175225  -0.000781515  0.00188733  0.000822752
7.31323  -2.958e-05  -0.000159551  0.000172048  -0.000769417  0.0018643  0.000813094
7.32554  -2.88874e-05  -0.000156398  0.00016893  -0.000757511  0.00184157  0.000803558
7.33785  -2.82111e-05  -0.000153308  0.000165868  -0.000745794  0.00181912  0.000794141
7.35016  -2.75507e-05  -0.00015028  0.000162862  -0.000734262  0.00179695  0.000784843
7.36247  -2.69058e-05  -0.000147312  0.000159911  -0.000722913  0.00177507  0.00077566
7.37479  -2.62761e-05  -0.000144403  0.000157014  -0.000711744  0.00175347  0.000766593
7.3871  -2.56611e-05  -0.000141551  0.00015417  -0.000700751  0.00173213  0.00075764
7.39941  -2.50605e-05  -0.000138757  0.000151377  -0.000689933  0.00171107  0.000748799
7.41172  -2.44741e-05  -0.000136018  0.000148636  -0.000679285  0.00169028  0.000740069
7.42403  -2.39014e-05  -0.000133333  0.000145945  -0.000668806  0.00166975  0.000731449
7.43635  -2.33421e-05  -0.000130702  0.000143302  -0.000658493  0.00164948  0.000722936
7.44866  -2.2796e-05  -0.000128123  0.000140708  -0.000648342  0.00162946  0.000714531
7.46097  -2.22627e-05  -0.000125596  0.000138161  -0.000638352  0.00160971  0.000706231
7.47328  -2.17419e-05  -0.000123118  0.000135661  -0.00062852  0.0015902  0.000698036
7.48559  -2.12333e-05  -0.00012069  0.000133206  -0.000618843  0.00157093  0.000689943
7.4979  -2.07367e-05  -0.000118311  0.000130797  -0.000609318  0.00155192  0.000681953
7.51022  -2.02517e-05  -0.000115978  0.000128431  -0.000599944  0.00153314  0.000674063
7.52253  -1.97781e-05  -0.000113692  0.000126108  -0.000590718  0.0015146  0.000666272
7.53484  -1.93155e-05  -0.000111451  0.000123827  -0.000581638  0.0014963  0.000658579
7.54715  -1.88639e-05  -0.000109255  0.000121589  -0.0005727  0.00147823  0.000650983
7.55946  -1.84228e-05  -0.000107102  0.000119391  -0.000563904  0.00146038  0.000643483
7.57178  -1.79921e-05  -0.000104992  0.000117233  -0.000555246  0.00144277  0.000636078
7.58409  -1.75715e-05  -0.000102924  0.000115114  -0.000546725  0.00142538  0.000628766
7.5964  -1.71607e-05  -0.000100897  0.000113034  -0.000538337  0.0014082  0.000621546
7.60871  -1.67596e-05  -9.89105e-05  0.000110992  -0.000530082  0.00139125  0.000614417
7.62102  -1.63678e-05  -9.69632e-05  0.000108987  -0.000521957  0.00137451  0.000607378
7.63333  -1.59853e-05  -9.50546e-05  0.000107019  -0.00051396  0.00135798  0.000600429
7.64565  -1.56117e-05  -9.31838e-05  0.000105087  -0.000506089  0.00134167  0.000593567
7.65796  -1.52469e-05  -9.13501e-05  0.00010319  -0.000498341  0.00132556  0.000586792
7.67027  -1.48906e-05  -8.95529e-05  0.000101327  -0.000490716  0.00130965  0.000580103
7.68258  -1.45427e-05  -8.77912e-05  9.94987e-05  -0.00048321  0.00129395  0.000573499
7.69489  -1.4203e-05  -8.60646e-05  9.77035e-05  -0.000475822  0.00127845  0.000566978
7.70721  -1.38712e-05  -8.43721e-05  9.59411e-05  -0.000468551  0.00126314  0.00056054
7.71952  -1.35472e-05  -8.27133e-05  9.42108e-05  -0.000461393  0.00124803  0.000554184
7.73183  -1.32307e-05  -8.10873e-05  9.25121e-05  -0.000454349  0.00123311  0.000547909
7.74414  -1.29217e-05  -7.94936e-05  9.08443e-05  -0.000447415  0.00121838  0.000541714
7.75645  -1.26199e-05  -7.79315e-05  8.9207e-05  -0.000440589  0.00120383  0.000535597
7.76876  -1.23252e-05  -7.64003e-05  8.75995e-05  -0.000433871  0.00118948  0.000529558
7.78108  -1.20375e-05  -7.48995e-05  8.60214e-05  -0.000427259  0.0011753  0.000523597
7.79339  -1.17564e-05  -7.34285e-05  8.4472e-05  -0.00042075  0.00116131  0.000517711
7.8057  -1.14819e-05  -7.19866e-05  8.29509e-05  -0.000414344  0.00114749  0.000511901
7.81801  -1.12139e-05  -7.05732e-05  8.14576e-05  -0.000408038  0.00113385  0.000506165
7.83032  -1.09521e-05  -6.91879e-05  7.99915e-05  -0.000401831  0.00112038  0.000500502
7.84264  -1.06965e-05  -6.78301e-05  7.85521e-05  -0.000395722  0.00110708  0.000494912
7.85495  -1.04469e-05  -6.64991e-05  7.7139e-05  -0.000389708  0.00109396  0.000489393
7.86726  -1.02031e-05  -6.51945e-05  7.57517e-05  -0.000383789  0.001081  0.000483946
7.87957  -9.965e-06  -6.39158e-05  7.43897e-05  -0.000377962  0.00106821  0.000478568
7.89188  -9.73249e-06  -6.26624e-05  7.30526e-05  -0.000372227  0.00105558  0.00047326
7.90419  -9.50544e-06  -6.14338e-05  7.17399e-05  -0.000366582  0.00104311  0.00046802
7.91651  -9.28369e-06  -6.02296e-05  7.04512e-05  -0.000361026  0.0010308  0.000462848
7.92882  -9.06715e-06  -5.90492e-05  6.91859e-05  -0.000355556  0.00101865  0.000457742
7.94113  -8.85567e-06  -5.78922e-05  6.79438e-05  -0.000350172  0.00100665  0.000452702
7.95344  -8.64915e-06  -5.67581e-05  6.67244e-05  -0.000344873  0.000994806  0.000447728
7.96575  -8.44746e-06  -5.56465e-05  6.55273e-05  -0.000339657  0.000983114  0.000442818
7.97807  -8.25049e-06  -5.45569e-05  6.4352e-05  -0.000334523  0.000971572  0.000437972
7.99038  -8.05814e-06  -5.34889e-05  6.31982e-05  -0.000329469  0.000960178  0.000433189
8.00269  -7.8703e-06  -5.24421e-05  6.20654e-05  -0.000324494  0.00094893  0.000428469
8.015  -7.68685e-06  -5.14159e-05  6.09534e-05  -0.000319597  0.000937826  0.00042381
8.02731  -7.50769e-06  -5.04101e-05  5.98617e-05  -0.000314777  0.000926865  0.000419211
8.03962  -7.33274e-06  -4.94242e-05  5.879e-05  -0.000310033  0.000916045  0.000414673
8.05194  -7.16187e-06  -4.84579e-05  5.77379e-05  -0.000305363  0.000905364  0.000410195
8.06425  -6.99501e-06  -4.75107e-05  5.6705e-05  -0.000300766  0.00089482  0.000405775
8.07656  -6.83206e-06  -4.65822e-05  5.56911e-05  -0.000296242  0.000884412  0.000401413
8.08887  -6.67292e-06  -4.56721e-05  5.46957e-05  -0.000291788  0.000874139  0.000397109
8.10118  -6.51751e-06  -4.47801e-05  5.37185e-05  -0.000287404  0.000863997  0.000392862
8.1135  -6.36574e-06  -4.39057e-05  5.27592e-05  -0.000283089  0.000853987  0.000388671
8.12581  -6.21753e-06  -4.30487e-05  5.18175e-05  -0.000278841  0.000844106  0.000384535
8.13812  -6.07278e-06  -4.22086e-05  5.0893e-05  -0.00027466  0.000834352  0.000380454
8.15043  -5.93142e-06  -4.13852e-05  4.99855e-05  -0.000270545  0.000824725  0.000376428
8.16274  -5.79338e-06  -4.05781e-05  4.90946e-05  -0.000266494  0.000815223  0.000372455
8.17505  -5.65856e-06  -3.9787e-05  4.82201e-05  -0.000262507  0.000805843  0.000368536
8.18737  -5.52691e-06  -3.90115e-05  4.73616e-05  -0.000258583  0.000796586  0.000364669
8.19968  -5.39834e-06  -3.82514e-05  4.65189e-05  -0.00025472  0.000787448  0.000360854
8.21199  -5.27277e-06  -3.75064e-05  4.56916e-05  -0.000250917  0.00077843  0.00035709
8.2243  -5.15016e-06  -3.67762e-05  4.48796e-05  -0.000247175  0.000769528  0.000353377
8.23661  -5.03041e-06  -3.60604e-05  4.40824e-05  -0.000243491  0.000760743  0.000349715
8.24893  -4.91347e-06  -3.53589e-05  4.33e-05  -0.000239865  0.000752073  0.000346102
8.26124  -4.79926e-06  -3.46712e-05  4.25319e-05  -0.000236296  0.000743515  0.000342538
8.27355  -4.68774e-06  -3.39972e-05  4.1778e-05  -0.000232783  0.00073507  0.000339022
8.28586  -4.57883e-06  -3.33365e-05  4.10379e-05  -0.000229325  0.000726735  0.000335555
8.29817  -4.47246e-06  -3.2689e-05  4.03115e-05  -0.000225922  0.00071851  0.000332136
8.31048  -4.3686e-06  -3.20543e-05  3.95985e-05  -0.000222572  0.000710392  0.000328763
8.3228  -4.26716e-06  -3.14322e-05  3.88986e-05  -0.000219275  0.000702381  0.000325437
8.33511  -4.16811e-06  -3.08225e-05  3.82117e-05  -0.00021603  0.000694476  0.000322157
8.34742  -4.07138e-06  -3.02249e-05  3.75374e-05  -0.000212837  0.000686675  0.000318923
8.35973  -3.97691e-06  -2.96391e-05  3.68756e-05  -0.000209693  0.000678977  0.000315733
8.37204  -3.88466e-06  -2.9065e-05  3.62261e-05  -0.000206599  0.00067138  0.000312589
8.38436  -3.79457e-06  -2.85023e-05  3.55885e-05  -0.000203554  0.000663884  0.000309488
8.39667  -3.7066e-06  -2.79507e-05  3.49628e-05  -0.000200557  0.000656488  0.000306431
8.40898  -3.62069e-06  -2.74102e-05  3.43487e-05  -0.000197607  0.00064919  0.000303417
8.42129  -3.5368e-06  -2.68804e-05  3.3746e-05  -0.000194704  0.000641989  0.000300446
8.4336  -3.45488e-06  -2.63611e-05  3.31545e-05  -0.000191846  0.000634884  0.000297517
8.44591  -3.37488e-06  -2.58522e-05  3.25739e-05  -0.000189034  0.000627874  0.00029463
8.45823  -3.29675e-06  -2.53534e-05  3.20042e-05  -0.000186267  0.000620958  0.000291785
8.47054  -3.22047e-06  -2.48646e-05  3.14451e-05  -0.000183543  0.000614135  0.000288981
8.48285  -3.14597e-06  -2.43855e-05  3.08964e-05  -0.000180862  0.000607403  0.000286217
8.49516  -3.07323e-06  -2.39159e-05  3.0358e-05  -0.000178224  0.000600762  0.000283493
8.50747  -3.00219e-06  -2.34557e-05  2.98296e-05  -0.000175628  0.00059421  0.000280809
8.51979  -2.93283e-06  -2.30047e-05  2.93111e-05  -0.000173073  0.000587748  0.000278165
8.5321  -2.8651e-06  -2.25627e-05  2.88023e-05  -0.000170559  0.000581372  0.000275559
8.54441  -2.79896e-06  -2.21296e-05  2.8303e-05  -0.000168084  0.000575083  0.000272992
8.55672  -2.73437e-06  -2.17051e-05  2.78131e-05  -0.00016565  0.00056888  0.000270463
8.56903  -2.67131e-06  -2.12891e-05  2.73324e-05  -0.000163253  0.000562762  0.000267972
8.58134  -2.60973e-06  -2.08814e-05  2.68608e-05  -0.000160896  0.000556727  0.000265519
8.59366  -2.54961e-06  -2.04819e-05  2.63981e-05  -0.000158575  0.000550774  0.000263102
8.60597  -2.4909e-06  -2.00904e-05  2.59441e-05  -0.000156292  0.000544904  0.000260723
8.61828  -2.43358e-06  -1.97068e-05  2.54987e-05  -0.000154046  0.000539115  0.000258379
8.63059  -2.3776e-06  -1.93308e-05  2.50617e-05  -0.000151835  0.000533405  0.000256072
8.6429  -2.32295e-06  -1.89624e-05  2.4633e-05  -0.00014966  0.000527775  0.000253801
8.65522  -2.26959e-06  -1.86014e-05  2.42124e-05  -0.00014752  0.000522223  0.000251564
8.66753  -2.21749e-06  -1.82477e-05  2.37999e-05  -0.000145415  0.000516748  0.000249363
8.67984  -2.16663e-06  -1.79011e-05  2.33952e-05  -0.000143343  0.00051135  0.000247197
8.69215  -2.11696e-06  -1.75615e-05  2.29983e-05  -0.000141305  0.000506028  0.000245064
8.70446  -2.06848e-06  -1.72288e-05  2.2609e-05  -0.000139299  0.00050078  0.000242966
8.71677  -2.02114e-06  -1.69028e-05  2.22271e-05  -0.000137326  0.000495607  0.000240902
8.72909  -1.97492e-06  -1.65834e-05  2.18526e-05  -0.000135385  0.000490507  0.000238871
8.7414  -1.9298e-06  -1.62704e-05  2.14853e-05  -0.000133476  0.000485479  0.000236873
8.75371  -1.88575e-06  -1.59638e-05  2.11251e-05  -0.000131597  0.000480523  0.000234908
8.76602  -1.84275e-06  -1.56634e-05  2.07719e-05  -0.000129749  0.000475638  0.000232976
8.77833  -1.80078e-06  -1.53691e-05  2.04255e-05  -0.000127932  0.000470823  0.000231075
8.79065  -1.7598e-06  -1.50808e-05  2.00859e-05  -0.000126144  0.000466078  0.000229207
8.80296  -1.71979e-06  -1.47984e-05  1.97529e-05  -0.000124385  0.000461401  0.000227371
8.81527  -1.68075e-06  -1.45218e-05  1.94265e-05  -0.000122655  0.000456792  0.000225566
8.82758  -1.64263e-06  -1.42508e-05  1.91064e-05  -0.000120954  0.000452251  0.000223792
8.83989  -1.60543e-06  -1.39854e-05  1.87927e-05  -0.00011928  0.000447776  0.000222048
8.8522  -1.56911e-06  -1.37254e-05  1.84851e-05  -0.000117634  0.000443367  0.000220336
8.86452  -1.53367e-06  -1.34707e-05  1.81837e-05  -0.000116016  0.000439023  0.000218654
8.87683  -1.49908e-06  -1.32213e-05  1.78882e-05  -0.000114424  0.000434744  0.000217002
8.88914  -1.46532e-06  -1.29771e-05  1.75986e-05  -0.000112859  0.000430528  0.00021538
8.90145  -1.43237e-06  -1.27378e-05  1.73149e-05  -0.00011132  0.000426376  0.000213787
8.91376  -1.40021e-06  -1.25036e-05  1.70368e-05  -0.000109806  0.000422286  0.000212224
8.92608  -1.36884e-06  -1.22742e-05  1.67644e-05  -0.000108318  0.000418259  0.00021069
8.93839  -1.33822e-06  -1.20496e-05  1.64975e-05  -0.000106855  0.000414292  0.000209185
8.9507  -1.30834e-06  -1.18296e-05  1.6236e-05  -0.000105416  0.000410387  0.000207709
8.96301  -1.27919e-06  -1.16143e-05  1.59799e-05  -0.000104002  0.000406541  0.000206261
8.97532  -1.25074e-06  -1.14035e-05  1.5729e-05  -0.000102612  0.000402755  0.000204841
8.98763  -1.22299e-06  -1.11971e-05  1.54833e-05  -0.000101245  0.000399028  0.00020345
8.99995  -1.19592e-06  -1.0995e-05  1.52427e-05  -9.99022e-05  0.000395359  0.000202086
9.01226  -1.16951e-06  -1.07972e-05  1.50072e-05  -9.85819e-05  0.000391748  0.00020075
9.02457  -1.14375e-06  -1.06037e-05  1.47765e-05  -9.72843e-05  0.000388195  0.000199441
9.03688  -1.11862e-06  -1.04142e-05  1.45508e-05  -9.6009e-05  0.000384698  0.00019816
9.04919  -1.09411e-06  -1.02288e-05  1.43298e-05  -9.47558e-05  0.000381257  0.000196906
9.06151  -1.07021e-06  -1.00473e-05  1.41135e-05  -9.35244e-05  0.000377872  0.000195678
9.07382  -1.0469e-06  -9.86975e-06  1.39019e-05  -9.23145e-05  0.000374542  0.000194478
9.08613  -1.02417e-06  -9.69602e-06  1.36948e-05  -9.11257e-05  0.000371266  0.000193303
9.09844  -1.002e-06  -9.52605e-06  1.34923e-05  -8.99578e-05  0.000368045  0.000192156
9.11075  -9.80395e-07  -9.35977e-06  1.32942e-05  -8.88105e-05  0.000364877  0.000191034
9.12306  -9.59328e-07  -9.19712e-06  1.31004e-05  -8.76836e-05  0.000361762  0.000189938
9.13538  -9.38793e-07  -9.03804e-06  1.2911e-05  -8.65767e-05  0.0003587  0.000188868
9.14769  -9.18777e-07  -8.88245e-06  1.27258e-05  -8.54897e-05  0.00035569  0.000187824
9.16  -8.99269e-07  -8.73031e-06  1.25448e-05  -8.44222e-05  0.000352732  0.000186805
9.17231  -8.80259e-07  -8.58155e-06  1.23679e-05  -8.3374e-05  0.000349825  0.000185812
9.18462  -8.61736e-07  -8.43611e-06  1.21951e-05  -8.23449e-05  0.000346969  0.000184843
9.19694  -8.4369e-07  -8.29394e-06  1.20262e-05  -8.13346e-05  0.000344163  0.0001839
9.20925  -8.2611e-07  -8.15498e-06  1.18613e-05  -8.03428e-05  0.000341407  0.000182982
9.22156  -8.08988e-07  -8.01917e-06  1.17004e-05  -7.93694e-05  0.000338701  0.000182088
9.23387  -7.92312e-07  -7.88647e-06  1.15432e-05  -7.8414e-05  0.000336043  0.000181219
9.24618  -7.76075e-07  -7.75682e-06  1.13899e-05  -7.74766e-05  0.000333435  0.000180375
9.25849  -7.60267e-07  -7.63017e-06  1.12402e-05  -7.65568e-05  0.000330874  0.000179555
9.27081  -7.44879e-07  -7.50647e-06  1.10943e-05  -7.56544e-05  0.000328361  0.000178759
9.28312  -7.29903e-07  -7.38567e-06  1.0952e-05  -7.47693e-05  0.000325896  0.000177987
9.29543  -7.1533e-07  -7.26773e-06  1.08133e-05  -7.39012e-05  0.000323478  0.00017724
9.30774  -7.01153e-07  -7.15259e-06  1.06781e-05  -7.30498e-05  0.000321107  0.000176516
9.32005  -6.87363e-07  -7.04022e-06  1.05465e-05  -7.22151e-05  0.000318782  0.000175816
9.33237  -6.73953e-07  -6.93057e-06  1.04183e-05  -7.13968e-05  0.000316503  0.000175139
9.34468  -6.60915e-07  -6.82359e-06  1.02935e-05  -7.05947e-05  0.00031427  0.000174487
9.35699  -6.48243e-07  -6.71925e-06  1.01721e-05  -6.98086e-05  0.000312082  0.000173857
9.3693  -6.35928e-07  -6.6175e-06  1.0054e-05  -6.90383e-05  0.000309939  0.000173251
9.38161  -6.23965e-07  -6.51831e-06  9.93918e-06  -6.82837e-05  0.000307841  0.000172668
9.39392  -6.12346e-07  -6.42163e-06  9.82764e-06  -6.75446e-05  0.000305787  0.000172109
9.40624  -6.01066e-07  -6.32743e-06  9.71932e-06  -6.68208e-05  0.000303777  0.000171572
9.41855  -5.90117e-07  -6.23567e-06  9.61417e-06  -6.61121e-05  0.00030181  0.000171059
9.43086  -5.79494e-07  -6.14632e-06  9.51218e-06  -6.54183e-05  0.000299887  0.000170568
9.44317  -5.69191e-07  -6.05934e-06  9.41329e-06  -6.47394e-05  0.000298007  0.0001701
9.45548  -5.59202e-07  -5.97469e-06  9.31749e-06  -6.40751e-05  0.00029617  0.000169655
9.4678  -5.49522e-07  -5.89234e-06  9.22473e-06  -6.34252e-05  0.000294375  0.000169233
9.48011  -5.40145e-07  -5.81226e-06  9.13499e-06  -6.27897e-05  0.000292623  0.000168833
9.49242  -5.31066e-07  -5.73443e-06  9.04823e-06  -6.21684e-05  0.000290912  0.000168455
9.50473  -5.22281e-07  -5.6588e-06  8.96443e-06  -6.15611e-05  0.000289244  0.0001681
9.51704  -5.13783e-07  -5.58535e-06  8.88356e-06  -6.09676e-05  0.000287616  0.000167768
9.52935  -5.05568e-07  -5.51405e-06  8.8056e-06  -6.03879e-05  0.00028603  0.000167458
9.54167  -4.97633e-07  -5.44488e-06  8.73051e-06  -5.98219e-05  0.000284484  0.00016717
9.55398  -4.89972e-07  -5.37779e-06  8.65827e-06  -5.92692e-05  0.00028298  0.000166905
9.56629  -4.82581e-07  -5.31278e-06  8.58886e-06  -5.873e-05  0.000281516  0.000166661
9.5786  -4.75456e-07  -5.24981e-06  8.52225e-06  -5.82039e-05  0.000280092  0.00016644
9.59091  -4.68593e-07  -5.18886e-06  8.45843e-06  -5.76909e-05  0.000278707  0.000166241
9.60323  -4.61989e-07  -5.12991e-06  8.39736e-06  -5.71909e-05  0.000277363  0.000166064
9.61554  -4.55639e-07  -5.07293e-06  8.33903e-06  -5.67037e-05  0.000276058  0.000165909
9.62785  -4.4954e-07  -5.01789e-06  8.28343e-06  -5.62293e-05  0.000274793  0.000165776
9.64016  -4.43689e-07  -4.96479e-06  8.23052e-06  -5.57674e-05  0.000273567  0.000165665
9.65247  -4.38082e-07  -4.91359e-06  8.1803e-06  -5.53181e-05  0.000272379  0.000165575
9.66478  -4.32717e-07  -4.86428e-06  8.13275e-06  -5.48812e-05  0.000271231  0.000165508
9.6771  -4.2759e-07  -4.81684e-06  8.08785e-06  -5.44566e-05  0.000270121  0.000165463
9.68941  -4.22698e-07  -4.77124e-06  8.04558e-06  -5.40441e-05  0.000269049  0.000165439
9.70172  -4.1804e-07  -4.72748e-06  8.00593e-06  -5.36438e-05  0.000268016  0.000165438
9.71403  -4.13611e-07  -4.68553e-06  7.9689e-06  -5.32555e-05  0.000267021  0.000165458
9.72634  -4.0941e-07  -4.64538e-06  7.93445e-06  -5.28791e-05  0.000266063  0.0001655
9.73866  -4.05435e-07  -4.60701e-06  7.90259e-06  -5.25144e-05  0.000265143  0.000165564
9.75097  -4.01682e-07  -4.57041e-06  7.87331e-06  -5.21616e-05  0.000264261  0.000165649
9.76328  -3.98151e-07  -4.53556e-06  7.84658e-06  -5.18203e-05  0.000263417  0.000165757
9.77559  -3.94839e-07  -4.50245e-06  7.82241e-06  -5.14907e-05  0.000262609  0.000165886
9.7879  -3.91744e-07  -4.47106e-06  7.80078e-06  -5.11725e-05  0.000261839  0.000166037
9.80021  -3.88864e-07  -4.44139e-06  7.78169e-06  -5.08657e-05  0.000261106  0.00016621
9.81253  -3.86199e-07  -4.41342e-06  7.76514e-06  -5.05703e-05  0.00026041  0.000166405
9.82484  -3.83746e-07  -4.38713e-06  7.7511e-06  -5.02861e-05  0.00025975  0.000166621
9.83715  -3.81503e-07  -4.36253e-06  7.73959e-06  -5.00131e-05  0.000259128  0.000166859
9.84946  -3.79471e-07  -4.3396e-06  7.73059e-06  -4.97512e-05  0.000258542  0.00016712
