8e-06  -4.73498e-11  -4.44009e-14  -1.45626e-06  -6.38532e-17  -5.57988e-11  -1.67171e-09
0.0123198  -7.32085e-06  -5.32229e-08  -0.00224253  -3.06886e-10  -1.95566e-05  -1.79821e-05
0.0246316  -2.92588e-05  -3.57686e-07  -0.00448292  -3.54924e-09  -7.81625e-05  -7.08763e-05
0.0369435  -6.5796e-05  -1.18965e-06  -0.00672194  -1.72493e-08  -0.000175773  -0.000159168
0.0492553  -0.000116903  -2.81092e-06  -0.00895893  -5.40655e-08  -0.000312314  -0.000282761
0.0615671  -0.000182539  -5.48253e-06  -0.0111932  -1.31619e-07  -0.000487682  -0.000441576
0.0738789  -0.000262652  -9.46453e-06  -0.013424  -2.72515e-07  -0.000701746  -0.000635523
0.0861907  -0.000357177  -1.50155e-05  -0.0156508  -5.04308e-07  -0.000954344  -0.000864504
0.0985025  -0.000466039  -2.23924e-05  -0.0178728  -8.59462e-07  -0.00124529  -0.0011284
0.110814  -0.000589151  -3.18499e-05  -0.0200894  -1.3753e-06  -0.00157435  -0.00142708
0.123126  -0.000726418  -4.36406e-05  -0.0222999  -2.09394e-06  -0.0019413  -0.00176039
0.135438  -0.00087773  -5.80143e-05  -0.0245037  -3.06226e-06  -0.00234585  -0.00212817
0.14775  -0.00104297  -7.52179e-05  -0.0267  -4.33179e-06  -0.00278771  -0.00253023
0.160062  -0.00122201  -9.54954e-05  -0.0288883  -5.95864e-06  -0.00326654  -0.00296636
0.172373  -0.00141471  -0.000119087  -0.0310679  -8.00347e-06  -0.003782  -0.00343636
0.184685  -0.00162093  -0.00014623  -0.0332381  -1.05313e-05  -0.00433369  -0.00393997
0.196997  -0.0018405  -0.000177158  -0.0353982  -1.36116e-05  -0.00492123  -0.00447696
0.209309  -0.00207326  -0.000212098  -0.0375478  -1.73179e-05  -0.00554417  -0.00504705
0.221621  -0.00231904  -0.000251277  -0.0396861  -2.17281e-05  -0.00620207  -0.00564996
0.233933  -0.00257766  -0.000294915  -0.0418125  -2.69238e-05  -0.00689445  -0.00628538
0.246244  -0.00284893  -0.000343227  -0.0439264  -3.29907e-05  -0.00762081  -0.006953
0.258556  -0.00313265  -0.000396425  -0.0460272  -4.00184e-05  -0.00838064  -0.00765249
0.270868  -0.00342862  -0.000454715  -0.0481143  -4.81e-05  -0.00917338  -0.00838349
0.28318  -0.00373663  -0.000518298  -0.050187  -5.73323e-05  -0.00999848  -0.00914565
0.295492  -0.00405646  -0.000587371  -0.0522449  -6.78154e-05  -0.0108554  -0.00993859
0.307803  -0.00438789  -0.000662124  -0.0542874  -7.96529e-05  -0.0117434  -0.0107619
0.320115  -0.00473071  -0.000742744  -0.0563137  -9.29513e-05  -0.012662  -0.0116152
0.332427  -0.00508468  -0.000829411  -0.0583235  -0.00010782  -0.0136106  -0.012498
0.344739  -0.00544956  -0.000922299  -0.0603162  -0.000124373  -0.0145884  -0.01341
0.357051  -0.00582513  -0.00102158  -0.0622911  -0.000142725  -0.0155949  -0.0143506
0.369363  -0.00621113  -0.00112741  -0.0642478  -0.000162994  -0.0166293  -0.0153194
0.381674  -0.00660734  -0.00123996  -0.0661858  -0.000185301  -0.0176909  -0.0163159
0.393986  -0.0070135  -0.00135938  -0.0681044  -0.000209769  -0.018779  -0.0173397
0.406298  -0.00742937  -0.00148581  -0.0700033  -0.000236524  -0.019893  -0.0183901
0.41861  -0.00785471  -0.0016194  -0.0718819  -0.000265693  -0.0210321  -0.0194668
0.430922  -0.00828926  -0.00176028  -0.0737397  -0.000297407  -0.0221955  -0.0205692
0.443233  -0.00873278  -0.00190859  -0.0755763  -0.000331797  -0.0233825  -0.0216966
0.455545  -0.00918502  -0.00206445  -0.0773911  -0.000368996  -0.0245923  -0.0228487
0.467857  -0.00964574  -0.00222799  -0.0791837  -0.000409141  -0.0258242  -0.0240248
0.480169  -0.0101147  -0.00239931  -0.0809536  -0.000452368  -0.0270775  -0.0252243
0.492481  -0.0105916  -0.00257853  -0.0827005  -0.000498816  -0.0283512  -0.0264467
0.504792  -0.0110763  -0.00276575  -0.0844238  -0.000548624  -0.0296447  -0.0276913
0.517104  -0.0115685  -0.00296108  -0.0861231  -0.000601935  -0.0309571  -0.0289575
0.529416  -0.0120679  -0.00316461  -0.087798  -0.000658889  -0.0322877  -0.0302448
0.541728  -0.0125744  -0.00337643  -0.0894481  -0.000719632  -0.0336356  -0.0315525
0.55404  -0.0130877  -0.00359664  -0.091073  -0.000784307  -0.035  -0.0328799
0.566352  -0.0136075  -0.0038253  -0.0926724  -0.00085306  -0.0363802  -0.0342264
0.578663  -0.0141337  -0.00406251  -0.0942457  -0.000926038  -0.0377753  -0.0355914
0.590975  -0.014666  -0.00430832  -0.0957927  -0.00100339  -0.0391846  -0.0369742
0.603287  -0.0152042  -0.00456282  -0.0973129  -0.00108526  -0.0406071  -0.038374
0.615599  -0.0157481  -0.00482607  -0.0988061  -0.00117179  -0.0420422  -0.0397903
0.627911  -0.0162975  -0.00509813  -0.100272  -0.00126315  -0.0434889  -0.0412223
0.640222  -0.0168521  -0.00537906  -0.10171  -0.00135947  -0.0449465  -0.0426694
0.652534  -0.0174119  -0.00566891  -0.10312  -0.0014609  -0.0464141  -0.0441307
0.664846  -0.0179765  -0.00596774  -0.104501  -0.0015676  -0.047891  -0.0456057
0.677158  -0.0185458  -0.00627558  -0.105854  -0.00167972  -0.0493764  -0.0470935
0.68947  -0.0191196  -0.00659249  -0.107177  -0.0017974  -0.0508694  -0.0485935
0.701782  -0.0196978  -0.00691852  -0.108471  -0.00192081  -0.0523692  -0.0501049
0.714093  -0.0202801  -0.00725368  -0.109736  -0.00205008  -0.053875  -0.051627
0.726405  -0.0208664  -0.00759803  -0.11097  -0.00218537  -0.055386  -0.053159
0.738717  -0.0214565  -0.00795159  -0.112175  -0.00232682  -0.0569015  -0.0547002
0.751029  -0.0220503  -0.00831439  -0.113349  -0.0024746  -0.0584206  -0.0562498
0.763341  -0.0226475  -0.00868647  -0.114492  -0.00262885  -0.0599425  -0.057807
0.775652  -0.0232482  -0.00906784  -0.115604  -0.00278971  -0.0614665  -0.0593712
0.787964  -0.023852  -0.00945853  -0.116685  -0.00295735  -0.0629918  -0.0609415
0.800276  -0.0244589  -0.00985855  -0.117734  -0.0031319  -0.0645175  -0.062517
0.812588  -0.0250687  -0.0102679  -0.118752  -0.00331352  -0.0660429  -0.0640972
0.8249  -0.0256814  -0.0106867  -0.119737  -0.00350236  -0.0675673  -0.0656811
0.837212  -0.0262967  -0.0111148  -0.120691  -0.00369856  -0.0690898  -0.067268
0.849523  -0.0269145  -0.0115523  -0.121612  -0.00390226  -0.0706097  -0.0688571
0.861835  -0.0275348  -0.0119992  -0.1225  -0.00411363  -0.0721263  -0.0704476
0.874147  -0.0281574  -0.0124556  -0.123356  -0.00433279  -0.0736387  -0.0720387
0.886459  -0.0287822  -0.0129213  -0.124179  -0.0045599  -0.0751463  -0.0736296
0.898771  -0.0294091  -0.0133964  -0.124968  -0.00479509  -0.0766482  -0.0752195
0.911082  -0.030038  -0.013881  -0.125724  -0.00503851  -0.0781438  -0.0768076
0.923394  -0.0306688  -0.0143749  -0.126447  -0.00529031  -0.0796322  -0.0783931
0.935706  -0.0313014  -0.0148783  -0.127136  -0.00555062  -0.0811128  -0.0799753
0.948018  -0.0319357  -0.015391  -0.127791  -0.00581957  -0.0825849  -0.0815532
0.96033  -0.0325715  -0.0159131  -0.128413  -0.00609731  -0.0840476  -0.0831261
0.972642  -0.0332089  -0.0164446  -0.129  -0.00638398  -0.0855003  -0.0846932
0.984953  -0.0338477  -0.0169854  -0.129553  -0.00667969  -0.0869423  -0.0862537
0.997265  -0.0344879  -0.0175355  -0.130072  -0.0069846  -0.0883728  -0.0878069
1.00958  -0.0351293  -0.018095  -0.130556  -0.00729882  -0.0897912  -0.0893518
1.02189  -0.0357718  -0.0186637  -0.131006  -0.00762248  -0.0911967  -0.0908877
1.0342  -0.0364154  -0.0192417  -0.131421  -0.00795572  -0.0925887  -0.0924138
1.04651  -0.0370601  -0.0198289  -0.131802  -0.00829865  -0.0939665  -0.0939294
1.05882  -0.0377056  -0.0204253  -0.132147  -0.00865139  -0.0953293  -0.0954336
1.07114  -0.038352  -0.0210309  -0.132458  -0.00901406  -0.0966765  -0.0969256
1.08345  -0.0389991  -0.0216456  -0.132734  -0.00938679  -0.0980074  -0.0984047
1.09576  -0.0396468  -0.0222693  -0.132975  -0.00976967  -0.0993213  -0.0998701
1.10807  -0.0402952  -0.0229021  -0.133181  -0.0101628  -0.100618  -0.101321
1.12038  -0.040944  -0.0235438  -0.133353  -0.0105664  -0.101896  -0.102757
1.1327  -0.0415932  -0.0241944  -0.133489  -0.0109804  -0.103155  -0.104176
1.14501  -0.0422427  -0.0248539  -0.13359  -0.011405  -0.104394  -0.105579
1.15732  -0.0428925  -0.0255221  -0.133656  -0.0118402  -0.105614  -0.106965
1.16963  -0.0435424  -0.0261991  -0.133687  -0.0122862  -0.106812  -0.108332
1.18194  -0.0441923  -0.0268847  -0.133683  -0.0127431  -0.107989  -0.10968
1.19425  -0.0448422  -0.0275789  -0.133644  -0.0132109  -0.109144  -0.111009
1.20657  -0.0454919  -0.0282815  -0.133571  -0.0136898  -0.110276  -0.112317
1.21888  -0.0461414  -0.0289926  -0.133462  -0.0141797  -0.111385  -0.113604
1.23119  -0.0467905  -0.0297119  -0.133319  -0.0146808  -0.11247  -0.11487
1.2435  -0.0474391  -0.0304394  -0.133141  -0.0151931  -0.11353  -0.116113
1.25581  -0.0480871  -0.031175  -0.132929  -0.0157167  -0.114565  -0.117332
1.26813  -0.0487345  -0.0319185  -0.132682  -0.0162516  -0.115575  -0.118528
1.28044  -0.049381  -0.0326699  -0.132401  -0.0167978  -0.116558  -0.1197
1.29275  -0.0500265  -0.0334291  -0.132085  -0.0173556  -0.117515  -0.120846
1.30506  -0.050671  -0.0341958  -0.131736  -0.0179247  -0.118444  -0.121967
1.31737  -0.0513143  -0.0349699  -0.131352  -0.0185053  -0.119345  -0.123061
1.32968  -0.0519562  -0.0357514  -0.130936  -0.0190975  -0.120217  -0.124128
1.342  -0.0525966  -0.03654  -0.130485  -0.0197011  -0.121061  -0.125168
1.35431  -0.0532354  -0.0373356  -0.130001  -0.0203163  -0.121875  -0.12618
1.36662  -0.0538725  -0.038138  -0.129484  -0.0209429  -0.122659  -0.127163
1.37893  -0.0545075  -0.038947  -0.128935  -0.0215811  -0.123413  -0.128117
1.39124  -0.0551405  -0.0397625  -0.128353  -0.0222308  -0.124135  -0.129041
1.40356  -0.0557712  -0.0405843  -0.127738  -0.0228919  -0.124826  -0.129935
1.41587  -0.0563994  -0.0414121  -0.127091  -0.0235645  -0.125486  -0.130798
1.42818  -0.057025  -0.0422458  -0.126413  -0.0242484  -0.126113  -0.131631
1.44049  -0.0576478  -0.0430851  -0.125703  -0.0249437  -0.126707  -0.132431
1.4528  -0.0582676  -0.0439298  -0.124962  -0.0256503  -0.127267  -0.1332
1.46511  -0.0588842  -0.0447797  -0.12419  -0.026368  -0.127795  -0.133936
1.47743  -0.0594974  -0.0456345  -0.123388  -0.0270969  -0.128288  -0.134639
1.48974  -0.0601069  -0.046494  -0.122556  -0.0278368  -0.128747  -0.135309
1.50205  -0.0607127  -0.0473579  -0.121694  -0.0285876  -0.129171  -0.135945
1.51436  -0.0613145  -0.0482259  -0.120803  -0.0293492  -0.12956  -0.136547
1.52667  -0.061912  -0.0490978  -0.119883  -0.0301216  -0.129913  -0.137115
1.53899  -0.062505  -0.0499733  -0.118934  -0.0309045  -0.130231  -0.137649
1.5513  -0.0630933  -0.0508521  -0.117958  -0.0316978  -0.130512  -0.138148
1.56361  -0.0636766  -0.0517338  -0.116954  -0.0325013  -0.130758  -0.138611
1.57592  -0.0642548  -0.0526182  -0.115923  -0.033315  -0.130966  -0.13904
1.58823  -0.0648275  -0.0535049  -0.114866  -0.0341386  -0.131138  -0.139433
1.60054  -0.0653946  -0.0543936  -0.113782  -0.0349719  -0.131273  -0.13979
1.61286  -0.0659557  -0.055284  -0.112674  -0.0358148  -0.13137  -0.140111
1.62517  -0.0665106  -0.0561757  -0.11154  -0.0366669  -0.13143  -0.140397
1.63748  -0.0670591  -0.0570683  -0.110382  -0.0375282  -0.131453  -0.140646
1.64979  -0.0676008  -0.0579615  -0.109199  -0.0383983  -0.131437  -0.140859
1.6621  -0.0681356  -0.0588549  -0.107994  -0.039277  -0.131384  -0.141036
1.67442  -0.0686631  -0.0597482  -0.106766  -0.0401641  -0.131293  -0.141176
1.68673  -0.069183  -0.0606409  -0.105516  -0.0410593  -0.131164  -0.141281
1.69904  -0.0696952  -0.0615326  -0.104245  -0.0419623  -0.130996  -0.141348
1.71135  -0.0701993  -0.062423  -0.102953  -0.0428728  -0.13079  -0.14138
1.72366  -0.070695  -0.0633116  -0.101641  -0.0437905  -0.130546  -0.141375
1.73597  -0.0711821  -0.0641981  -0.100309  -0.0447151  -0.130264  -0.141335
1.74829  -0.0716603  -0.0650819  -0.0989589  -0.0456463  -0.129944  -0.141258
1.7606  -0.0721293  -0.0659627  -0.0975905  -0.0465836  -0.129586  -0.141145
1.77291  -0.0725888  -0.06684  -0.0962046  -0.0475269  -0.12919  -0.140997
1.78522  -0.0730386  -0.0677134  -0.0948021  -0.0484756  -0.128755  -0.140812
1.79753  -0.0734783  -0.0685825  -0.0933836  -0.0494296  -0.128283  -0.140593
1.80985  -0.0739078  -0.0694468  -0.0919499  -0.0503882  -0.127774  -0.140338
1.82216  -0.0743266  -0.0703059  -0.0905016  -0.0513513  -0.127227  -0.140048
1.83447  -0.0747347  -0.0711592  -0.0890396  -0.0523183  -0.126642  -0.139724
1.84678  -0.0751316  -0.0720064  -0.0875645  -0.0532888  -0.126021  -0.139365
1.85909  -0.0755171  -0.0728471  -0.0860772  -0.0542625  -0.125363  -0.138972
1.8714  -0.075891  -0.0736806  -0.0845784  -0.0552389  -0.124668  -0.138545
1.88372  -0.076253  -0.0745067  -0.0830688  -0.0562176  -0.123938  -0.138085
1.89603  -0.0766028  -0.0753248  -0.0815492  -0.0571981  -0.123171  -0.137592
1.90834  -0.0769403  -0.0761344  -0.0800204  -0.05818  -0.122369  -0.137066
1.92065  -0.0772651  -0.0769352  -0.0784831  -0.0591628  -0.121532  -0.136508
1.93296  -0.0775771  -0.0777266  -0.0769382  -0.060146  -0.12066  -0.135918
1.94528  -0.077876  -0.0785083  -0.0753864  -0.0611293  -0.119754  -0.135297
1.95759  -0.0781616  -0.0792797  -0.0738284  -0.062112  -0.118813  -0.134645
1.9699  -0.0784336  -0.0800404  -0.0722652  -0.0630938  -0.11784  -0.133962
1.98221  -0.0786919  -0.08079  -0.0706973  -0.0640741  -0.116833  -0.133249
1.99452  -0.0789363  -0.0815281  -0.0691257  -0.0650524  -0.115795  -0.132507
2.00683  -0.0791666  -0.0822542  -0.067551  -0.0660283  -0.114724  -0.131736
2.01915  -0.0793826  -0.0829678  -0.0659741  -0.0670013  -0.113622  -0.130937
2.03146  -0.0795842  -0.0836686  -0.0643957  -0.0679708  -0.112489  -0.13011
2.04377  -0.0797711  -0.0843562  -0.0628166  -0.0689364  -0.111326  -0.129256
2.05608  -0.0799433  -0.0850302  -0.0612375  -0.0698975  -0.110134  -0.128375
2.06839  -0.0801005  -0.0856901  -0.0596591  -0.0708537  -0.108913  -0.127468
2.08071  -0.0802428  -0.0863355  -0.0580822  -0.0718044  -0.107663  -0.126535
2.09302  -0.0803699  -0.0869662  -0.0565076  -0.0727493  -0.106386  -0.125578
2.10533  -0.0804817  -0.0875817  -0.0549359  -0.0736877  -0.105083  -0.124597
2.11764  -0.0805782  -0.0881817  -0.0533678  -0.0746191  -0.103753  -0.123592
2.12995  -0.0806593  -0.0887659  -0.0518041  -0.0755431  -0.102397  -0.122564
2.14226  -0.0807249  -0.0893338  -0.0502455  -0.0764593  -0.101017  -0.121514
2.15458  -0.0807749  -0.0898852  -0.0486926  -0.077367  -0.0996129  -0.120443
2.16689  -0.0808094  -0.0904198  -0.0471461  -0.0782659  -0.0981857  -0.11935
2.1792  -0.0808282  -0.0909373  -0.0456066  -0.0791554  -0.096736  -0.118238
2.19151  -0.0808314  -0.0914374  -0.0440748  -0.0800351  -0.0952647  -0.117105
2.20382  -0.080819  -0.0919198  -0.0425513  -0.0809046  -0.0937726  -0.115954
2.21614  -0.0807909  -0.0923843  -0.0410368  -0.0817633  -0.0922604  -0.114785
2.22845  -0.0807471  -0.0928306  -0.0395318  -0.0826108  -0.0907291  -0.113598
2.24076  -0.0806878  -0.0932586  -0.0380369  -0.0834468  -0.0891793  -0.112395
2.25307  -0.080613  -0.093668  -0.0365526  -0.0842707  -0.087612  -0.111175
2.26538  -0.0805226  -0.0940586  -0.0350796  -0.0850821  -0.086028  -0.10994
2.27769  -0.0804168  -0.0944302  -0.0336184  -0.0858807  -0.0844281  -0.10869
2.29001  -0.0802957  -0.0947827  -0.0321694  -0.0866661  -0.0828131  -0.107426
2.30232  -0.0801593  -0.095116  -0.0307332  -0.0874378  -0.0811839  -0.106148
2.31463  -0.0800078  -0.0954298  -0.0293103  -0.0881954  -0.0795414  -0.104858
2.32694  -0.0798413  -0.0957241  -0.0279011  -0.0889387  -0.0778864  -0.103556
2.33925  -0.0796598  -0.0959988  -0.026506  -0.0896672  -0.0762197  -0.102242
2.35157  -0.0794636  -0.0962538  -0.0251256  -0.0903807  -0.0745422  -0.100918
2.36388  -0.0792528  -0.0964891  -0.0237602  -0.0910787  -0.0728548  -0.0995835
2.37619  -0.0790275  -0.0967045  -0.0224102  -0.091761  -0.0711582  -0.0982399
2.3885  -0.0787879  -0.0969001  -0.021076  -0.0924273  -0.0694534  -0.0968875
2.40081  -0.0785343  -0.0970758  -0.0197579  -0.0930772  -0.0677412  -0.095527
2.41312  -0.0782667  -0.0972316  -0.0184564  -0.0937106  -0.0660224  -0.0941591
2.42544  -0.0779854  -0.0973676  -0.0171716  -0.0943271  -0.0642978  -0.0927844
2.43775  -0.0776907  -0.0974837  -0.015904  -0.0949265  -0.0625683  -0.0914036
2.45006  -0.0773826  -0.09758  -0.0146537  -0.0955085  -0.0608347  -0.0900172
2.46237  -0.0770615  -0.0976566  -0.0134212  -0.096073  -0.0590978  -0.0886258
2.47468  -0.0767276  -0.0977135  -0.0122065  -0.0966197  -0.0573583  -0.0872301
2.48699  -0.0763812  -0.0977508  -0.01101  -0.0971484  -0.0556172  -0.0858306
2.49931  -0.0760224  -0.0977686  -0.0098319  -0.097659  -0.0538752  -0.084428
2.51162  -0.0756515  -0.097767  -0.00867235  -0.0981513  -0.052133  -0.0830228
2.52393  -0.0752688  -0.0977462  -0.00753156  -0.0986251  -0.0503914  -0.0816156
2.53624  -0.0748746  -0.0977062  -0.00640968  -0.0990803  -0.0486512  -0.0802069
2.54855  -0.0744692  -0.0976473  -0.00530688  -0.0995167  -0.0469132  -0.0787973
2.56087  -0.0740527  -0.0975695  -0.00422328  -0.0999344  -0.045178  -0.0773873
2.57318  -0.0736256  -0.0974732  -0.003159  -0.100333  -0.0434464  -0.0759774
2.58549  -0.073188  -0.0973583  -0.00211416  -0.100713  -0.0417191  -0.0745682
2.5978  -0.0727404  -0.0972252  -0.00108883  -0.101073  -0.0399967  -0.0731601
2.61011  -0.0722829  -0.097074  -8.30898e-05  -0.101415  -0.03828  -0.0717538
2.62242  -0.0718158  -0.096905  0.000902996  -0.101737  -0.0365697  -0.0703495
2.63474  -0.0713395  -0.0967183  0.00186938  -0.10204  -0.0348664  -0.0689479
2.64705  -0.0708544  -0.0965142  0.00281603  -0.102324  -0.0331707  -0.0675494
2.65936  -0.0703605  -0.096293  0.00374293  -0.102588  -0.0314833  -0.0661545
2.67167  -0.0698584  -0.0960549  0.00465007  -0.102833  -0.0298048  -0.0647635
2.68398  -0.0693482  -0.0958001  0.00553744  -0.103059  -0.0281358  -0.063377
2.6963  -0.0688303  -0.0955289  0.00640507  -0.103266  -0.0264769  -0.0619954
2.70861  -0.068305  -0.0952416  0.00725298  -0.103454  -0.0248286  -0.060619
2.72092  -0.0677726  -0.0949384  0.00808121  -0.103622  -0.0231916  -0.0592483
2.73323  -0.0672334  -0.0946197  0.0088898  -0.103771  -0.0215664  -0.0578838
2.74554  -0.0666877  -0.0942856  0.00967881  -0.103901  -0.0199535  -0.0565257
2.75785  -0.0661357  -0.0939365  0.0104483  -0.104013  -0.0183533  -0.0551745
2.77017  -0.0655779  -0.0935728  0.0111984  -0.104105  -0.0167666  -0.0538305
2.78248  -0.0650145  -0.0931946  0.0119291  -0.104178  -0.0151936  -0.0524941
2.79479  -0.0644458  -0.0928023  0.0126405  -0.104233  -0.013635  -0.0511657
2.8071  -0.063872  -0.0923961  0.0133328  -0.104269  -0.0120911  -0.0498456
2.81941  -0.0632936  -0.0919765  0.014006  -0.104287  -0.0105625  -0.0485342
2.83173  -0.0627106  -0.0915436  0.0146603  -0.104287  -0.00904952  -0.0472317
2.84404  -0.0621236  -0.0910978  0.0152958  -0.104268  -0.00755261  -0.0459386
2.85635  -0.0615326  -0.0906395  0.0159126  -0.104231  -0.0060722  -0.044655
2.86866  -0.0609381  -0.0901688  0.0165108  -0.104176  -0.00460866  -0.0433813
2.88097  -0.0603402  -0.0896862  0.0170907  -0.104103  -0.00316239  -0.0421179
2.89328  -0.0597393  -0.089192  0.0176522  -0.104013  -0.00173376  -0.040865
2.9056  -0.0591355  -0.0886863  0.0181956  -0.103905  -0.000323117  -0.0396228
2.91791  -0.0585293  -0.0881697  0.0187211  -0.103779  0.00106919  -0.0383918
2.93022  -0.0579207  -0.0876423  0.0192287  -0.103637  0.00244283  -0.037172
2.94253  -0.0573102  -0.0871046  0.0197188  -0.103477  0.0037975  -0.0359639
2.95484  -0.0566979  -0.0865567  0.0201913  -0.103301  0.00513288  -0.0347675
2.96716  -0.056084  -0.085999  0.0206466  -0.103108  0.00644868  -0.0335833
2.97947  -0.0554688  -0.0854319  0.0210847  -0.102899  0.00774463  -0.0324114
2.99178  -0.0548526  -0.0848556  0.0215059  -0.102673  0.00902046  -0.0312521
3.00409  -0.0542355  -0.0842704  0.0219103  -0.102431  0.0102759  -0.0301055
3.0164  -0.0536179  -0.0836767  0.0222982  -0.102174  0.0115107  -0.0289719
3.02871  -0.0529998  -0.0830747  0.0226697  -0.1019  0.0127247  -0.0278515
3.04103  -0.0523816  -0.0824648  0.023025  -0.101612  0.0139177  -0.0267446
3.05334  -0.0517634  -0.0818472  0.0233642  -0.101308  0.0150893  -0.0256512
3.06565  -0.0511454  -0.0812222  0.0236877  -0.100989  0.0162395  -0.0245717
3.07796  -0.0505279  -0.0805902  0.0239956  -0.100655  0.0173681  -0.0235061
3.09027  -0.049911  -0.0799514  0.0242882  -0.100306  0.0184748  -0.0224546
3.10259  -0.0492949  -0.0793062  0.0245655  -0.0999437  0.0195596  -0.0214175
3.1149  -0.0486799  -0.0786547  0.0248278  -0.0995668  0.0206223  -0.0203948
3.12721  -0.048066  -0.0779973  0.0250754  -0.0991761  0.0216627  -0.0193868
3.13952  -0.0474535  -0.0773344  0.0253084  -0.0987716  0.0226808  -0.0183935
3.15183  -0.0468426  -0.076666  0.025527  -0.0983537  0.0236764  -0.0174151
3.16414  -0.0462334  -0.0759927  0.0257315  -0.0979227  0.0246495  -0.0164518
3.17646  -0.045626  -0.0753145  0.0259221  -0.0974786  0.0255999  -0.0155036
3.18877  -0.0450207  -0.0746318  0.026099  -0.0970219  0.0265275  -0.0145706
3.20108  -0.0444175  -0.0739449  0.0262624  -0.0965527  0.0274324  -0.0136531
3.21339  -0.0438167  -0.073254  0.0264125  -0.0960714  0.0283145  -0.012751
3.2257  -0.0432184  -0.0725595  0.0265496  -0.095578  0.0291736  -0.0118644
3.23802  -0.0426227  -0.0718614  0.0266739  -0.095073  0.0300099  -0.0109935
3.25033  -0.0420297  -0.0711602  0.0267856  -0.0945566  0.0308233  -0.0101383
3.26264  -0.0414397  -0.0704561  0.0268849  -0.094029  0.0316138  -0.00929894
3.27495  -0.0408527  -0.0697493  0.0269721  -0.0934904  0.0323813  -0.00847537
3.28726  -0.0402688  -0.0690401  0.0270473  -0.0929413  0.033126  -0.00766769
3.29957  -0.0396882  -0.0683288  0.0271109  -0.0923817  0.0338479  -0.00687594
3.31189  -0.039111  -0.0676155  0.0271631  -0.0918121  0.0345469  -0.00610014
3.3242  -0.0385372  -0.0669005  0.027204  -0.0912326  0.0352232  -0.00534033
3.33651  -0.0379671  -0.0661842  0.0272339  -0.0906436  0.0358768  -0.00459652
3.34882  -0.0374007  -0.0654666  0.0272531  -0.0900453  0.0365079  -0.00386872
3.36113  -0.0368381  -0.0647481  0.0272617  -0.089438  0.0371164  -0.00315692
3.37345  -0.0362795  -0.0640288  0.0272601  -0.088822  0.0377025  -0.00246113
3.38576  -0.0357248  -0.0633091  0.0272484  -0.0881975  0.0382664  -0.00178131
3.39807  -0.0351743  -0.0625891  0.0272269  -0.0875649  0.0388081  -0.00111745
3.41038  -0.0346279  -0.061869  0.0271958  -0.0869244  0.0393277  -0.000469508
3.42269  -0.0340859  -0.0611491  0.0271553  -0.0862764  0.0398255  0.000162555
3.435  -0.0335482  -0.0604297  0.0271058  -0.085621  0.0403016  0.00077879
3.44732  -0.0330149  -0.0597108  0.0270473  -0.0849586  0.0407561  0.00137926
3.45963  -0.0324861  -0.0589928  0.0269803  -0.0842896  0.0411892  0.00196402
3.47194  -0.031962  -0.0582758  0.0269048  -0.083614  0.0416011  0.00253316
3.48425  -0.0314425  -0.05756  0.0268211  -0.0829324  0.0419921  0.00308675
3.49656  -0.0309277  -0.0568457  0.0267296  -0.0822449  0.0423622  0.00362489
3.50888  -0.0304176  -0.056133  0.0266303  -0.0815518  0.0427118  0.00414768
3.52119  -0.0299125  -0.0554221  0.0265236  -0.0808535  0.043041  0.00465521
3.5335  -0.0294122  -0.0547133  0.0264096  -0.0801502  0.0433501  0.00514761
3.54581  -0.0289168  -0.0540067  0.0262886  -0.0794422  0.0436394  0.00562499
3.55812  -0.0284265  -0.0533024  0.0261609  -0.0787299  0.043909  0.00608748
3.57043  -0.0279412  -0.0526008  0.0260266  -0.0780134  0.0441593  0.00653522
3.58275  -0.027461  -0.0519019  0.025886  -0.0772931  0.0443905  0.00696834
3.59506  -0.0269859  -0.0512059  0.0257394  -0.0765692  0.0446028  0.00738699
3.60737  -0.0265159  -0.050513  0.0255868  -0.0758421  0.0447967  0.00779132
3.61968  -0.0260512  -0.0498233  0.0254287  -0.075112  0.0449722  0.0081815
3.63199  -0.0255917  -0.0491371  0.0252651  -0.0743793  0.0451298  0.00855769
3.64431  -0.0251375  -0.0484544  0.0250964  -0.0736441  0.0452698  0.00892006
3.65662  -0.0246885  -0.0477755  0.0249226  -0.0729068  0.0453924  0.00926878
3.66893  -0.0242449  -0.0471004  0.0247442  -0.0721677  0.045498  0.00960404
3.68124  -0.0238066  -0.0464294  0.0245611  -0.0714269  0.0455868  0.00992602
3.69355  -0.0233736  -0.0457625  0.0243738  -0.0706849  0.0456593  0.0102349
3.70586  -0.022946  -0.0450999  0.0241823  -0.0699418  0.0457157  0.0105309
3.71818  -0.0225238  -0.0444417  0.023987  -0.0691979  0.0457563  0.0108142
3.73049  -0.022107  -0.0437881  0.0237879  -0.0684535  0.0457815  0.011085
3.7428  -0.0216955  -0.0431391  0.0235853  -0.0677089  0.0457916  0.0113435
3.75511  -0.0212895  -0.0424949  0.0233794  -0.0669642  0.045787  0.01159
3.76742  -0.0208888  -0.0418556  0.0231704  -0.0662198  0.045768  0.0118246
3.77974  -0.0204936  -0.0412214  0.0229585  -0.0654758  0.0457349  0.0120475
3.79205  -0.0201037  -0.0405922  0.0227438  -0.0647326  0.0456881  0.012259
3.80436  -0.0197192  -0.0399683  0.0225266  -0.0639903  0.045628  0.0124593
3.81667  -0.0193402  -0.0393496  0.022307  -0.0632493  0.0455548  0.0126486
3.82898  -0.0189664  -0.0387364  0.0220853  -0.0625096  0.0454689  0.0128271
3.84129  -0.0185981  -0.0381287  0.0218615  -0.0617716  0.0453707  0.0129951
3.85361  -0.0182351  -0.0375265  0.0216359  -0.0610354  0.0452606  0.0131528
3.86592  -0.0178775  -0.0369299  0.0214086  -0.0603014  0.0451388  0.0133003
3.87823  -0.0175251  -0.0363391  0.0211799  -0.0595696  0.0450057  0.013438
3.89054  -0.0171781  -0.0357541  0.0209498  -0.0588403  0.0448617  0.0135661
3.90285  -0.0168363  -0.0351749  0.0207185  -0.0581136  0.0447071  0.0136848
3.91517  -0.0164998  -0.0346017  0.0204862  -0.0573899  0.0445422  0.0137942
3.92748  -0.0161685  -0.0340344  0.0202529  -0.0566692  0.0443674  0.0138948
3.93979  -0.0158424  -0.0334731  0.020019  -0.0559518  0.044183  0.0139866
3.9521  -0.0155214  -0.0329179  0.0197845  -0.0552378  0.0439894  0.0140698
3.96441  -0.0152056  -0.0323688  0.0195495  -0.0545273  0.0437869  0.0141449
3.97672  -0.0148949  -0.0318259  0.0193141  -0.0538207  0.0435758  0.0142118
3.98904  -0.0145893  -0.0312891  0.0190786  -0.0531179  0.0433564  0.014271
4.00135  -0.0142887  -0.0307586  0.018843  -0.0524193  0.0431291  0.0143225
4.01366  -0.0139931  -0.0302343  0.0186075  -0.0517248  0.0428942  0.0143666
4.02597  -0.0137024  -0.0297163  0.0183722  -0.0510347  0.042652  0.0144036
4.03828  -0.0134167  -0.0292045  0.0181371  -0.0503491  0.0424029  0.0144336
4.0506  -0.0131359  -0.0286991  0.0179024  -0.0496682  0.042147  0.0144569
4.06291  -0.0128599  -0.0281999  0.0176683  -0.048992  0.0418848  0.0144737
4.07522  -0.0125886  -0.0277071  0.0174347  -0.0483207  0.0416165  0.0144841
4.08753  -0.0123222  -0.0272207  0.0172019  -0.0476544  0.0413424  0.0144884
4.09984  -0.0120604  -0.0267405  0.0169698  -0.0469932  0.0410628  0.0144868
4.11215  -0.0118033  -0.0262667  0.0167387  -0.0463372  0.040778  0.0144795
4.12447  -0.0115507  -0.0257992  0.0165085  -0.0456865  0.0404883  0.0144667
4.13678  -0.0113028  -0.025338  0.0162794  -0.0450412  0.0401939  0.0144486
4.14909  -0.0110593  -0.0248831  0.0160515  -0.0444014  0.0398951  0.0144254
4.1614  -0.0108204  -0.0244346  0.0158247  -0.0437672  0.0395922  0.0143972
4.17371  -0.0105858  -0.0239922  0.0155993  -0.0431387  0.0392855  0.0143643
4.18603  -0.0103556  -0.0235562  0.0153752  -0.0425158  0.0389751  0.0143268
4.19834  -0.0101296  -0.0231264  0.0151526  -0.0418988  0.0386613  0.014285
4.21065  -0.00990798  -0.0227028  0.0149315  -0.0412876  0.0383444  0.0142389
4.22296  -0.00969052  -0.0222853  0.0147119  -0.0406823  0.0380247  0.0141888
4.23527  -0.00947721  -0.021874  0.0144939  -0.040083  0.0377022  0.0141348
4.24758  -0.009268  -0.0214689  0.0142777  -0.0394897  0.0373773  0.0140772
4.2599  -0.00906282  -0.0210698  0.0140631  -0.0389025  0.0370502  0.0140159
4.27221  -0.00886163  -0.0206768  0.0138503  -0.0383214  0.036721  0.0139514
4.28452  -0.00866437  -0.0202898  0.0136393  -0.0377464  0.03639  0.0138836
4.29683  -0.00847099  -0.0199088  0.0134302  -0.0371775  0.0360575  0.0138127
4.30914  -0.00828144  -0.0195336  0.0132229  -0.0366149  0.0357235  0.0137389
4.32146  -0.00809565  -0.0191644  0.0130176  -0.0360585  0.0353883  0.0136623
4.33377  -0.00791357  -0.0188011  0.0128143  -0.0355083  0.035052  0.0135831
4.34608  -0.00773516  -0.0184435  0.012613  -0.0349644  0.0347149  0.0135013
4.35839  -0.00756034  -0.0180916  0.0124137  -0.0344268  0.0343771  0.0134172
4.3707  -0.00738908  -0.0177455  0.0122164  -0.0338954  0.0340388  0.0133309
4.38301  -0.0072213  -0.017405  0.0120212  -0.0333703  0.0337001  0.0132424
4.39533  -0.00705697  -0.0170701  0.0118281  -0.0328514  0.0333612  0.013152
4.40764  -0.00689602  -0.0167408  0.0116372  -0.0323389  0.0330223  0.0130597
4.41995  -0.0067384  -0.0164169  0.0114483  -0.0318326  0.0326834  0.0129656
4.43226  -0.00658406  -0.0160985  0.0112616  -0.0313326  0.0323448  0.0128699
4.44457  -0.00643294  -0.0157854  0.0110771  -0.0308389  0.0320066  0.0127727
4.45689  -0.00628499  -0.0154777  0.0108948  -0.0303513  0.0316688  0.012674
4.4692  -0.00614016  -0.0151752  0.0107146  -0.02987  0.0313317  0.012574
4.48151  -0.00599838  -0.0148779  0.0105367  -0.0293949  0.0309953  0.0124728
4.49382  -0.00585962  -0.0145858  0.0103609  -0.028926  0.0306598  0.0123704
4.50613  -0.00572382  -0.0142987  0.0101873  -0.0284633  0.0303252  0.0122671
4.51844  -0.00559092  -0.0140166  0.010016  -0.0280066  0.0299917  0.0121627
4.53076  -0.00546088  -0.0137396  0.00984683  -0.0275561  0.0296594  0.0120576
4.54307  -0.00533364  -0.0134674  0.0096799  -0.0271116  0.0293284  0.0119516
4.55538  -0.00520916  -0.0132  0.00951517  -0.0266732  0.0289988  0.011845
4.56769  -0.00508737  -0.0129375  0.00935264  -0.0262408  0.0286706  0.0117377
4.58  -0.00496825  -0.0126796  0.00919231  -0.0258144  0.028344  0.0116299
4.59232  -0.00485172  -0.0124264  0.00903418  -0.0253938  0.028019  0.0115216
4.60463  -0.00473776  -0.0121778  0.00887823  -0.0249792  0.0276957  0.011413
4.61694  -0.0046263  -0.0119337  0.00872447  -0.0245704  0.0273741  0.011304
4.62925  -0.0045173  -0.011694  0.00857287  -0.0241675  0.0270545  0.0111947
4.64156  -0.00441072  -0.0114588  0.00842344  -0.0237702  0.0267367  0.0110853
4.65387  -0.00430651  -0.0112279  0.00827616  -0.0233787  0.0264209  0.0109757
4.66619  -0.00420461  -0.0110013  0.00813102  -0.0229929  0.0261072  0.010866
4.6785  -0.004105  -0.0107789  0.007988  -0.0226127  0.0257955  0.0107563
4.69081  -0.00400761  -0.0105606  0.0078471  -0.022238  0.025486  0.0106466
4.70312  -0.00391242  -0.0103465  0.0077083  -0.0218689  0.0251787  0.010537
4.71543  -0.00381937  -0.0101363  0.00757158  -0.0215052  0.0248736  0.0104275
4.72775  -0.00372842  -0.00993014  0.00743693  -0.021147  0.0245708  0.0103182
4.74006  -0.00363953  -0.00972787  0.00730434  -0.0207941  0.0242704  0.0102091
4.75237  -0.00355266  -0.00952944  0.00717379  -0.0204465  0.0239723  0.0101003
4.76468  -0.00346776  -0.00933479  0.00704525  -0.0201042  0.0236766  0.0099917
4.77699  -0.0033848  -0.00914387  0.00691872  -0.0197671  0.0233833  0.00988349
4.7893  -0.00330374  -0.00895662  0.00679417  -0.0194352  0.0230924  0.00977564
4.80162  -0.00322454  -0.00877296  0.00667158  -0.0191083  0.0228041  0.0096682
4.81393  -0.00314716  -0.00859285  0.00655095  -0.0187865  0.0225183  0.0095612
4.82624  -0.00307155  -0.00841624  0.00643224  -0.0184696  0.022235  0.00945466
4.83855  -0.0029977  -0.00824305  0.00631544  -0.0181577  0.0219542  0.00934863
4.85086  -0.00292554  -0.00807323  0.00620052  -0.0178507  0.0216761  0.00924313
4.86318  -0.00285506  -0.00790673  0.00608748  -0.0175484  0.0214005  0.00913818
4.87549  -0.00278622  -0.00774349  0.00597628  -0.0172509  0.0211275  0.00903381
4.8878  -0.00271897  -0.00758345  0.0058669  -0.0169581  0.0208571  0.00893004
4.90011  -0.0026533  -0.00742656  0.00575934  -0.01667  0.0205894  0.0088269
4.91242  -0.00258915  -0.00727277  0.00565355  -0.0163864  0.0203243  0.00872441
4.92473  -0.00252651  -0.00712202  0.00554953  -0.0161074  0.0200618  0.00862258
4.93705  -0.00246533  -0.00697425  0.00544725  -0.0158328  0.019802  0.00852144
4.94936  -0.00240558  -0.00682942  0.00534669  -0.0155626  0.0195448  0.008421
4.96167  -0.00234724  -0.00668748  0.00524783  -0.0152968  0.0192903  0.00832128
4.97398  -0.00229028  -0.00654837  0.00515065  -0.0150353  0.0190384  0.0082223
4.98629  -0.00223465  -0.00641203  0.00505512  -0.014778  0.0187892  0.00812406
4.99861  -0.00218034  -0.00627843  0.00496122  -0.0145248  0.0185426  0.00802659
5.01092  -0.00212731  -0.00614751  0.00486894  -0.0142759  0.0182987  0.00792989
5.02323  -0.00207554  -0.00601922  0.00477824  -0.0140309  0.0180574  0.00783397
5.03554  -0.00202499  -0.00589352  0.00468912  -0.01379  0.0178188  0.00773885
5.04785  -0.00197565  -0.00577036  0.00460154  -0.0135531  0.0175828  0.00764453
5.06016  -0.00192748  -0.00564968  0.00451548  -0.01332  0.0173494  0.00755102
5.07248  -0.00188045  -0.00553145  0.00443093  -0.0130908  0.0171187  0.00745833
5.08479  -0.00183455  -0.00541562  0.00434786  -0.0128654  0.0168905  0.00736647
5.0971  -0.00178974  -0.00530214  0.00426625  -0.0126437  0.016665  0.00727545
5.10941  -0.001746  -0.00519097  0.00418608  -0.0124257  0.016442  0.00718526
5.12172  -0.0017033  -0.00508207  0.00410732  -0.0122113  0.0162216  0.00709591
5.13404  -0.00166163  -0.00497539  0.00402997  -0.0120006  0.0160038  0.00700741
5.14635  -0.00162096  -0.00487089  0.00395399  -0.0117933  0.0157885  0.00691976
5.15866  -0.00158127  -0.00476853  0.00387936  -0.0115895  0.0155758  0.00683296
5.17097  -0.00154252  -0.00466827  0.00380607  -0.0113891  0.0153655  0.00674702
5.18328  -0.00150471  -0.00457006  0.0037341  -0.0111921  0.0151578  0.00666194
5.19559  -0.00146781  -0.00447388  0.00366341  -0.0109984  0.0149526  0.00657771
5.20791  -0.0014318  -0.00437967  0.003594  -0.010808  0.0147498  0.00649435
5.22022  -0.00139666  -0.00428741  0.00352585  -0.0106207  0.0145495  0.00641184
5.23253  -0.00136236  -0.00419705  0.00345893  -0.0104367  0.0143516  0.00633019
5.24484  -0.0013289  -0.00410855  0.00339322  -0.0102558  0.0141562  0.0062494
5.25715  -0.00129624  -0.00402189  0.0033287  -0.0100779  0.0139631  0.00616946
5.26947  -0.00126438  -0.00393702  0.00326537  -0.00990306  0.0137725  0.00609038
5.28178  -0.00123328  -0.00385391  0.00320318  -0.00973119  0.0135842  0.00601216
5.29409  -0.00120294  -0.00377252  0.00314214  -0.00956225  0.0133982  0.00593478
5.3064  -0.00117334  -0.00369282  0.00308221  -0.0093962  0.0132146  0.00585825
5.31871  -0.00114445  -0.00361477  0.00302339  -0.00923298  0.0130333  0.00578257
5.33102  -0.00111627  -0.00353836  0.00296565  -0.00907255  0.0128543  0.00570774
5.34334  -0.00108877  -0.00346353  0.00290897  -0.00891487  0.0126775  0.00563374
5.35565  -0.00106194  -0.00339026  0.00285333  -0.00875989  0.012503  0.00556057
5.36796  -0.00103576  -0.00331852  0.00279873  -0.00860757  0.0123307  0.00548824
5.38027  -0.00101022  -0.00324827  0.00274514  -0.00845787  0.0121606  0.00541673
5.39258  -0.000985309  -0.0031795  0.00269254  -0.00831074  0.0119927  0.00534605
5.4049  -0.000961001  -0.00311216  0.00264092  -0.00816614  0.011827  0.00527619
5.41721  -0.000937286  -0.00304623  0.00259025  -0.00802403  0.0116634  0.00520714
5.42952  -0.000914151  -0.00298168  0.00254054  -0.00788437  0.0115019  0.00513889
5.44183  -0.000891581  -0.00291848  0.00249175  -0.00774713  0.0113426  0.00507145
5.45414  -0.000869563  -0.00285661  0.00244387  -0.00761225  0.0111853  0.00500481
5.46645  -0.000848083  -0.00279604  0.00239689  -0.0074797  0.01103  0.00493895
5.47877  -0.000827129  -0.00273673  0.00235078  -0.00734945  0.0108768  0.00487389
5.49108  -0.000806689  -0.00267868  0.00230555  -0.00722145  0.0107256  0.0048096
5.50339  -0.000786749  -0.00262184  0.00226116  -0.00709566  0.0105764  0.00474609
5.5157  -0.000767298  -0.0025662  0.0022176  -0.00697206  0.0104292  0.00468335
5.52801  -0.000748324  -0.00251173  0.00217487  -0.0068506  0.010284  0.00462137
5.54033  -0.000729816  -0.0024584  0.00213294  -0.00673125  0.0101406  0.00456014
5.55264  -0.000711762  -0.0024062  0.0020918  -0.00661397  0.00999917  0.00449967
5.56495  -0.000694151  -0.0023551  0.00205144  -0.00649873  0.00985962  0.00443993
5.57726  -0.000676973  -0.00230508  0.00201185  -0.00638549  0.00972194  0.00438094
5.58957  -0.000660217  -0.00225611  0.001973  -0.00627423  0.00958609  0.00432267
5.60188  -0.000643873  -0.00220818  0.00193488  -0.00616489  0.00945207  0.00426513
5.6142  -0.000627932  -0.00216126  0.00189749  -0.00605747  0.00931985  0.0042083
5.62651  -0.000612382  -0.00211533  0.00186081  -0.00595191  0.00918941  0.00415219
5.63882  -0.000597215  -0.00207037  0.00182483  -0.00584819  0.00906074  0.00409678
5.65113  -0.000582422  -0.00202636  0.00178953  -0.00574628  0.0089338  0.00404206
5.66344  -0.000567993  -0.00198328  0.0017549  -0.00564615  0.00880857  0.00398804
5.67576  -0.00055392  -0.00194111  0.00172093  -0.00554777  0.00868505  0.00393469
5.68807  -0.000540193  -0.00189983  0.00168761  -0.0054511  0.00856321  0.00388203
5.70038  -0.000526805  -0.00185943  0.00165492  -0.00535612  0.00844302  0.00383003
5.71269  -0.000513747  -0.00181989  0.00162286  -0.0052628  0.00832447  0.0037787
5.725  -0.000501011  -0.00178118  0.00159141  -0.00517111  0.00820753  0.00372802
5.73731  -0.00048859  -0.00174329  0.00156056  -0.00508102  0.00809219  0.00367799
5.74963  -0.000476475  -0.00170621  0.0015303  -0.00499251  0.00797844  0.0036286
5.76194  -0.000464659  -0.00166991  0.00150062  -0.00490554  0.00786623  0.00357984
5.77425  -0.000453135  -0.00163438  0.00147151  -0.00482009  0.00775557  0.00353172
5.78656  -0.000441896  -0.00159961  0.00144296  -0.00473614  0.00764643  0.00348422
5.79887  -0.000430934  -0.00156557  0.00141495  -0.00465366  0.00753879  0.00343733
5.81119  -0.000420243  -0.00153226  0.00138748  -0.00457262  0.00743263  0.00339104
5.8235  -0.000409817  -0.00149965  0.00136054  -0.004493  0.00732793  0.00334536
5.83581  -0.000399648  -0.00146773  0.00133411  -0.00441478  0.00722468  0.00330028
5.84812  -0.000389731  -0.0014365  0.0013082  -0.00433792  0.00712285  0.00325578
5.86043  -0.000380059  -0.00140592  0.00128278  -0.00426241  0.00702243  0.00321186
5.87274  -0.000370626  -0.001376  0.00125785  -0.00418822  0.0069234  0.00316852
5.88506  -0.000361427  -0.00134671  0.0012334  -0.00411533  0.00682574  0.00312574
5.89737  -0.000352455  -0.00131805  0.00120942  -0.00404371  0.00672944  0.00308352
5.90968  -0.000343706  -0.00128999  0.0011859  -0.00397336  0.00663447  0.00304186
5.92199  -0.000335173  -0.00126254  0.00116284  -0.00390423  0.00654082  0.00300075
5.9343  -0.000326852  -0.00123566  0.00114022  -0.00383631  0.00644847  0.00296018
5.94662  -0.000318736  -0.00120936  0.00111804  -0.00376959  0.00635741  0.00292014
5.95893  -0.000310822  -0.00118361  0.00109628  -0.00370403  0.00626761  0.00288064
5.97124  -0.000303103  -0.00115842  0.00107495  -0.00363963  0.00617907  0.00284165
5.98355  -0.000295576  -0.00113376  0.00105402  -0.00357635  0.00609176  0.00280318
5.99586  -0.000288235  -0.00110962  0.00103351  -0.00351418  0.00600567  0.00276522
6.00817  -0.000281077  -0.001086  0.00101338  -0.0034531  0.00592078  0.00272777
6.02049  -0.000274096  -0.00106288  0.000993651  -0.00339309  0.00583707  0.00269081
6.0328  -0.000267287  -0.00104026  0.0009743  -0.00333413  0.00575454  0.00265434
6.04511  -0.000260648  -0.00101811  0.000955323  -0.0032762  0.00567316  0.00261836
6.05742  -0.000254173  -0.00099644  0.000936713  -0.00321929  0.00559292  0.00258286
6.06973  -0.000247859  -0.000975228  0.000918464  -0.00316338  0.00551381  0.00254783
6.08205  -0.000241702  -0.000954468  0.000900568  -0.00310845  0.0054358  0.00251327
6.09436  -0.000235697  -0.000934151  0.000883019  -0.00305448  0.00535889  0.00247917
6.10667  -0.000229841  -0.000914266  0.000865809  -0.00300145  0.00528305  0.00244553
6.11898  -0.00022413  -0.000894805  0.000848934  -0.00294936  0.00520828  0.00241234
6.13129  -0.000218562  -0.000875758  0.000832385  -0.00289817  0.00513456  0.00237959
6.1436  -0.000213131  -0.000857117  0.000816157  -0.00284789  0.00506188  0.00234728
6.15592  -0.000207835  -0.000838873  0.000800245  -0.00279848  0.00499022  0.00231541
6.16823  -0.000202671  -0.000821018  0.000784641  -0.00274994  0.00491956  0.00228396
6.18054  -0.000197634  -0.000803544  0.000769339  -0.00270225  0.0048499  0.00225294
6.19285  -0.000192723  -0.000786441  0.000754335  -0.00265539  0.00478123  0.00222233
6.20516  -0.000187934  -0.000769703  0.000739622  -0.00260936  0.00471351  0.00219214
6.21748  -0.000183263  -0.000753322  0.000725195  -0.00256413  0.00464676  0.00216235
6.22979  -0.000178709  -0.00073729  0.000711048  -0.00251969  0.00458094  0.00213296
6.2421  -0.000174267  -0.0007216  0.000697176  -0.00247603  0.00451605  0.00210397
6.25441  -0.000169936  -0.000706244  0.000683574  -0.00243314  0.00445207  0.00207537
6.26672  -0.000165713  -0.000691215  0.000670236  -0.00239099  0.004389  0.00204715
6.27903  -0.000161594  -0.000676507  0.000657157  -0.00234959  0.00432682  0.00201932
6.29135  -0.000157578  -0.000662112  0.000644332  -0.0023089  0.00426552  0.00199186
6.30366  -0.000153661  -0.000648023  0.000631757  -0.00226893  0.00420508  0.00196478
6.31597  -0.000149842  -0.000634236  0.000619427  -0.00222966  0.0041455  0.00193806
6.32828  -0.000146118  -0.000620742  0.000607336  -0.00219108  0.00408675  0.0019117
6.34059  -0.000142486  -0.000607535  0.000595481  -0.00215317  0.00402884  0.0018857
6.35291  -0.000138944  -0.00059461  0.000583857  -0.00211592  0.00397175  0.00186005
6.36522  -0.000135491  -0.000581961  0.000572458  -0.00207932  0.00391546  0.00183475
6.37753  -0.000132123  -0.000569581  0.000561282  -0.00204337  0.00385998  0.00180979
6.38984  -0.000128838  -0.000557465  0.000550323  -0.00200804  0.00380527  0.00178518
6.40215  -0.000125636  -0.000545607  0.000539578  -0.00197333  0.00375134  0.00176089
6.41446  -0.000122513  -0.000534002  0.000529041  -0.00193922  0.00369818  0.00173694
6.42678  -0.000119468  -0.000522644  0.00051871  -0.00190571  0.00364576  0.0017133
6.43909  -0.000116498  -0.000511529  0.000508581  -0.00187279  0.00359409  0.00169
6.4514  -0.000113602  -0.00050065  0.000498648  -0.00184044  0.00354315  0.001667
6.46371  -0.000110778  -0.000490003  0.00048891  -0.00180866  0.00349293  0.00164432
6.47602  -0.000108024  -0.000479583  0.000479361  -0.00177743  0.00344343  0.00162195
6.48834  -0.000105339  -0.000469385  0.000469998  -0.00174675  0.00339462  0.00159989
6.50065  -0.00010272  -0.000459405  0.000460817  -0.0017166  0.00334651  0.00157812
6.51296  -0.000100167  -0.000449637  0.000451816  -0.00168698  0.00329908  0.00155665
6.52527  -9.7677e-05  -0.000440077  0.00044299  -0.00165787  0.00325232  0.00153547
6.53758  -9.52489e-05  -0.000430721  0.000434336  -0.00162927  0.00320623  0.00151458
6.54989  -9.28811e-05  -0.000421564  0.000425851  -0.00160118  0.00316079  0.00149398
6.56221  -9.05722e-05  -0.000412603  0.000417531  -0.00157357  0.003116  0.00147365
6.57452  -8.83207e-05  -0.000403832  0.000409374  -0.00154644  0.00307184  0.00145361
6.58683  -8.61252e-05  -0.000395248  0.000401376  -0.00151978  0.0030283  0.00143383
6.59914  -8.39842e-05  -0.000386848  0.000393534  -0.00149359  0.00298539  0.00141433
6.61145  -8.18965e-05  -0.000378626  0.000385845  -0.00146786  0.00294308  0.00139509
6.62377  -7.98607e-05  -0.000370579  0.000378305  -0.00144257  0.00290138  0.00137612
6.63608  -7.78754e-05  -0.000362704  0.000370913  -0.00141773  0.00286026  0.0013574
6.64839  -7.59396e-05  -0.000354996  0.000363666  -0.00139332  0.00281974  0.00133894
6.6607  -7.40518e-05  -0.000347453  0.000356559  -0.00136933  0.00277978  0.00132073
6.67301  -7.2211e-05  -0.00034007  0.000349592  -0.00134576  0.0027404  0.00130277
6.68532  -7.0416e-05  -0.000332845  0.00034276  -0.0013226  0.00270157  0.00128506
6.69764  -6.86656e-05  -0.000325773  0.000336062  -0.00129984  0.0026633  0.00126759
6.70995  -6.69587e-05  -0.000318853  0.000329494  -0.00127748  0.00262557  0.00125036
6.72226  -6.52942e-05  -0.000312079  0.000323055  -0.00125551  0.00258837  0.00123336
6.73457  -6.36712e-05  -0.00030545  0.000316741  -0.00123392  0.00255171  0.00121659
6.74688  -6.20884e-05  -0.000298962  0.000310551  -0.00121271  0.00251556  0.00120006
6.7592  -6.05451e-05  -0.000292612  0.000304481  -0.00119186  0.00247993  0.00118375
6.77151  -5.90401e-05  -0.000286397  0.00029853  -0.00117138  0.00244481  0.00116766
6.78382  -5.75725e-05  -0.000280315  0.000292696  -0.00115125  0.00241018  0.0011518
6.79613  -5.61414e-05  -0.000274362  0.000286975  -0.00113147  0.00237605  0.00113615
6.80844  -5.47459e-05  -0.000268536  0.000281366  -0.00111204  0.00234241  0.00112071
6.82075  -5.33851e-05  -0.000262834  0.000275867  -0.00109294  0.00230924  0.00110549
6.83307  -5.20581e-05  -0.000257253  0.000270475  -0.00107418  0.00227654  0.00109048
6.84538  -5.07641e-05  -0.000251791  0.000265188  -0.00105574  0.00224431  0.00107567
6.85769  -4.95023e-05  -0.000246446  0.000260004  -0.00103762  0.00221254  0.00106106
6.87  -4.82719e-05  -0.000241214  0.000254922  -0.00101981  0.00218122  0.00104666
6.88231  -4.7072e-05  -0.000236093  0.000249939  -0.00100232  0.00215035  0.00103245
6.89463  -4.5902e-05  -0.000231082  0.000245054  -0.000985125  0.00211991  0.00101844
6.90694  -4.47611e-05  -0.000226177  0.000240264  -0.000968231  0.00208991  0.00100461
6.91925  -4.36486e-05  -0.000221377  0.000235568  -0.00095163  0.00206033  0.000990983
6.93156  -4.25637e-05  -0.000216678  0.000230963  -0.000935317  0.00203118  0.000977539
6.94387  -4.15058e-05  -0.00021208  0.000226448  -0.000919287  0.00200244  0.000964279
6.95618  -4.04742e-05  -0.00020758  0.000222022  -0.000903534  0.00197411  0.000951201
6.9685  -3.94682e-05  -0.000203175  0.000217682  -0.000888054  0.00194619  0.000938303
6.98081  -3.84872e-05  -0.000198864  0.000213427  -0.000872843  0.00191866  0.000925582
6.99312  -3.75307e-05  -0.000194645  0.000209255  -0.000857895  0.00189152  0.000913035
7.00543  -3.65979e-05  -0.000190515  0.000205165  -0.000843206  0.00186477  0.000900661
7.01774  -3.56883e-05  -0.000186474  0.000201154  -0.000828771  0.0018384  0.000888457
7.03006  -3.48014e-05  -0.000182518  0.000197222  -0.000814587  0.00181241  0.00087642
7.04237  -3.39364e-05  -0.000178646  0.000193367  -0.000800647  0.00178679  0.00086455
7.05468  -3.3093e-05  -0.000174857  0.000189587  -0.000786949  0.00176153  0.000852842
7.06699  -3.22706e-05  -0.000171149  0.000185881  -0.000773488  0.00173663  0.000841295
7.0793  -3.14686e-05  -0.000167519  0.000182248  -0.00076026  0.00171209  0.000829907
7.09161  -3.06865e-05  -0.000163966  0.000178686  -0.000747261  0.00168789  0.000818676
7.10393  -2.99239e-05  -0.000160489  0.000175193  -0.000734486  0.00166405  0.000807599
7.11624  -2.91803e-05  -0.000157086  0.000171769  -0.000721933  0.00164054  0.000796675
7.12855  -2.84551e-05  -0.000153755  0.000168411  -0.000709596  0.00161736  0.000785901
7.14086  -2.7748e-05  -0.000150496  0.000165119  -0.000697473  0.00159452  0.000775275
7.15317  -2.70585e-05  -0.000147305  0.000161892  -0.000685559  0.001572  0.000764796
7.16549  -2.6386e-05  -0.000144182  0.000158728  -0.000673851  0.00154981  0.000754461
7.1778  -2.57304e-05  -0.000141126  0.000155625  -0.000662345  0.00152793  0.000744269
7.19011  -2.5091e-05  -0.000138135  0.000152583  -0.000651038  0.00150636  0.000734217
7.20242  -2.44675e-05  -0.000135207  0.000149601  -0.000639926  0.0014851  0.000724304
7.21473  -2.38595e-05  -0.000132341  0.000146677  -0.000629006  0.00146414  0.000714527
7.22704  -2.32666e-05  -0.000129537  0.000143811  -0.000618275  0.00144348  0.000704885
7.23936  -2.26885e-05  -0.000126791  0.000141  -0.000607729  0.00142312  0.000695376
7.25167  -2.21247e-05  -0.000124105  0.000138244  -0.000597365  0.00140305  0.000685999
7.26398  -2.1575e-05  -0.000121475  0.000135543  -0.00058718  0.00138326  0.000676751
7.27629  -2.10389e-05  -0.000118901  0.000132894  -0.00057717  0.00136376  0.00066763
7.2886  -2.05162e-05  -0.000116382  0.000130297  -0.000567334  0.00134453  0.000658636
7.30092  -2.00064e-05  -0.000113917  0.000127751  -0.000557666  0.00132558  0.000649766
7.31323  -1.95093e-05  -0.000111504  0.000125254  -0.000548166  0.0013069  0.000641019
7.32554  -1.90246e-05  -0.000109142  0.000122807  -0.000538829  0.00128849  0.000632392
7.33785  -1.85519e-05  -0.00010683  0.000120407  -0.000529654  0.00127034  0.000623885
7.35016  -1.8091e-05  -0.000104568  0.000118055  -0.000520636  0.00125245  0.000615495
7.36247  -1.76415e-05  -0.000102353  0.000115748  -0.000511774  0.00123481  0.000607222
7.37479  -1.72032e-05  -0.000100186  0.000113486  -0.000503065  0.00121743  0.000599063
7.3871  -1.67758e-05  -9.80643e-05  0.000111269  -0.000494506  0.0012003  0.000591017
7.39941  -1.63591e-05  -9.59879e-05  0.000109095  -0.000486094  0.00118341  0.000583083
7.41172  -1.59527e-05  -9.39556e-05  0.000106964  -0.000477827  0.00116676  0.000575258
7.42403  -1.55564e-05  -9.19666e-05  0.000104875  -0.000469703  0.00115035  0.000567543
7.43635  -1.51699e-05  -9.00197e-05  0.000102826  -0.000461718  0.00113417  0.000559934
7.44866  -1.47931e-05  -8.81142e-05  0.000100818  -0.000453871  0.00111823  0.000552431
7.46097  -1.44256e-05  -8.62492e-05  9.88484e-05  -0.000446159  0.00110251  0.000545031
7.47328  -1.40672e-05  -8.44238e-05  9.69178e-05  -0.00043858  0.00108702  0.000537735
7.48559  -1.37178e-05  -8.26371e-05  9.5025e-05  -0.000431132  0.00107175  0.00053054
7.4979  -1.3377e-05  -8.08884e-05  9.31693e-05  -0.000423811  0.0010567  0.000523446
7.51022  -1.30448e-05  -7.91768e-05  9.13499e-05  -0.000416617  0.00104187  0.000516449
7.52253  -1.27207e-05  -7.75016e-05  8.95661e-05  -0.000409546  0.00102724  0.000509551
7.53484  -1.24048e-05  -7.58619e-05  8.78173e-05  -0.000402597  0.00101283  0.000502748
7.54715  -1.20967e-05  -7.42571e-05  8.61028e-05  -0.000395768  0.000998624  0.00049604
7.55946  -1.17962e-05  -7.26863e-05  8.44218e-05  -0.000389056  0.00098462  0.000489425
7.57178  -1.15032e-05  -7.11489e-05  8.27738e-05  -0.000382459  0.000970818  0.000482903
7.58409  -1.12175e-05  -6.96441e-05  8.11581e-05  -0.000375976  0.000957214  0.000476472
7.5964  -1.09389e-05  -6.81713e-05  7.9574e-05  -0.000369605  0.000943805  0.000470131
7.60871  -1.06673e-05  -6.67297e-05  7.8021e-05  -0.000363343  0.000930588  0.000463878
7.62102  -1.04024e-05  -6.53187e-05  7.64985e-05  -0.000357188  0.000917561  0.000457713
7.63333  -1.0144e-05  -6.39377e-05  7.50057e-05  -0.00035114  0.00090472  0.000451633
7.64565  -9.89212e-06  -6.2586e-05  7.35423e-05  -0.000345196  0.000892065  0.000445639
7.65796  -9.64647e-06  -6.1263e-05  7.21075e-05  -0.000339353  0.000879591  0.000439729
7.67027  -9.40693e-06  -5.99681e-05  7.07009e-05  -0.000333612  0.000867296  0.000433902
7.68258  -9.17334e-06  -5.87007e-05  6.93218e-05  -0.000327969  0.000855178  0.000428157
7.69489  -8.94556e-06  -5.74602e-05  6.79698e-05  -0.000322423  0.000843235  0.000422492
7.70721  -8.72344e-06  -5.6246e-05  6.66443e-05  -0.000316972  0.000831463  0.000416907
7.71952  -8.50685e-06  -5.50576e-05  6.53449e-05  -0.000311615  0.000819861  0.0004114
7.73183  -8.29564e-06  -5.38944e-05  6.40709e-05  -0.00030635  0.000808425  0.000405971
7.74414  -8.08968e-06  -5.27559e-05  6.28219e-05  -0.000301176  0.000797154  0.000400618
7.75645  -7.88884e-06  -5.16416e-05  6.15974e-05  -0.00029609  0.000786046  0.000395341
7.76876  -7.69299e-06  -5.0551e-05  6.0397e-05  -0.000291092  0.000775098  0.000390138
7.78108  -7.50202e-06  -4.94835e-05  5.92201e-05  -0.00028618  0.000764308  0.000385008
7.79339  -7.31579e-06  -4.84386e-05  5.80664e-05  -0.000281352  0.000753673  0.000379951
7.8057  -7.13419e-06  -4.7416e-05  5.69353e-05  -0.000276608  0.000743192  0.000374966
7.81801  -6.9571e-06  -4.6415e-05  5.58264e-05  -0.000271944  0.000732862  0.000370051
7.83032  -6.78442e-06  -4.54353e-05  5.47393e-05  -0.000267361  0.000722681  0.000365206
7.84264  -6.61603e-06  -4.44764e-05  5.36735e-05  -0.000262857  0.000712648  0.000360429
7.85495  -6.45183e-06  -4.35379e-05  5.26287e-05  -0.00025843  0.00070276  0.000355721
7.86726  -6.29171e-06  -4.26192e-05  5.16045e-05  -0.00025408  0.000693014  0.000351079
7.87957  -6.13558e-06  -4.17201e-05  5.06003e-05  -0.000249804  0.00068341  0.000346503
7.89188  -5.98332e-06  -4.08401e-05  4.9616e-05  -0.000245602  0.000673945  0.000341993
7.90419  -5.83485e-06  -3.99788e-05  4.86509e-05  -0.000241472  0.000664617  0.000337547
7.91651  -5.69008e-06  -3.91358e-05  4.77049e-05  -0.000237412  0.000655425  0.000333165
7.92882  -5.5489e-06  -3.83106e-05  4.67775e-05  -0.000233423  0.000646365  0.000328845
7.94113  -5.41124e-06  -3.7503e-05  4.58683e-05  -0.000229503  0.000637438  0.000324587
7.95344  -5.277e-06  -3.67126e-05  4.4977e-05  -0.000225649  0.00062864  0.00032039
7.96575  -5.14609e-06  -3.59389e-05  4.41033e-05  -0.000221862  0.00061997  0.000316253
7.97807  -5.01845e-06  -3.51817e-05  4.32468e-05  -0.000218141  0.000611426  0.000312176
7.99038  -4.89398e-06  -3.44405e-05  4.24072e-05  -0.000214483  0.000603006  0.000308157
8.00269  -4.7726e-06  -3.37151e-05  4.15841e-05  -0.000210888  0.000594709  0.000304197
8.015  -4.65425e-06  -3.30052e-05  4.07773e-05  -0.000207355  0.000586534  0.000300294
8.02731  -4.53884e-06  -3.23103e-05  3.99863e-05  -0.000203883  0.000578477  0.000296447
8.03962  -4.4263e-06  -3.16301e-05  3.9211e-05  -0.000200471  0.000570538  0.000292656
8.05194  -4.31656e-06  -3.09645e-05  3.84509e-05  -0.000197118  0.000562715  0.00028892
8.06425  -4.20955e-06  -3.0313e-05  3.77059e-05  -0.000193822  0.000555007  0.000285238
8.07656  -4.1052e-06  -2.96753e-05  3.69756e-05  -0.000190583  0.000547411  0.00028161
8.08887  -4.00345e-06  -2.90512e-05  3.62597e-05  -0.0001874  0.000539927  0.000278035
8.10118  -3.90424e-06  -2.84404e-05  3.5558e-05  -0.000184272  0.000532553  0.000274512
8.1135  -3.80749e-06  -2.78425e-05  3.48701e-05  -0.000181198  0.000525287  0.00027104
8.12581  -3.71315e-06  -2.72574e-05  3.41959e-05  -0.000178176  0.000518127  0.00026762
8.13812  -3.62116e-06  -2.66848e-05  3.3535e-05  -0.000175207  0.000511073  0.00026425
8.15043  -3.53146e-06  -2.61243e-05  3.28871e-05  -0.000172289  0.000504123  0.000260929
8.16274  -3.444e-06  -2.55757e-05  3.22521e-05  -0.000169422  0.000497275  0.000257658
8.17505  -3.35871e-06  -2.50389e-05  3.16297e-05  -0.000166604  0.000490529  0.000254435
8.18737  -3.27555e-06  -2.45134e-05  3.10197e-05  -0.000163835  0.000483882  0.00025126
8.19968  -3.19446e-06  -2.39992e-05  3.04217e-05  -0.000161113  0.000477334  0.000248131
8.21199  -3.11538e-06  -2.34959e-05  2.98357e-05  -0.000158439  0.000470882  0.00024505
8.2243  -3.03828e-06  -2.30033e-05  2.92612e-05  -0.000155811  0.000464526  0.000242015
8.23661  -2.9631e-06  -2.25213e-05  2.86982e-05  -0.000153228  0.000458265  0.000239025
8.24893  -2.8898e-06  -2.20495e-05  2.81464e-05  -0.000150691  0.000452097  0.00023608
8.26124  -2.81832e-06  -2.15878e-05  2.76055e-05  -0.000148197  0.00044602  0.000233179
8.27355  -2.74862e-06  -2.11359e-05  2.70755e-05  -0.000145746  0.000440034  0.000230322
8.28586  -2.68067e-06  -2.06937e-05  2.6556e-05  -0.000143338  0.000434138  0.000227508
8.29817  -2.6144e-06  -2.02609e-05  2.60469e-05  -0.000140972  0.00042833  0.000224738
8.31048  -2.5498e-06  -1.98374e-05  2.55479e-05  -0.000138646  0.000422608  0.000222009
8.3228  -2.4868e-06  -1.94229e-05  2.50589e-05  -0.000136362  0.000416973  0.000219322
8.33511  -2.42537e-06  -1.90173e-05  2.45797e-05  -0.000134116  0.000411422  0.000216676
8.34742  -2.36548e-06  -1.86203e-05  2.41101e-05  -0.00013191  0.000405955  0.000214071
8.35973  -2.30709e-06  -1.82318e-05  2.36498e-05  -0.000129743  0.00040057  0.000211506
8.37204  -2.25015e-06  -1.78517e-05  2.31989e-05  -0.000127613  0.000395267  0.00020898
8.38436  -2.19464e-06  -1.74797e-05  2.27569e-05  -0.00012552  0.000390044  0.000206494
8.39667  -2.14051e-06  -1.71156e-05  2.23239e-05  -0.000123464  0.0003849  0.000204047
8.40898  -2.08774e-06  -1.67594e-05  2.18995e-05  -0.000121443  0.000379834  0.000201638
8.42129  -2.03628e-06  -1.64108e-05  2.14838e-05  -0.000119458  0.000374845  0.000199266
8.4336  -1.98612e-06  -1.60697e-05  2.10763e-05  -0.000117508  0.000369933  0.000196933
8.44591  -1.93721e-06  -1.57359e-05  2.06772e-05  -0.000115592  0.000365095  0.000194636
8.45823  -1.88952e-06  -1.54093e-05  2.0286e-05  -0.000113709  0.000360332  0.000192375
8.47054  -1.84303e-06  -1.50897e-05  1.99029e-05  -0.00011186  0.000355642  0.000190151
8.48285  -1.79771e-06  -1.4777e-05  1.95274e-05  -0.000110043  0.000351024  0.000187962
8.49516  -1.75352e-06  -1.4471e-05  1.91596e-05  -0.000108258  0.000346477  0.000185809
8.50747  -1.71044e-06  -1.41716e-05  1.87993e-05  -0.000106504  0.000342  0.00018369
8.51979  -1.66844e-06  -1.38786e-05  1.84463e-05  -0.000104781  0.000337593  0.000181606
8.5321  -1.62749e-06  -1.3592e-05  1.81005e-05  -0.000103089  0.000333254  0.000179556
8.54441  -1.58758e-06  -1.33116e-05  1.77618e-05  -0.000101426  0.000328983  0.00017754
8.55672  -1.54866e-06  -1.30372e-05  1.743e-05  -9.97934e-05  0.000324779  0.000175557
8.56903  -1.51073e-06  -1.27688e-05  1.7105e-05  -9.81893e-05  0.000320641  0.000173607
8.58134  -1.47375e-06  -1.25062e-05  1.67867e-05  -9.66136e-05  0.000316568  0.000171689
8.59366  -1.43771e-06  -1.22493e-05  1.64749e-05  -9.50659e-05  0.000312558  0.000169804
8.60597  -1.40257e-06  -1.1998e-05  1.61695e-05  -9.35458e-05  0.000308613  0.00016795
8.61828  -1.36831e-06  -1.17521e-05  1.58705e-05  -9.20528e-05  0.00030473  0.000166128
8.63059  -1.33493e-06  -1.15116e-05  1.55777e-05  -9.05864e-05  0.000300908  0.000164337
8.6429  -1.30238e-06  -1.12763e-05  1.52909e-05  -8.91462e-05  0.000297148  0.000162577
8.65522  -1.27066e-06  -1.10461e-05  1.50101e-05  -8.77319e-05  0.000293448  0.000160848
8.66753  -1.23975e-06  -1.0821e-05  1.47352e-05  -8.63429e-05  0.000289808  0.000159148
8.67984  -1.20961e-06  -1.06008e-05  1.4466e-05  -8.49789e-05  0.000286226  0.000157478
8.69215  -1.18024e-06  -1.03855e-05  1.42025e-05  -8.36395e-05  0.000282702  0.000155838
8.70446  -1.15162e-06  -1.01748e-05  1.39445e-05  -8.23242e-05  0.000279236  0.000154227
8.71677  -1.12372e-06  -9.96879e-06  1.3692e-05  -8.10328e-05  0.000275826  0.000152645
8.72909  -1.09654e-06  -9.76731e-06  1.34448e-05  -7.97648e-05  0.000272472  0.000151092
8.7414  -1.07005e-06  -9.57027e-06  1.32028e-05  -7.85198e-05  0.000269174  0.000149567
8.75371  -1.04423e-06  -9.37759e-06  1.2966e-05  -7.72975e-05  0.00026593  0.000148069
8.76602  -1.01907e-06  -9.18917e-06  1.27342e-05  -7.60976e-05  0.000262739  0.0001466
8.77833  -9.9456e-07  -9.00494e-06  1.25075e-05  -7.49196e-05  0.000259602  0.000145158
8.79065  -9.70676e-07  -8.82479e-06  1.22856e-05  -7.37632e-05  0.000256518  0.000143743
8.80296  -9.47405e-07  -8.64867e-06  1.20685e-05  -7.26281e-05  0.000253486  0.000142355
8.81527  -9.24733e-07  -8.47647e-06  1.18561e-05  -7.1514e-05  0.000250505  0.000140994
8.82758  -9.02645e-07  -8.30813e-06  1.16483e-05  -7.04205e-05  0.000247575  0.000139659
8.83989  -8.81127e-07  -8.14357e-06  1.14451e-05  -6.93473e-05  0.000244695  0.000138351
8.8522  -8.60166e-07  -7.98271e-06  1.12464e-05  -6.82941e-05  0.000241864  0.000137068
8.86452  -8.39749e-07  -7.82547e-06  1.1052e-05  -6.72606e-05  0.000239083  0.000135811
8.87683  -8.19862e-07  -7.6718e-06  1.08619e-05  -6.62465e-05  0.00023635  0.000134579
8.88914  -8.00493e-07  -7.52161e-06  1.06761e-05  -6.52515e-05  0.000233665  0.000133373
8.90145  -7.8163e-07  -7.37485e-06  1.04945e-05  -6.42753e-05  0.000231027  0.000132192
8.91376  -7.63261e-07  -7.23143e-06  1.0317e-05  -6.33175e-05  0.000228436  0.000131035
8.92608  -7.45374e-07  -7.0913e-06  1.01434e-05  -6.23781e-05  0.000225892  0.000129903
8.93839  -7.27958e-07  -6.95439e-06  9.97387e-06  -6.14565e-05  0.000223393  0.000128795
8.9507  -7.11002e-07  -6.82065e-06  9.8082e-06  -6.05527e-05  0.000220939  0.000127711
8.96301  -6.94495e-07  -6.69e-06  9.64636e-06  -5.96663e-05  0.00021853  0.000126651
8.97532  -6.78426e-07  -6.56239e-06  9.48829e-06  -5.8797e-05  0.000216165  0.000125615
8.98763  -6.62786e-07  -6.43776e-06  9.33392e-06  -5.79447e-05  0.000213844  0.000124602
8.99995  -6.47565e-07  -6.31606e-06  9.18319e-06  -5.71091e-05  0.000211567  0.000123613
9.01226  -6.32753e-07  -6.19723e-06  9.03604e-06  -5.62898e-05  0.000209332  0.000122647
9.02457  -6.18341e-07  -6.08121e-06  8.89242e-06  -5.54867e-05  0.00020714  0.000121704
9.03688  -6.04319e-07  -5.96795e-06  8.75227e-06  -5.46996e-05  0.000204989  0.000120783
9.04919  -5.90679e-07  -5.85741e-06  8.61554e-06  -5.39282e-05  0.00020288  0.000119885
9.06151  -5.77412e-07  -5.74952e-06  8.48217e-06  -5.31723e-05  0.000200812  0.00011901
9.07382  -5.6451e-07  -5.64425e-06  8.35211e-06  -5.24317e-05  0.000198785  0.000118157
9.08613  -5.51965e-07  -5.54154e-06  8.22531e-06  -5.17061e-05  0.000196798  0.000117326
9.09844  -5.39768e-07  -5.44134e-06  8.10172e-06  -5.09954e-05  0.000194851  0.000116516
9.11075  -5.27912e-07  -5.34361e-06  7.98129e-06  -5.02993e-05  0.000192943  0.000115729
9.12306  -5.16389e-07  -5.24831e-06  7.86398e-06  -4.96176e-05  0.000191075  0.000114963
9.13538  -5.05193e-07  -5.1554e-06  7.74974e-06  -4.89502e-05  0.000189245  0.000114219
9.14769  -4.94315e-07  -5.06482e-06  7.63852e-06  -4.82968e-05  0.000187453  0.000113496
9.16  -4.8375e-07  -4.97654e-06  7.53028e-06  -4.76573e-05  0.000185699  0.000112795
9.17231  -4.7349e-07  -4.89052e-06  7.42498e-06  -4.70314e-05  0.000183983  0.000112114
9.18462  -4.6353e-07  -4.80672e-06  7.32258e-06  -4.6419e-05  0.000182304  0.000111455
9.19694  -4.53862e-07  -4.72511e-06  7.22303e-06  -4.582e-05  0.000180662  0.000110816
9.20925  -4.44481e-07  -4.64563e-06  7.12631e-06  -4.5234e-05  0.000179057  0.000110198
9.22156  -4.3538e-07  -4.56826e-06  7.03236e-06  -4.4661e-05  0.000177487  0.0001096
9.23387  -4.26555e-07  -4.49297e-06  6.94117e-06  -4.41008e-05  0.000175954  0.000109024
9.24618  -4.17998e-07  -4.41972e-06  6.85268e-06  -4.35533e-05  0.000174456  0.000108467
9.25849  -4.09706e-07  -4.34847e-06  6.76686e-06  -4.30182e-05  0.000172994  0.000107931
9.27081  -4.01673e-07  -4.27919e-06  6.68369e-06  -4.24954e-05  0.000171566  0.000107415
9.28312  -3.93893e-07  -4.21185e-06  6.60312e-06  -4.19848e-05  0.000170174  0.000106919
9.29543  -3.86362e-07  -4.14643e-06  6.52513e-06  -4.14862e-05  0.000168815  0.000106443
9.30774  -3.79074e-07  -4.08288e-06  6.44969e-06  -4.09995e-05  0.000167491  0.000105986
9.32005  -3.72027e-07  -4.02119e-06  6.37676e-06  -4.05245e-05  0.000166201  0.00010555
9.33237  -3.65214e-07  -3.96132e-06  6.30633e-06  -4.00611e-05  0.000164944  0.000105134
9.34468  -3.58632e-07  -3.90324e-06  6.23835e-06  -3.96091e-05  0.000163721  0.000104737
9.35699  -3.52276e-07  -3.84694e-06  6.17281e-06  -3.91685e-05  0.00016253  0.000104359
9.3693  -3.46142e-07  -3.79238e-06  6.10968e-06  -3.87391e-05  0.000161373  0.000104001
9.38161  -3.40228e-07  -3.73954e-06  6.04893e-06  -3.83207e-05  0.000160248  0.000103663
9.39392  -3.34528e-07  -3.68839e-06  5.99054e-06  -3.79133e-05  0.000159156  0.000103344
9.40624  -3.29039e-07  -3.63892e-06  5.9345e-06  -3.75168e-05  0.000158096  0.000103044
9.41855  -3.23758e-07  -3.5911e-06  5.88076e-06  -3.71309e-05  0.000157067  0.000102763
9.43086  -3.18681e-07  -3.5449e-06  5.82933e-06  -3.67556e-05  0.000156071  0.000102502
9.44317  -3.13806e-07  -3.50031e-06  5.78016e-06  -3.63909e-05  0.000155106  0.00010226
9.45548  -3.09129e-07  -3.45731e-06  5.73326e-06  -3.60365e-05  0.000154172  0.000102037
9.4678  -3.04647e-07  -3.41588e-06  5.68859e-06  -3.56924e-05  0.00015327  0.000101833
9.48011  -3.00357e-07  -3.37599e-06  5.64614e-06  -3.53585e-05  0.000152399  0.000101648
9.49242  -2.96257e-07  -3.33763e-06  5.6059e-06  -3.50347e-05  0.000151558  0.000101482
9.50473  -2.92344e-07  -3.30079e-06  5.56784e-06  -3.47209e-05  0.000150748  0.000101335
9.51704  -2.88615e-07  -3.26544e-06  5.53195e-06  -3.4417e-05  0.000149968  0.000101206
9.52935  -2.85069e-07  -3.23157e-06  5.49823e-06  -3.41229e-05  0.000149219  0.000101097
9.54167  -2.81702e-07  -3.19916e-06  5.46665e-06  -3.38385e-05  0.0001485  0.000101007
9.55398  -2.78514e-07  -3.1682e-06  5.4372e-06  -3.35637e-05  0.000147811  0.000100935
9.56629  -2.75501e-07  -3.13868e-06  5.40988e-06  -3.32986e-05  0.000147152  0.000100883
9.5786  -2.72662e-07  -3.11058e-06  5.38467e-06  -3.30429e-05  0.000146522  0.000100849
9.59091  -2.69996e-07  -3.08389e-06  5.36156e-06  -3.27966e-05  0.000145923  0.000100834
9.60323  -2.67499e-07  -3.05859e-06  5.34054e-06  -3.25597e-05  0.000145352  0.000100838
9.61554  -2.65172e-07  -3.03469e-06  5.3216e-06  -3.23321e-05  0.000144811  0.00010086
9.62785  -2.63012e-07  -3.01215e-06  5.30475e-06  -3.21136e-05  0.0001443  0.000100902
9.64016  -2.61018e-07  -2.99098e-06  5.28996e-06  -3.19043e-05  0.000143817  0.000100962
9.65247  -2.59189e-07  -2.97116e-06  5.27724e-06  -3.17041e-05  0.000143363  0.000101041
9.66478  -2.57523e-07  -2.95269e-06  5.26658e-06  -3.15129e-05  0.000142939  0.000101139
9.6771  -2.5602e-07  -2.93556e-06  5.25797e-06  -3.13307e-05  0.000142543  0.000101256
9.68941  -2.54679e-07  -2.91975e-06  5.25141e-06  -3.11574e-05  0.000142176  0.000101392
9.70172  -2.53498e-07  -2.90527e-06  5.24691e-06  -3.09929e-05  0.000141838  0.000101546
9.71403  -2.52477e-07  -2.8921e-06  5.24445e-06  -3.08373e-05  0.000141528  0.00010172
9.72634  -2.51616e-07  -2.88024e-06  5.24404e-06  -3.06904e-05  0.000141248  0.000101913
9.73866  -2.50913e-07  -2.86969e-06  5.24567e-06  -3.05523e-05  0.000140995  0.000102124
9.75097  -2.50369e-07  -2.86043e-06  5.24936e-06  -3.04228e-05  0.000140771  0.000102355
9.76328  -2.49983e-07  -2.85247e-06  5.25509e-06  -3.0302e-05  0.000140576  0.000102605
9.77559  -2.49755e-07  -2.8458e-06  5.26287e-06  -3.01898e-05  0.000140408  0.000102873
9.7879  -2.49684e-07  -2.84041e-06  5.27271e-06  -3.00862e-05  0.00014027  0.000103162
9.80021  -2.49771e-07  -2.83632e-06  5.2846e-06  -2.99911e-05  0.000140159  0.000103469
9.81253  -2.50015e-07  -2.8335e-06  5.29856e-06  -2.99045e-05  0.000140077  0.000103796
9.82484  -2.50417e-07  -2.83197e-06  5.31458e-06  -2.98265e-05  0.000140023  0.000104142
9.83715  -2.50978e-07  -2.83172e-06  5.33268e-06  -2.97569e-05  0.000139997  0.000104507
9.84946  -2.51696e-07  -2.83275e-06  5.35286e-06  -2.96957e-05  0.00014  0.000104892
