8e-06  -4.59061e-11  -4.30005e-14  -1.37495e-06  -6.21266e-17  -5.5838e-11  -1.60467e-09
0.0123198  -6.36651e-06  -4.72198e-08  -0.00211731  -2.7759e-10  -1.83223e-05  -1.72609e-05
0.0246316  -2.54451e-05  -3.17312e-07  -0.00423264  -3.20994e-09  -7.32303e-05  -6.80343e-05
0.0369435  -5.7222e-05  -1.05539e-06  -0.00634674  -1.56006e-08  -0.000164685  -0.000152787
0.0492553  -0.000101674  -2.4938e-06  -0.00845901  -4.88999e-08  -0.000292622  -0.000271428
0.0615671  -0.00015877  -4.86428e-06  -0.0105688  -1.19049e-07  -0.000456952  -0.000423883
0.0738789  -0.000228468  -8.3978e-06  -0.0126756  -2.46504e-07  -0.00065756  -0.00061007
0.0861907  -0.000310719  -1.33242e-05  -0.0147787  -4.56205e-07  -0.000894305  -0.000829895
0.0985025  -0.000405464  -1.9872e-05  -0.0168775  -7.77544e-07  -0.00116702  -0.00108325
0.110814  -0.000512636  -2.8268e-05  -0.0189715  -1.24433e-06  -0.00147552  -0.00137002
0.123126  -0.000632159  -3.87371e-05  -0.02106  -1.89473e-06  -0.00181959  -0.00169005
0.135438  -0.000763949  -5.15023e-05  -0.0231424  -2.77123e-06  -0.00219899  -0.00204319
0.14775  -0.000907914  -6.67842e-05  -0.0252182  -3.92057e-06  -0.00261345  -0.00242928
0.160062  -0.00106395  -8.48008e-05  -0.0272867  -5.3937e-06  -0.0030627  -0.00284812
0.172373  -0.00123196  -0.000105768  -0.0293474  -7.24567e-06  -0.00354642  -0.00329951
0.184685  -0.00141182  -0.000129898  -0.0313996  -9.53562e-06  -0.00406427  -0.00378323
0.196997  -0.00160341  -0.0001574  -0.0334429  -1.23267e-05  -0.00461592  -0.00429905
0.209309  -0.0018066  -0.000188481  -0.0354766  -1.56858e-05  -0.00520098  -0.00484672
0.221621  -0.00202125  -0.000223343  -0.0375001  -1.96838e-05  -0.00581905  -0.00542597
0.233933  -0.00224723  -0.000262187  -0.039513  -2.43953e-05  -0.00646973  -0.00603653
0.246244  -0.00248438  -0.000305208  -0.0415146  -2.98984e-05  -0.00715256  -0.00667809
0.258556  -0.00273255  -0.000352598  -0.0435043  -3.62749e-05  -0.0078671  -0.00735036
0.270868  -0.00299159  -0.000404545  -0.0454817  -4.361e-05  -0.00861288  -0.008053
0.28318  -0.00326132  -0.000461234  -0.0474462  -5.19922e-05  -0.00938939  -0.00878568
0.295492  -0.00354159  -0.000522843  -0.0493973  -6.15133e-05  -0.0101961  -0.00954805
0.307803  -0.00383221  -0.00058955  -0.0513344  -7.22682e-05  -0.0110326  -0.0103397
0.320115  -0.00413301  -0.000661526  -0.053257  -8.43548e-05  -0.0118982  -0.0111604
0.332427  -0.00444381  -0.000738938  -0.0551647  -9.78742e-05  -0.0127924  -0.0120095
0.344739  -0.00476443  -0.000821949  -0.0570568  -0.00011293  -0.0137146  -0.0128868
0.357051  -0.00509468  -0.000910717  -0.0589329  -0.000129629  -0.0146642  -0.0137918
0.369363  -0.00543438  -0.0010054  -0.0607925  -0.000148079  -0.0156407  -0.0147241
0.381674  -0.00578332  -0.00110614  -0.0626351  -0.000168394  -0.0166434  -0.0156833
0.393986  -0.00614132  -0.00121309  -0.0644603  -0.000190686  -0.0176717  -0.0166688
0.406298  -0.00650819  -0.00132638  -0.0662675  -0.000215072  -0.0187249  -0.0176802
0.41861  -0.00688372  -0.00144616  -0.0680563  -0.00024167  -0.0198024  -0.018717
0.430922  -0.00726773  -0.00157255  -0.0698262  -0.000270602  -0.0209036  -0.0197787
0.443233  -0.00766002  -0.00170569  -0.0715769  -0.000301989  -0.0220277  -0.0208649
0.455545  -0.00806039  -0.00184569  -0.0733077  -0.000335957  -0.0231742  -0.021975
0.467857  -0.00846864  -0.00199268  -0.0750184  -0.000372631  -0.0243422  -0.0231084
0.480169  -0.00888458  -0.00214676  -0.0767085  -0.00041214  -0.0255311  -0.0242646
0.492481  -0.00930802  -0.00230805  -0.0783775  -0.000454613  -0.0267402  -0.0254432
0.504792  -0.00973876  -0.00247666  -0.0800251  -0.000500182  -0.0279689  -0.0266434
0.517104  -0.0101766  -0.00265268  -0.0816508  -0.000548979  -0.0292163  -0.0278648
0.529416  -0.0106214  -0.00283622  -0.0832542  -0.000601138  -0.0304817  -0.0291067
0.541728  -0.0110729  -0.00302736  -0.084835  -0.000656794  -0.0317645  -0.0303686
0.55404  -0.0115309  -0.0032262  -0.0863928  -0.000716083  -0.0330639  -0.0316499
0.566352  -0.0119953  -0.00343283  -0.0879272  -0.000779143  -0.0343792  -0.0329499
0.578663  -0.0124659  -0.00364732  -0.0894378  -0.000846113  -0.0357096  -0.034268
0.590975  -0.0129424  -0.00386976  -0.0909242  -0.000917131  -0.0370543  -0.0356036
0.603287  -0.0134248  -0.00410021  -0.0923862  -0.000992337  -0.0384128  -0.0369561
0.615599  -0.0139128  -0.00433876  -0.0938234  -0.00107187  -0.0397841  -0.0383248
0.627911  -0.0144064  -0.00458547  -0.0952354  -0.00115588  -0.0411676  -0.0397091
0.640222  -0.0149052  -0.0048404  -0.0966218  -0.0012445  -0.0425624  -0.0411083
0.652534  -0.0154091  -0.00510362  -0.0979825  -0.00133788  -0.0439679  -0.0425217
0.664846  -0.0159181  -0.00537518  -0.099317  -0.00143616  -0.0453834  -0.0439486
0.677158  -0.0164319  -0.00565515  -0.100625  -0.00153947  -0.0468079  -0.0453885
0.68947  -0.0169503  -0.00594357  -0.101906  -0.00164798  -0.0482409  -0.0468404
0.701782  -0.0174733  -0.00624049  -0.103161  -0.00176182  -0.0496815  -0.0483039
0.714093  -0.0180007  -0.00654597  -0.104388  -0.00188113  -0.051129  -0.0497782
0.726405  -0.0185323  -0.00686004  -0.105587  -0.00200607  -0.0525827  -0.0512625
0.738717  -0.019068  -0.00718274  -0.106758  -0.00213676  -0.0540418  -0.0527562
0.751029  -0.0196077  -0.00751413  -0.107901  -0.00227337  -0.0555055  -0.0542585
0.763341  -0.0201512  -0.00785422  -0.109016  -0.00241604  -0.0569731  -0.0557687
0.775652  -0.0206984  -0.00820306  -0.110102  -0.0025649  -0.0584439  -0.057286
0.787964  -0.0212493  -0.00856068  -0.11116  -0.0027201  -0.0599171  -0.0588099
0.800276  -0.0218035  -0.00892711  -0.112188  -0.00288179  -0.0613919  -0.0603394
0.812588  -0.0223611  -0.00930237  -0.113186  -0.00305012  -0.0628677  -0.0618738
0.8249  -0.022922  -0.00968649  -0.114155  -0.00322521  -0.0643437  -0.0634125
0.837212  -0.023486  -0.0100795  -0.115094  -0.00340723  -0.0658192  -0.0649546
0.849523  -0.024053  -0.0104814  -0.116003  -0.0035963  -0.0672934  -0.0664995
0.861835  -0.0246229  -0.0108922  -0.116882  -0.00379257  -0.0687656  -0.0680462
0.874147  -0.0251956  -0.0113119  -0.11773  -0.00399619  -0.0702351  -0.0695942
0.886459  -0.025771  -0.0117406  -0.118548  -0.00420729  -0.0717012  -0.0711425
0.898771  -0.026349  -0.0121783  -0.119335  -0.00442601  -0.0731631  -0.0726906
0.911082  -0.0269296  -0.0126249  -0.12009  -0.00465249  -0.0746201  -0.0742375
0.923394  -0.0275126  -0.0130805  -0.120815  -0.00488687  -0.0760715  -0.0757825
0.935706  -0.0280979  -0.0135451  -0.121508  -0.00512928  -0.0775166  -0.0773249
0.948018  -0.0286855  -0.0140186  -0.12217  -0.00537986  -0.0789547  -0.0788639
0.96033  -0.0292752  -0.0145011  -0.1228  -0.00563875  -0.0803851  -0.0803987
0.972642  -0.029867  -0.0149926  -0.123398  -0.00590606  -0.0818071  -0.0819286
0.984953  -0.0304608  -0.015493  -0.123964  -0.00618195  -0.0832199  -0.0834527
0.997265  -0.0310566  -0.0160024  -0.124498  -0.00646653  -0.084623  -0.0849704
1.00958  -0.0316541  -0.0165208  -0.125  -0.00675993  -0.0860155  -0.0864808
1.02189  -0.0322534  -0.017048  -0.125469  -0.00706229  -0.0873969  -0.0879832
1.0342  -0.0328544  -0.0175842  -0.125907  -0.00737371  -0.0887664  -0.0894768
1.04651  -0.033457  -0.0181293  -0.126311  -0.00769433  -0.0901234  -0.0909609
1.05882  -0.0340611  -0.0186832  -0.126683  -0.00802426  -0.0914671  -0.0924347
1.07114  -0.0346667  -0.019246  -0.127023  -0.00836363  -0.092797  -0.0938974
1.08345  -0.0352736  -0.0198176  -0.127329  -0.00871254  -0.0941123  -0.0953484
1.09576  -0.0358817  -0.0203979  -0.127603  -0.0090711  -0.0954125  -0.0967868
1.10807  -0.0364911  -0.020987  -0.127844  -0.00943943  -0.0966967  -0.0982119
1.12038  -0.0371016  -0.0215848  -0.128052  -0.00981764  -0.0979645  -0.099623
1.1327  -0.0377131  -0.0221912  -0.128227  -0.0102058  -0.0992151  -0.101019
1.14501  -0.0383256  -0.0228063  -0.128369  -0.0106041  -0.100448  -0.1024
1.15732  -0.0389389  -0.0234299  -0.128479  -0.0110125  -0.101662  -0.103765
1.16963  -0.039553  -0.0240619  -0.128555  -0.0114312  -0.102858  -0.105113
1.18194  -0.0401678  -0.0247025  -0.128598  -0.0118603  -0.104033  -0.106443
1.19425  -0.0407831  -0.0253513  -0.128608  -0.0122998  -0.105189  -0.107754
1.20657  -0.041399  -0.0260085  -0.128586  -0.0127498  -0.106323  -0.109047
1.21888  -0.0420153  -0.0266739  -0.12853  -0.0132104  -0.107436  -0.11032
1.23119  -0.0426319  -0.0273475  -0.128442  -0.0136817  -0.108527  -0.111573
1.2435  -0.0432487  -0.0280291  -0.128321  -0.0141637  -0.109595  -0.112804
1.25581  -0.0438656  -0.0287187  -0.128167  -0.0146565  -0.11064  -0.114014
1.26813  -0.0444824  -0.0294161  -0.12798  -0.0151602  -0.111661  -0.115202
1.28044  -0.0450992  -0.0301213  -0.127761  -0.0156748  -0.112658  -0.116367
1.29275  -0.0457157  -0.0308342  -0.12751  -0.0162004  -0.113629  -0.117508
1.30506  -0.0463319  -0.0315546  -0.127226  -0.016737  -0.114575  -0.118624
1.31737  -0.0469476  -0.0322824  -0.12691  -0.0172846  -0.115495  -0.119716
1.32968  -0.0475627  -0.0330176  -0.126562  -0.0178433  -0.116388  -0.120783
1.342  -0.0481771  -0.0337599  -0.126182  -0.0184131  -0.117255  -0.121823
1.35431  -0.0487906  -0.0345092  -0.12577  -0.0189939  -0.118093  -0.122837
1.36662  -0.0494031  -0.0352654  -0.125327  -0.019586  -0.118903  -0.123824
1.37893  -0.0500144  -0.0360284  -0.124852  -0.0201891  -0.119685  -0.124783
1.39124  -0.0506245  -0.0367979  -0.124347  -0.0208033  -0.120437  -0.125714
1.40356  -0.0512331  -0.0375739  -0.12381  -0.0214287  -0.12116  -0.126617
1.41587  -0.0518401  -0.038356  -0.123243  -0.0220651  -0.121853  -0.12749
1.42818  -0.0524453  -0.0391443  -0.122645  -0.0227126  -0.122515  -0.128334
1.44049  -0.0530486  -0.0399383  -0.122017  -0.0233712  -0.123146  -0.129147
1.4528  -0.0536498  -0.0407381  -0.121359  -0.0240407  -0.123746  -0.12993
1.46511  -0.0542488  -0.0415433  -0.120671  -0.0247211  -0.124314  -0.130682
1.47743  -0.0548452  -0.0423538  -0.119954  -0.0254125  -0.124849  -0.131403
1.48974  -0.055439  -0.0431693  -0.119209  -0.0261146  -0.125352  -0.132092
1.50205  -0.05603  -0.0439896  -0.118434  -0.0268274  -0.125822  -0.132748
1.51436  -0.056618  -0.0448145  -0.117631  -0.0275509  -0.126258  -0.133373
1.52667  -0.0572027  -0.0456437  -0.1168  -0.0282849  -0.126661  -0.133964
1.53899  -0.057784  -0.0464769  -0.115942  -0.0290294  -0.12703  -0.134523
1.5513  -0.0583617  -0.047314  -0.115056  -0.0297842  -0.127364  -0.135048
1.56361  -0.0589354  -0.0481547  -0.114143  -0.0305491  -0.127663  -0.135539
1.57592  -0.0595052  -0.0489986  -0.113205  -0.0313242  -0.127928  -0.135996
1.58823  -0.0600706  -0.0498454  -0.11224  -0.0321091  -0.128157  -0.136419
1.60054  -0.0606315  -0.050695  -0.111249  -0.0329038  -0.128351  -0.136808
1.61286  -0.0611876  -0.051547  -0.110234  -0.033708  -0.128509  -0.137162
1.62517  -0.0617388  -0.052401  -0.109194  -0.0345217  -0.128631  -0.137482
1.63748  -0.0622847  -0.0532568  -0.10813  -0.0353446  -0.128717  -0.137766
1.64979  -0.0628252  -0.0541141  -0.107042  -0.0361765  -0.128766  -0.138016
1.6621  -0.0633599  -0.0549724  -0.105931  -0.0370172  -0.128779  -0.13823
1.67442  -0.0638887  -0.0558316  -0.104798  -0.0378665  -0.128755  -0.138409
1.68673  -0.0644113  -0.0566912  -0.103642  -0.0387241  -0.128695  -0.138553
1.69904  -0.0649275  -0.0575508  -0.102465  -0.0395898  -0.128598  -0.138662
1.71135  -0.0654369  -0.0584102  -0.101268  -0.0404634  -0.128463  -0.138735
1.72366  -0.0659393  -0.0592689  -0.10005  -0.0413446  -0.128292  -0.138773
1.73597  -0.0664345  -0.0601265  -0.0988117  -0.0422331  -0.128084  -0.138776
1.74829  -0.0669223  -0.0609828  -0.0975548  -0.0431287  -0.127838  -0.138744
1.7606  -0.0674022  -0.0618373  -0.0962792  -0.0440309  -0.127556  -0.138676
1.77291  -0.0678742  -0.0626896  -0.0949858  -0.0449396  -0.127237  -0.138573
1.78522  -0.0683379  -0.0635393  -0.0936751  -0.0458544  -0.12688  -0.138436
1.79753  -0.0687931  -0.0643861  -0.0923478  -0.046775  -0.126487  -0.138263
1.80985  -0.0692394  -0.0652295  -0.0910045  -0.047701  -0.126057  -0.138056
1.82216  -0.0696768  -0.0660691  -0.0896458  -0.0486321  -0.12559  -0.137815
1.83447  -0.0701048  -0.0669044  -0.0882725  -0.049568  -0.125087  -0.137539
1.84678  -0.0705232  -0.0677352  -0.0868852  -0.0505082  -0.124547  -0.137229
1.85909  -0.0709318  -0.068561  -0.0854846  -0.0514524  -0.123971  -0.136885
1.8714  -0.0713304  -0.0693812  -0.0840714  -0.0524002  -0.123359  -0.136508
1.88372  -0.0717186  -0.0701956  -0.0826463  -0.0533512  -0.122711  -0.136098
1.89603  -0.0720962  -0.0710037  -0.08121  -0.054305  -0.122028  -0.135655
1.90834  -0.072463  -0.0718051  -0.0797632  -0.0552612  -0.12131  -0.135179
1.92065  -0.0728188  -0.0725993  -0.0783065  -0.0562194  -0.120557  -0.134672
1.93296  -0.0731633  -0.0733859  -0.0768408  -0.0571792  -0.119769  -0.134132
1.94528  -0.0734962  -0.0741645  -0.0753667  -0.05814  -0.118947  -0.133561
1.95759  -0.0738174  -0.0749347  -0.073885  -0.0591016  -0.118091  -0.132959
1.9699  -0.0741267  -0.075696  -0.0723963  -0.0600634  -0.117202  -0.132326
1.98221  -0.0744237  -0.0764481  -0.0709014  -0.061025  -0.11628  -0.131663
1.99452  -0.0747084  -0.0771904  -0.069401  -0.0619859  -0.115325  -0.13097
2.00683  -0.0749805  -0.0779227  -0.0678959  -0.0629457  -0.114338  -0.130248
2.01915  -0.0752398  -0.0786444  -0.0663867  -0.0639039  -0.113319  -0.129498
2.03146  -0.0754862  -0.0793552  -0.0648742  -0.0648601  -0.112269  -0.128719
2.04377  -0.0757194  -0.0800547  -0.063359  -0.0658137  -0.111189  -0.127912
2.05608  -0.0759393  -0.0807425  -0.061842  -0.0667644  -0.110078  -0.127079
2.06839  -0.0761457  -0.0814181  -0.0603238  -0.0677116  -0.108938  -0.126218
2.08071  -0.0763385  -0.0820813  -0.058805  -0.0686548  -0.10777  -0.125332
2.09302  -0.0765176  -0.0827315  -0.0572865  -0.0695936  -0.106572  -0.12442
2.10533  -0.0766827  -0.0833686  -0.0557689  -0.0705275  -0.105347  -0.123483
2.11764  -0.0768339  -0.083992  -0.0542529  -0.0714561  -0.104095  -0.122522
2.12995  -0.0769709  -0.0846015  -0.0527391  -0.0723788  -0.102817  -0.121537
2.14226  -0.0770936  -0.0851966  -0.0512282  -0.0732951  -0.101513  -0.120529
2.15458  -0.0772021  -0.0857772  -0.049721  -0.0742047  -0.100183  -0.119498
2.16689  -0.0772961  -0.0863428  -0.048218  -0.075107  -0.0988297  -0.118446
2.1792  -0.0773757  -0.0868931  -0.0467199  -0.0760016  -0.0974524  -0.117372
2.19151  -0.0774407  -0.0874278  -0.0452273  -0.076888  -0.0960522  -0.116278
2.20382  -0.0774911  -0.0879467  -0.0437408  -0.0777657  -0.0946297  -0.115164
2.21614  -0.0775269  -0.0884495  -0.0422612  -0.0786343  -0.0931858  -0.11403
2.22845  -0.077548  -0.0889358  -0.0407888  -0.0794934  -0.0917212  -0.112878
2.24076  -0.0775545  -0.0894055  -0.0393245  -0.0803425  -0.0902367  -0.111708
2.25307  -0.0775462  -0.0898582  -0.0378686  -0.0811812  -0.0887331  -0.110521
2.26538  -0.0775233  -0.0902938  -0.0364218  -0.082009  -0.0872111  -0.109317
2.27769  -0.0774858  -0.0907121  -0.0349847  -0.0828255  -0.0856715  -0.108097
2.29001  -0.0774336  -0.0911128  -0.0335577  -0.0836304  -0.0841152  -0.106862
2.30232  -0.0773668  -0.0914957  -0.0321414  -0.0844231  -0.0825429  -0.105613
2.31463  -0.0772856  -0.0918608  -0.0307362  -0.0852034  -0.0809554  -0.104349
2.32694  -0.0771898  -0.0922077  -0.0293428  -0.0859708  -0.0793537  -0.103072
2.33925  -0.0770796  -0.0925364  -0.0279615  -0.0867249  -0.0777384  -0.101782
2.35157  -0.0769552  -0.0928468  -0.0265928  -0.0874654  -0.0761104  -0.100481
2.36388  -0.0768165  -0.0931386  -0.0252372  -0.0881919  -0.0744706  -0.0991679
2.37619  -0.0766637  -0.0934119  -0.023895  -0.0889042  -0.0728197  -0.0978444
2.3885  -0.0764969  -0.0936665  -0.0225668  -0.0896017  -0.0711586  -0.096511
2.40081  -0.0763162  -0.0939023  -0.0212528  -0.0902843  -0.0694881  -0.0951682
2.41312  -0.0761218  -0.0941193  -0.0199535  -0.0909515  -0.0678091  -0.0938168
2.42544  -0.0759138  -0.0943174  -0.0186692  -0.0916032  -0.0661222  -0.0924574
2.43775  -0.0756923  -0.0944966  -0.0174004  -0.092239  -0.0644285  -0.0910906
2.45006  -0.0754576  -0.0946569  -0.0161472  -0.0928587  -0.0627286  -0.089717
2.46237  -0.0752098  -0.0947983  -0.01491  -0.0934619  -0.0610235  -0.0883373
2.47468  -0.074949  -0.0949207  -0.0136892  -0.0940484  -0.0593138  -0.0869521
2.48699  -0.0746756  -0.0950243  -0.012485  -0.094618  -0.0576004  -0.085562
2.49931  -0.0743895  -0.0951089  -0.0112977  -0.0951705  -0.0558841  -0.0841676
2.51162  -0.0740912  -0.0951748  -0.0101275  -0.0957056  -0.0541657  -0.0827695
2.52393  -0.0737807  -0.0952219  -0.00897465  -0.0962232  -0.0524459  -0.0813683
2.53624  -0.0734583  -0.0952503  -0.0078394  -0.096723  -0.0507256  -0.0799646
2.54855  -0.0731242  -0.0952601  -0.00672193  -0.0972049  -0.0490055  -0.0785589
2.56087  -0.0727787  -0.0952514  -0.00562243  -0.0976687  -0.0472863  -0.0771519
2.57318  -0.072422  -0.0952243  -0.00454109  -0.0981142  -0.0455688  -0.075744
2.58549  -0.0720542  -0.0951789  -0.00347806  -0.0985414  -0.0438537  -0.0743359
2.5978  -0.0716758  -0.0951154  -0.00243348  -0.0989501  -0.0421418  -0.072928
2.61011  -0.0712868  -0.0950339  -0.00140748  -0.0993402  -0.0404337  -0.071521
2.62242  -0.0708877  -0.0949345  -0.000400186  -0.0997116  -0.0387302  -0.0701152
2.63474  -0.0704785  -0.0948174  0.000588304  -0.100064  -0.037032  -0.0687113
2.64705  -0.0700596  -0.0946829  0.0015579  -0.100398  -0.0353397  -0.0673098
2.65936  -0.0696313  -0.094531  0.00250853  -0.100713  -0.0336541  -0.065911
2.67167  -0.0691938  -0.0943619  0.00344012  -0.101008  -0.0319757  -0.0645156
2.68398  -0.0687474  -0.0941759  0.00435262  -0.101285  -0.0303052  -0.063124
2.6963  -0.0682924  -0.0939732  0.00524601  -0.101543  -0.0286433  -0.0617366
2.70861  -0.067829  -0.0937539  0.00612024  -0.101781  -0.0269905  -0.060354
2.72092  -0.0673575  -0.0935184  0.0069753  -0.102001  -0.0253476  -0.0589765
2.73323  -0.0668781  -0.0932667  0.00781119  -0.102201  -0.023715  -0.0576047
2.74554  -0.0663912  -0.0929993  0.00862791  -0.102382  -0.0220934  -0.0562389
2.75785  -0.0658971  -0.0927162  0.00942548  -0.102545  -0.0204833  -0.0548795
2.77017  -0.065396  -0.0924178  0.0102039  -0.102688  -0.0188852  -0.053527
2.78248  -0.0648881  -0.0921042  0.0109633  -0.102812  -0.0172998  -0.0521818
2.79479  -0.0643738  -0.0917759  0.0117036  -0.102917  -0.0157276  -0.0508443
2.8071  -0.0638533  -0.0914329  0.0124249  -0.103004  -0.014169  -0.0495148
2.81941  -0.063327  -0.0910757  0.0131273  -0.103071  -0.0126246  -0.0481938
2.83173  -0.062795  -0.0907043  0.0138108  -0.10312  -0.0110948  -0.0468815
2.84404  -0.0622576  -0.0903193  0.0144756  -0.10315  -0.00958012  -0.0455784
2.85635  -0.0617152  -0.0899207  0.0151217  -0.103162  -0.00808105  -0.0442849
2.86866  -0.0611679  -0.0895089  0.0157492  -0.103155  -0.00659802  -0.0430011
2.88097  -0.0606161  -0.0890842  0.0163581  -0.10313  -0.00513145  -0.0417276
2.89328  -0.06006  -0.0886468  0.0169488  -0.103087  -0.00368176  -0.0404645
2.9056  -0.0594999  -0.0881971  0.0175211  -0.103026  -0.00224935  -0.0392123
2.91791  -0.0589359  -0.0877353  0.0180753  -0.102946  -0.00083463  -0.0379711
2.93022  -0.0583685  -0.0872618  0.0186115  -0.102849  0.000562035  -0.0367414
2.94253  -0.0577978  -0.0867767  0.0191298  -0.102734  0.00194028  -0.0355234
2.95484  -0.057224  -0.0862805  0.0196303  -0.102602  0.00329975  -0.0343174
2.96716  -0.0566475  -0.0857733  0.0201133  -0.102452  0.00464011  -0.0331237
2.97947  -0.0560684  -0.0852556  0.0205788  -0.102285  0.00596104  -0.0319425
2.99178  -0.055487  -0.0847275  0.0210271  -0.102102  0.00726222  -0.030774
3.00409  -0.0549036  -0.0841894  0.0214582  -0.101901  0.00854337  -0.0296186
3.0164  -0.0543183  -0.0836417  0.0218723  -0.101683  0.00980419  -0.0284765
3.02871  -0.0537314  -0.0830845  0.0222696  -0.101449  0.0110444  -0.0273478
3.04103  -0.0531431  -0.0825181  0.0226504  -0.101199  0.0122638  -0.0262329
3.05334  -0.0525537  -0.081943  0.0230146  -0.100933  0.0134621  -0.0251319
3.06565  -0.0519633  -0.0813592  0.0233627  -0.100651  0.0146391  -0.0240451
3.07796  -0.0513722  -0.0807673  0.0236946  -0.100353  0.0157945  -0.0229725
3.09027  -0.0507805  -0.0801674  0.0240107  -0.10004  0.0169282  -0.0219145
3.10259  -0.0501885  -0.0795599  0.024311  -0.099711  0.01804  -0.0208712
3.1149  -0.0495964  -0.078945  0.0245959  -0.0993674  0.0191296  -0.0198428
3.12721  -0.0490043  -0.078323  0.0248655  -0.099009  0.020197  -0.0188294
3.13952  -0.0484125  -0.0776942  0.02512  -0.0986361  0.021242  -0.0178312
3.15183  -0.0478211  -0.077059  0.0253596  -0.0982488  0.0222644  -0.0168483
3.16414  -0.0472304  -0.0764175  0.0255845  -0.0978475  0.0232642  -0.0158808
3.17646  -0.0466405  -0.0757701  0.0257949  -0.0974323  0.0242412  -0.014929
3.18877  -0.0460516  -0.0751171  0.0259911  -0.0970035  0.0251953  -0.0139928
3.20108  -0.0454639  -0.0744587  0.0261733  -0.0965614  0.0261265  -0.0130725
3.21339  -0.0448775  -0.0737952  0.0263417  -0.0961061  0.0270346  -0.0121681
3.2257  -0.0442926  -0.0731269  0.0264964  -0.0956381  0.0279196  -0.0112797
3.23802  -0.0437093  -0.0724542  0.0266378  -0.0951575  0.0287815  -0.0104074
3.25033  -0.0431279  -0.0717771  0.026766  -0.0946646  0.0296203  -0.00955124
3.26264  -0.0425485  -0.0710961  0.0268814  -0.0941597  0.0304359  -0.0087113
3.27495  -0.0419711  -0.0704115  0.026984  -0.093643  0.0312283  -0.00788765
3.28726  -0.0413961  -0.0697233  0.0270742  -0.0931148  0.0319976  -0.00708031
3.29957  -0.0408234  -0.069032  0.0271522  -0.0925755  0.0327437  -0.00628934
3.31189  -0.0402533  -0.0683378  0.0272182  -0.0920252  0.0334667  -0.00551474
3.3242  -0.0396859  -0.067641  0.0272724  -0.0914643  0.0341666  -0.00475655
3.33651  -0.0391213  -0.0669418  0.0273152  -0.0908931  0.0348436  -0.00401477
3.34882  -0.0385597  -0.0662405  0.0273467  -0.0903118  0.0354976  -0.00328941
3.36113  -0.0380011  -0.0655373  0.0273671  -0.0897208  0.0361287  -0.00258044
3.37345  -0.0374457  -0.0648325  0.0273768  -0.0891203  0.0367372  -0.00188785
3.38576  -0.0368936  -0.0641263  0.0273759  -0.0885107  0.037323  -0.00121162
3.39807  -0.0363449  -0.0634191  0.0273647  -0.0878922  0.0378863  -0.000551703
3.41038  -0.0357998  -0.0627109  0.0273435  -0.0872651  0.0384272  9.19387e-05
3.42269  -0.0352583  -0.0620021  0.0273125  -0.0866298  0.0389459  0.000719362
3.435  -0.0347205  -0.061293  0.0272719  -0.0859865  0.0394425  0.00133063
3.44732  -0.0341866  -0.0605837  0.027222  -0.0853355  0.0399171  0.00192581
3.45963  -0.0336566  -0.0598744  0.027163  -0.0846772  0.0403701  0.00250499
3.47194  -0.0331307  -0.0591655  0.0270952  -0.0840119  0.0408015  0.00306825
3.48425  -0.0326088  -0.058457  0.0270188  -0.0833398  0.0412116  0.00361568
3.49656  -0.0320911  -0.0577494  0.0269341  -0.0826614  0.0416005  0.0041474
3.50888  -0.0315778  -0.0570427  0.0268413  -0.0819767  0.0419685  0.00466351
3.52119  -0.0310687  -0.0563371  0.0267406  -0.0812863  0.0423158  0.00516413
3.5335  -0.0305642  -0.055633  0.0266323  -0.0805904  0.0426427  0.00564939
3.54581  -0.0300641  -0.0549305  0.0265167  -0.0798893  0.0429493  0.00611942
3.55812  -0.0295686  -0.0542298  0.026394  -0.0791833  0.043236  0.00657436
3.57043  -0.0290777  -0.053531  0.0262644  -0.0784727  0.0435031  0.00701436
3.58275  -0.0285915  -0.0528345  0.0261281  -0.0777578  0.0437507  0.00743958
3.59506  -0.0281101  -0.0521404  0.0259855  -0.077039  0.0439791  0.00785017
3.60737  -0.0276335  -0.0514488  0.0258367  -0.0763164  0.0441888  0.00824629
3.61968  -0.0271618  -0.05076  0.025682  -0.0755905  0.0443798  0.00862813
3.63199  -0.0266949  -0.0500742  0.0255215  -0.0748615  0.0445526  0.00899586
3.64431  -0.0262331  -0.0493914  0.0253556  -0.0741297  0.0447075  0.00934967
3.65662  -0.0257762  -0.048712  0.0251845  -0.0733954  0.0448447  0.00968973
3.66893  -0.0253244  -0.0480359  0.0250084  -0.0726589  0.0449646  0.0100162
3.68124  -0.0248776  -0.0473635  0.0248275  -0.0719205  0.0450675  0.0103294
3.69355  -0.0244359  -0.0466949  0.024642  -0.0711805  0.0451537  0.0106294
3.70586  -0.0239994  -0.0460301  0.0244522  -0.0704391  0.0452235  0.0109165
3.71818  -0.0235681  -0.0453695  0.0242582  -0.0696966  0.0452774  0.0111909
3.73049  -0.0231419  -0.044713  0.0240603  -0.0689533  0.0453156  0.0114527
3.7428  -0.0227209  -0.0440608  0.0238587  -0.0682095  0.0453384  0.0117022
3.75511  -0.0223052  -0.0434132  0.0236536  -0.0674654  0.0453463  0.0119397
3.76742  -0.0218947  -0.0427701  0.0234453  -0.0667213  0.0453395  0.0121653
3.77974  -0.0214894  -0.0421318  0.0232338  -0.0659774  0.0453185  0.0123792
3.79205  -0.0210894  -0.0414983  0.0230194  -0.0652341  0.0452835  0.0125818
3.80436  -0.0206947  -0.0408697  0.0228023  -0.0644915  0.0452349  0.0127731
3.81667  -0.0203053  -0.0402462  0.0225827  -0.0637498  0.0451731  0.0129535
3.82898  -0.0199211  -0.0396279  0.0223608  -0.0630094  0.0450984  0.0131232
3.84129  -0.0195422  -0.0390149  0.0221367  -0.0622705  0.0450111  0.0132824
3.85361  -0.0191685  -0.0384072  0.0219107  -0.0615333  0.0449117  0.0134314
3.86592  -0.0188002  -0.0378049  0.0216829  -0.0607979  0.0448004  0.0135703
3.87823  -0.018437  -0.0372082  0.0214534  -0.0600647  0.0446777  0.0136994
3.89054  -0.0180792  -0.0366171  0.0212225  -0.0593339  0.0445438  0.013819
3.90285  -0.0177265  -0.0360317  0.0209903  -0.0586055  0.0443992  0.0139292
3.91517  -0.0173791  -0.035452  0.0207569  -0.05788  0.0442441  0.0140304
3.92748  -0.0170368  -0.0348782  0.0205226  -0.0571573  0.0440789  0.0141227
3.93979  -0.0166997  -0.0343102  0.0202875  -0.0564378  0.043904  0.0142064
3.9521  -0.0163678  -0.0337482  0.0200517  -0.0557217  0.0437197  0.0142817
3.96441  -0.016041  -0.0331922  0.0198153  -0.055009  0.0435263  0.0143488
3.97672  -0.0157194  -0.0326422  0.0195786  -0.0542999  0.0433242  0.014408
3.98904  -0.0154027  -0.0320983  0.0193415  -0.0535947  0.0431136  0.0144595
4.00135  -0.0150912  -0.0315605  0.0191044  -0.0528935  0.042895  0.0145035
4.01366  -0.0147846  -0.0310289  0.0188672  -0.0521965  0.0426686  0.0145402
4.02597  -0.0144831  -0.0305035  0.0186302  -0.0515037  0.0424348  0.0145699
4.03828  -0.0141865  -0.0299843  0.0183934  -0.0508154  0.0421939  0.0145928
4.0506  -0.0138948  -0.0294713  0.0181569  -0.0501316  0.0419461  0.014609
4.06291  -0.013608  -0.0289646  0.0179209  -0.0494525  0.0416918  0.0146189
4.07522  -0.013326  -0.0284641  0.0176854  -0.0487783  0.0414313  0.0146225
4.08753  -0.0130488  -0.0279699  0.0174507  -0.048109  0.0411649  0.0146202
4.09984  -0.0127764  -0.0274821  0.0172167  -0.0474448  0.0408929  0.0146122
4.11215  -0.0125087  -0.0270005  0.0169835  -0.0467857  0.0406155  0.0145985
4.12447  -0.0122456  -0.0265252  0.0167513  -0.0461319  0.0403331  0.0145795
4.13678  -0.0119872  -0.0260562  0.0165202  -0.0454835  0.0400459  0.0145553
4.14909  -0.0117334  -0.0255935  0.0162901  -0.0448406  0.0397542  0.0145262
4.1614  -0.0114841  -0.0251371  0.0160613  -0.0442032  0.0394582  0.0144922
4.17371  -0.0112393  -0.0246869  0.0158338  -0.0435714  0.0391582  0.0144536
4.18603  -0.0109989  -0.024243  0.0156075  -0.0429453  0.0388545  0.0144106
4.19834  -0.0107629  -0.0238053  0.0153828  -0.042325  0.0385473  0.0143634
4.21065  -0.0105312  -0.0233739  0.0151595  -0.0417105  0.0382369  0.0143121
4.22296  -0.0103039  -0.0229486  0.0149377  -0.041102  0.0379235  0.0142569
4.23527  -0.0100808  -0.0225295  0.0147175  -0.0404994  0.0376073  0.0141979
4.24758  -0.00986182  -0.0221165  0.0144991  -0.0399027  0.0372885  0.0141354
4.2599  -0.00964702  -0.0217097  0.0142823  -0.0393122  0.0369674  0.0140695
4.27221  -0.0094363  -0.0213089  0.0140673  -0.0387277  0.0366441  0.0140004
4.28452  -0.00922961  -0.0209142  0.0138541  -0.0381494  0.036319  0.0139281
4.29683  -0.0090269  -0.0205254  0.0136427  -0.0375773  0.0359921  0.0138529
4.30914  -0.00882811  -0.0201426  0.0134333  -0.0370113  0.0356637  0.0137749
4.32146  -0.00863318  -0.0197658  0.0132257  -0.0364515  0.035334  0.0136943
4.33377  -0.00844208  -0.0193948  0.0130202  -0.035898  0.0350032  0.0136111
4.34608  -0.00825473  -0.0190296  0.0128166  -0.0353508  0.0346714  0.0135255
4.35839  -0.00807109  -0.0186703  0.0126151  -0.0348098  0.0343388  0.0134378
4.3707  -0.00789111  -0.0183167  0.0124156  -0.0342751  0.0340056  0.0133478
4.38301  -0.00771472  -0.0179687  0.0122182  -0.0337467  0.0336719  0.0132559
4.39533  -0.00754188  -0.0176265  0.0120229  -0.0332245  0.0333379  0.0131621
4.40764  -0.00737253  -0.0172898  0.0118298  -0.0327087  0.0330038  0.0130666
4.41995  -0.00720662  -0.0169586  0.0116388  -0.0321991  0.0326696  0.0129694
4.43226  -0.00704409  -0.0166329  0.0114499  -0.0316958  0.0323356  0.0128706
4.44457  -0.00688489  -0.0163127  0.0112632  -0.0311988  0.0320019  0.0127705
4.45689  -0.00672896  -0.0159978  0.0110787  -0.030708  0.0316686  0.012669
4.4692  -0.00657626  -0.0156882  0.0108964  -0.0302234  0.0313358  0.0125663
4.48151  -0.00642673  -0.0153839  0.0107163  -0.0297451  0.0310037  0.0124625
4.49382  -0.00628032  -0.0150848  0.0105385  -0.029273  0.0306724  0.0123576
4.50613  -0.00613697  -0.0147909  0.0103628  -0.028807  0.0303419  0.0122518
4.51844  -0.00599663  -0.014502  0.0101894  -0.0283471  0.0300124  0.0121452
4.53076  -0.00585926  -0.0142181  0.0100181  -0.0278934  0.029684  0.0120378
4.54307  -0.00572479  -0.0139392  0.00984912  -0.0274458  0.0293568  0.0119297
4.55538  -0.00559318  -0.0136652  0.00968234  -0.0270042  0.029031  0.011821
4.56769  -0.00546438  -0.013396  0.00951778  -0.0265687  0.0287064  0.0117117
4.58  -0.00533834  -0.0131317  0.00935543  -0.0261391  0.0283834  0.011602
4.59232  -0.00521501  -0.012872  0.00919529  -0.0257155  0.0280619  0.011492
4.60463  -0.00509434  -0.012617  0.00903735  -0.0252978  0.027742  0.0113816
4.61694  -0.00497628  -0.0123665  0.00888161  -0.0248859  0.0274238  0.0112709
4.62925  -0.00486078  -0.0121206  0.00872805  -0.0244799  0.0271074  0.0111601
4.64156  -0.00474779  -0.0118792  0.00857668  -0.0240796  0.0267928  0.0110491
4.65387  -0.00463728  -0.0116422  0.00842747  -0.0236851  0.0264801  0.0109381
4.66619  -0.00452918  -0.0114095  0.00828042  -0.0232962  0.0261694  0.010827
4.6785  -0.00442346  -0.011181  0.00813551  -0.022913  0.0258607  0.010716
4.69081  -0.00432008  -0.0109569  0.00799273  -0.0225354  0.025554  0.0106051
4.70312  -0.00421897  -0.0107368  0.00785206  -0.0221633  0.0252495  0.0104943
4.71543  -0.00412011  -0.0105209  0.0077135  -0.0217967  0.0249472  0.0103837
4.72775  -0.00402344  -0.0103089  0.00757703  -0.0214356  0.024647  0.0102733
4.74006  -0.00392893  -0.010101  0.00744263  -0.0210798  0.0243492  0.0101632
4.75237  -0.00383653  -0.00989696  0.00731028  -0.0207294  0.0240536  0.0100534
4.76468  -0.00374619  -0.00969678  0.00717997  -0.0203842  0.0237603  0.00994395
4.77699  -0.00365789  -0.00950038  0.00705168  -0.0200443  0.0234694  0.00983489
4.7893  -0.00357157  -0.00930772  0.00692539  -0.0197095  0.0231809  0.00972625
4.80162  -0.0034872  -0.00911872  0.00680108  -0.0193798  0.0228948  0.00961806
4.81393  -0.00340474  -0.00893334  0.00667874  -0.0190552  0.0226111  0.00951036
4.82624  -0.00332414  -0.00875151  0.00655834  -0.0187356  0.0223299  0.00940318
4.83855  -0.00324538  -0.00857317  0.00643987  -0.018421  0.0220512  0.00929653
4.85086  -0.0031684  -0.00839827  0.0063233  -0.0181112  0.021775  0.00919046
4.86318  -0.00309318  -0.00822676  0.00620861  -0.0178063  0.0215014  0.00908499
4.87549  -0.00301968  -0.00805856  0.0060958  -0.0175061  0.0212302  0.00898013
4.8878  -0.00294787  -0.00789364  0.00598482  -0.0172106  0.0209617  0.00887592
4.90011  -0.00287769  -0.00773192  0.00587567  -0.0169198  0.0206957  0.00877237
4.91242  -0.00280914  -0.00757337  0.00576831  -0.0166336  0.0204322  0.0086695
4.92473  -0.00274215  -0.00741792  0.00566274  -0.016352  0.0201714  0.00856733
4.93705  -0.00267672  -0.00726551  0.00555893  -0.0160748  0.0199131  0.00846588
4.94936  -0.00261279  -0.00711611  0.00545685  -0.0158021  0.0196575  0.00836517
4.96167  -0.00255035  -0.00696965  0.00535649  -0.0155337  0.0194044  0.00826521
4.97398  -0.00248935  -0.00682608  0.00525782  -0.0152697  0.0191539  0.00816601
4.98629  -0.00242976  -0.00668536  0.00516082  -0.0150099  0.018906  0.00806759
4.99861  -0.00237157  -0.00654742  0.00506548  -0.0147543  0.0186608  0.00796995
5.01092  -0.00231472  -0.00641223  0.00497176  -0.0145028  0.0184181  0.00787312
5.02323  -0.0022592  -0.00627972  0.00487965  -0.0142555  0.018178  0.00777709
5.03554  -0.00220498  -0.00614986  0.00478912  -0.0140121  0.0179405  0.00768189
5.04785  -0.00215203  -0.0060226  0.00470015  -0.0137728  0.0177056  0.00758751
5.06016  -0.00210031  -0.00589788  0.00461273  -0.0135373  0.0174733  0.00749396
5.07248  -0.00204981  -0.00577567  0.00452682  -0.0133058  0.0172435  0.00740126
5.08479  -0.0020005  -0.00565591  0.00444242  -0.013078  0.0170163  0.00730941
5.0971  -0.00195234  -0.00553856  0.00435949  -0.012854  0.0167917  0.0072184
5.10941  -0.00190532  -0.00542357  0.00427801  -0.0126337  0.0165696  0.00712826
5.12172  -0.0018594  -0.0053109  0.00419797  -0.012417  0.01635  0.00703897
5.13404  -0.00181457  -0.00520052  0.00411934  -0.012204  0.0161329  0.00695055
5.14635  -0.00177079  -0.00509236  0.0040421  -0.0119945  0.0159184  0.006863
5.15866  -0.00172805  -0.0049864  0.00396623  -0.0117884  0.0157063  0.00677631
5.17097  -0.00168633  -0.00488259  0.00389171  -0.0115858  0.0154968  0.0066905
5.18328  -0.00164559  -0.00478089  0.00381852  -0.0113866  0.0152897  0.00660556
5.19559  -0.00160581  -0.00468126  0.00374664  -0.0111908  0.015085  0.00652149
5.20791  -0.00156699  -0.00458366  0.00367605  -0.0109982  0.0148828  0.00643829
5.22022  -0.00152908  -0.00448805  0.00360672  -0.0108088  0.014683  0.00635596
5.23253  -0.00149208  -0.00439439  0.00353864  -0.0106227  0.0144856  0.00627451
5.24484  -0.00145595  -0.00430265  0.0034718  -0.0104396  0.0142905  0.00619392
5.25715  -0.00142069  -0.00421279  0.00340616  -0.0102597  0.0140979  0.0061142
5.26947  -0.00138627  -0.00412476  0.00334171  -0.0100828  0.0139076  0.00603535
5.28178  -0.00135267  -0.00403855  0.00327843  -0.00990889  0.0137196  0.00595736
5.29409  -0.00131987  -0.0039541  0.0032163  -0.00973793  0.0135339  0.00588023
5.3064  -0.00128785  -0.00387139  0.0031553  -0.00956987  0.0133506  0.00580396
5.31871  -0.00125661  -0.00379039  0.00309542  -0.00940467  0.0131695  0.00572854
5.33102  -0.00122611  -0.00371105  0.00303663  -0.00924228  0.0129907  0.00565397
5.34334  -0.00119634  -0.00363335  0.00297892  -0.00908265  0.0128141  0.00558025
5.35565  -0.00116728  -0.00355725  0.00292227  -0.00892574  0.0126397  0.00550737
5.36796  -0.00113892  -0.00348272  0.00286667  -0.00877151  0.0124675  0.00543533
5.38027  -0.00111124  -0.00340973  0.00281208  -0.00861991  0.0122975  0.00536412
5.39258  -0.00108423  -0.00333825  0.00275851  -0.0084709  0.0121297  0.00529375
5.4049  -0.00105787  -0.00326825  0.00270592  -0.00832445  0.011964  0.00522419
5.41721  -0.00103214  -0.0031997  0.00265431  -0.0081805  0.0118004  0.00515545
5.42952  -0.00100703  -0.00313258  0.00260365  -0.00803902  0.0116389  0.00508753
5.44183  -0.000982525  -0.00306684  0.00255393  -0.00789997  0.0114795  0.00502041
5.45414  -0.00095861  -0.00300247  0.00250514  -0.0077633  0.0113221  0.00495409
5.46645  -0.000935272  -0.00293944  0.00245725  -0.00762898  0.0111668  0.00488857
5.47877  -0.000912497  -0.00287771  0.00241026  -0.00749698  0.0110134  0.00482384
5.49108  -0.000890271  -0.00281728  0.00236414  -0.00736724  0.0108621  0.0047599
5.50339  -0.000868582  -0.00275809  0.00231889  -0.00723974  0.0107128  0.00469673
5.5157  -0.000847417  -0.00270014  0.00227448  -0.00711444  0.0105653  0.00463433
5.52801  -0.000826764  -0.0026434  0.0022309  -0.00699129  0.0104199  0.00457269
5.54033  -0.00080661  -0.00258784  0.00218814  -0.00687027  0.0102763  0.00451182
5.55264  -0.000786944  -0.00253344  0.00214618  -0.00675134  0.0101346  0.00445169
5.56495  -0.000767753  -0.00248018  0.00210501  -0.00663447  0.00999481  0.00439231
5.57726  -0.000749027  -0.00242803  0.00206461  -0.00651961  0.00985684  0.00433367
5.58957  -0.000730755  -0.00237696  0.00202497  -0.00640674  0.0097207  0.00427576
5.60188  -0.000712926  -0.00232697  0.00198608  -0.00629583  0.00958636  0.00421858
5.6142  -0.000695528  -0.00227801  0.00194792  -0.00618683  0.00945381  0.00416211
5.62651  -0.000678553  -0.00223009  0.00191049  -0.00607972  0.00932302  0.00410636
5.63882  -0.000661989  -0.00218316  0.00187376  -0.00597447  0.00919398  0.0040513
5.65113  -0.000645828  -0.00213722  0.00183772  -0.00587104  0.00906666  0.00399695
5.66344  -0.000630058  -0.00209224  0.00180237  -0.0057694  0.00894104  0.00394328
5.67576  -0.000614672  -0.0020482  0.00176768  -0.00566952  0.00881711  0.0038903
5.68807  -0.000599659  -0.00200509  0.00173365  -0.00557138  0.00869484  0.003838
5.70038  -0.000585012  -0.00196287  0.00170027  -0.00547494  0.00857422  0.00378636
5.71269  -0.00057072  -0.00192155  0.00166752  -0.00538018  0.00845521  0.00373539
5.725  -0.000556775  -0.00188109  0.00163539  -0.00528706  0.00833782  0.00368507
5.73731  -0.00054317  -0.00184148  0.00160388  -0.00519556  0.008222  0.0036354
5.74963  -0.000529896  -0.0018027  0.00157296  -0.00510564  0.00810776  0.00358637
5.76194  -0.000516945  -0.00176473  0.00154263  -0.0050173  0.00799506  0.00353798
5.77425  -0.000504309  -0.00172757  0.00151288  -0.00493048  0.00788389  0.00349021
5.78656  -0.00049198  -0.00169118  0.00148369  -0.00484518  0.00777422  0.00344306
5.79887  -0.000479952  -0.00165556  0.00145506  -0.00476135  0.00766605  0.00339653
5.81119  -0.000468217  -0.00162068  0.00142698  -0.00467899  0.00755935  0.0033506
5.8235  -0.000456768  -0.00158654  0.00139943  -0.00459806  0.0074541  0.00330528
5.83581  -0.000445597  -0.00155312  0.00137241  -0.00451854  0.00735029  0.00326054
5.84812  -0.000434699  -0.0015204  0.00134591  -0.0044404  0.00724789  0.0032164
5.86043  -0.000424067  -0.00148836  0.00131991  -0.00436362  0.00714689  0.00317283
5.87274  -0.000413694  -0.00145701  0.00129441  -0.00428817  0.00704728  0.00312983
5.88506  -0.000403574  -0.00142631  0.0012694  -0.00421404  0.00694903  0.0030874
5.89737  -0.0003937  -0.00139626  0.00124486  -0.0041412  0.00685212  0.00304553
5.90968  -0.000384068  -0.00136684  0.0012208  -0.00406963  0.00675654  0.00300422
5.92199  -0.00037467  -0.00133804  0.0011972  -0.0039993  0.00666228  0.00296345
5.9343  -0.000365502  -0.00130984  0.00117405  -0.0039302  0.00656931  0.00292322
5.94662  -0.000356558  -0.00128224  0.00115134  -0.0038623  0.00647762  0.00288352
5.95893  -0.000347832  -0.00125522  0.00112907  -0.00379558  0.00638719  0.00284435
5.97124  -0.000339319  -0.00122877  0.00110723  -0.00373003  0.006298  0.0028057
5.98355  -0.000331014  -0.00120288  0.0010858  -0.00366562  0.00621005  0.00276756
5.99586  -0.000322912  -0.00117753  0.00106479  -0.00360232  0.0061233  0.00272994
6.00817  -0.000315008  -0.00115272  0.00104418  -0.00354014  0.00603776  0.00269281
6.02049  -0.000307297  -0.00112843  0.00102397  -0.00347903  0.00595339  0.00265618
6.0328  -0.000299774  -0.00110465  0.00100415  -0.00341899  0.0058702  0.00262004
6.04511  -0.000292435  -0.00108137  0.000984704  -0.00335999  0.00578815  0.00258438
6.05742  -0.000285276  -0.00105859  0.000965635  -0.00330202  0.00570723  0.0025492
6.06973  -0.000278291  -0.00103628  0.000946934  -0.00324506  0.00562744  0.00251449
6.08205  -0.000271477  -0.00101445  0.000928592  -0.00318909  0.00554875  0.00248025
6.09436  -0.00026483  -0.000993071  0.000910604  -0.00313409  0.00547116  0.00244646
6.10667  -0.000258345  -0.000972147  0.000892963  -0.00308006  0.00539464  0.00241313
6.11898  -0.000252019  -0.000951663  0.000875661  -0.00302696  0.00531918  0.00238025
6.13129  -0.000245848  -0.000931612  0.000858693  -0.00297479  0.00524476  0.00234781
6.1436  -0.000239827  -0.000911984  0.000842051  -0.00292352  0.00517139  0.00231581
6.15592  -0.000233954  -0.000892769  0.000825731  -0.00287315  0.00509903  0.00228424
6.16823  -0.000228225  -0.00087396  0.000809726  -0.00282365  0.00502767  0.00225309
6.18054  -0.000222635  -0.000855548  0.000794029  -0.00277502  0.00495731  0.00222236
6.19285  -0.000217183  -0.000837524  0.000778635  -0.00272723  0.00488793  0.00219205
6.20516  -0.000211863  -0.00081988  0.000763539  -0.00268027  0.00481951  0.00216215
6.21748  -0.000206674  -0.000802609  0.000748734  -0.00263413  0.00475205  0.00213265
6.22979  -0.000201612  -0.000785702  0.000734215  -0.0025888  0.00468553  0.00210356
6.2421  -0.000196674  -0.000769151  0.000719976  -0.00254425  0.00461993  0.00207485
6.25441  -0.000191857  -0.00075295  0.000706012  -0.00250047  0.00455524  0.00204654
6.26672  -0.000187157  -0.000737091  0.000692318  -0.00245746  0.00449146  0.0020186
6.27903  -0.000182573  -0.000721566  0.000678889  -0.00241519  0.00442857  0.00199105
6.29135  -0.000178101  -0.000706369  0.000665719  -0.00237366  0.00436656  0.00196387
6.30366  -0.000173738  -0.000691492  0.000652804  -0.00233285  0.00430541  0.00193706
6.31597  -0.000169482  -0.000676929  0.000640139  -0.00229275  0.00424511  0.00191061
6.32828  -0.00016533  -0.000662674  0.000627718  -0.00225335  0.00418566  0.00188452
6.34059  -0.00016128  -0.000648719  0.000615538  -0.00221463  0.00412704  0.00185879
6.35291  -0.000157329  -0.000635059  0.000603594  -0.00217658  0.00406923  0.00183341
6.36522  -0.000153475  -0.000621687  0.00059188  -0.0021392  0.00401224  0.00180837
6.37753  -0.000149715  -0.000608597  0.000580393  -0.00210246  0.00395604  0.00178367
6.38984  -0.000146048  -0.000595783  0.000569129  -0.00206636  0.00390063  0.00175931
6.40215  -0.00014247  -0.000583239  0.000558083  -0.00203089  0.00384599  0.00173528
6.41446  -0.00013898  -0.000570961  0.00054725  -0.00199603  0.00379212  0.00171158
6.42678  -0.000135575  -0.000558941  0.000536627  -0.00196178  0.003739  0.0016882
6.43909  -0.000132253  -0.000547175  0.00052621  -0.00192812  0.00368662  0.00166514
6.4514  -0.000129013  -0.000535657  0.000515995  -0.00189505  0.00363498  0.00164239
6.46371  -0.000125853  -0.000524382  0.000505977  -0.00186255  0.00358406  0.00161996
6.47602  -0.00012277  -0.000513345  0.000496154  -0.00183061  0.00353385  0.00159783
6.48834  -0.000119762  -0.000502541  0.000486521  -0.00179923  0.00348434  0.001576
6.50065  -0.000116828  -0.000491964  0.000477075  -0.00176839  0.00343553  0.00155447
6.51296  -0.000113966  -0.000481611  0.000467811  -0.00173809  0.00338741  0.00153324
6.52527  -0.000111174  -0.000471476  0.000458727  -0.00170831  0.00333996  0.00151229
6.53758  -0.00010845  -0.000461555  0.000449819  -0.00167905  0.00329317  0.00149163
6.54989  -0.000105793  -0.000451844  0.000441084  -0.00165029  0.00324704  0.00147125
6.56221  -0.000103201  -0.000442337  0.000432518  -0.00162203  0.00320155  0.00145116
6.57452  -0.000100673  -0.00043303  0.000424119  -0.00159426  0.00315671  0.00143133
6.58683  -9.82064e-05  -0.00042392  0.000415882  -0.00156697  0.00311249  0.00141178
6.59914  -9.58004e-05  -0.000415002  0.000407805  -0.00154016  0.00306889  0.0013925
6.61145  -9.34534e-05  -0.000406272  0.000399884  -0.00151381  0.0030259  0.00137347
6.62377  -9.11639e-05  -0.000397726  0.000392117  -0.00148791  0.00298352  0.00135471
6.63608  -8.89305e-05  -0.000389361  0.000384501  -0.00146246  0.00294173  0.00133621
6.64839  -8.67518e-05  -0.000381172  0.000377033  -0.00143746  0.00290053  0.00131796
6.6607  -8.46265e-05  -0.000373155  0.000369709  -0.00141288  0.00285991  0.00129996
6.67301  -8.25532e-05  -0.000365308  0.000362527  -0.00138873  0.00281985  0.0012822
6.68532  -8.05308e-05  -0.000357626  0.000355485  -0.001365  0.00278036  0.00126469
6.69764  -7.85579e-05  -0.000350106  0.00034858  -0.00134167  0.00274143  0.00124742
6.70995  -7.66333e-05  -0.000342744  0.000341808  -0.00131875  0.00270304  0.00123039
6.72226  -7.4756e-05  -0.000335538  0.000335168  -0.00129623  0.00266518  0.00121359
6.73457  -7.29246e-05  -0.000328483  0.000328656  -0.0012741  0.00262786  0.00119702
6.74688  -7.11381e-05  -0.000321577  0.000322272  -0.00125234  0.00259107  0.00118068
6.7592  -6.93953e-05  -0.000314817  0.000316011  -0.00123097  0.00255479  0.00116456
6.77151  -6.76953e-05  -0.0003082  0.000309871  -0.00120996  0.00251902  0.00114866
6.78382  -6.60369e-05  -0.000301721  0.000303851  -0.00118931  0.00248375  0.00113298
6.79613  -6.44192e-05  -0.00029538  0.000297947  -0.00116902  0.00244898  0.00111751
6.80844  -6.28411e-05  -0.000289172  0.000292158  -0.00114908  0.0024147  0.00110226
6.82075  -6.13017e-05  -0.000283094  0.000286482  -0.00112949  0.0023809  0.00108722
6.83307  -5.98e-05  -0.000277145  0.000280916  -0.00111023  0.00234757  0.00107238
6.84538  -5.83351e-05  -0.000271321  0.000275458  -0.00109131  0.00231472  0.00105775
6.85769  -5.69061e-05  -0.00026562  0.000270105  -0.00107271  0.00228232  0.00104332
6.87  -5.55121e-05  -0.000260039  0.000264857  -0.00105443  0.00225038  0.00102909
6.88231  -5.41522e-05  -0.000254576  0.000259711  -0.00103646  0.00221889  0.00101505
6.89463  -5.28257e-05  -0.000249228  0.000254664  -0.00101881  0.00218784  0.0010012
6.90694  -5.15317e-05  -0.000243992  0.000249716  -0.00100146  0.00215723  0.000987547
6.91925  -5.02694e-05  -0.000238866  0.000244864  -0.000984409  0.00212704  0.00097408
6.93156  -4.90381e-05  -0.000233849  0.000240106  -0.000967651  0.00209729  0.000960798
6.94387  -4.78369e-05  -0.000228937  0.00023544  -0.000951182  0.00206795  0.000947698
6.95618  -4.66651e-05  -0.000224129  0.000230865  -0.000934996  0.00203902  0.000934779
6.9685  -4.55221e-05  -0.000219422  0.000226379  -0.000919088  0.0020105  0.000922037
6.98081  -4.4407e-05  -0.000214814  0.00022198  -0.000903454  0.00198238  0.00090947
6.99312  -4.33193e-05  -0.000210303  0.000217667  -0.00088809  0.00195466  0.000897077
7.00543  -4.22583e-05  -0.000205887  0.000213437  -0.000872989  0.00192732  0.000884853
7.01774  -4.12232e-05  -0.000201564  0.000209289  -0.000858148  0.00190037  0.000872798
7.03006  -4.02135e-05  -0.000197332  0.000205222  -0.000843562  0.0018738  0.000860909
7.04237  -3.92286e-05  -0.00019319  0.000201235  -0.000829227  0.00184761  0.000849184
7.05468  -3.82677e-05  -0.000189134  0.000197324  -0.000815138  0.00182178  0.000837619
7.06699  -3.73305e-05  -0.000185164  0.00019349  -0.000801291  0.00179631  0.000826214
7.0793  -3.64162e-05  -0.000181277  0.00018973  -0.000787682  0.00177121  0.000814966
7.09161  -3.55242e-05  -0.000177472  0.000186043  -0.000774307  0.00174646  0.000803873
7.10393  -3.46542e-05  -0.000173747  0.000182428  -0.000761161  0.00172205  0.000792933
7.11624  -3.38055e-05  -0.000170101  0.000178883  -0.000748241  0.00169799  0.000782143
7.12855  -3.29775e-05  -0.000166531  0.000175406  -0.000735543  0.00167427  0.000771502
7.14086  -3.21699e-05  -0.000163037  0.000171998  -0.000723063  0.00165088  0.000761008
7.15317  -3.1382e-05  -0.000159616  0.000168656  -0.000710797  0.00162782  0.000750658
7.16549  -3.06135e-05  -0.000156267  0.000165378  -0.000698741  0.00160508  0.000740451
7.1778  -2.98637e-05  -0.000152988  0.000162165  -0.000686892  0.00158267  0.000730384
7.19011  -2.91324e-05  -0.000149779  0.000159014  -0.000675246  0.00156057  0.000720457
7.20242  -2.84189e-05  -0.000146637  0.000155924  -0.0006638  0.00153878  0.000710666
7.21473  -2.7723e-05  -0.000143561  0.000152894  -0.00065255  0.0015173  0.00070101
7.22704  -2.70441e-05  -0.000140549  0.000149923  -0.000641493  0.00149612  0.000691488
7.23936  -2.63818e-05  -0.000137601  0.00014701  -0.000630625  0.00147524  0.000682097
7.25167  -2.57357e-05  -0.000134715  0.000144153  -0.000619944  0.00145466  0.000672835
7.26398  -2.51055e-05  -0.00013189  0.000141352  -0.000609445  0.00143436  0.000663701
7.27629  -2.44908e-05  -0.000129124  0.000138606  -0.000599127  0.00141435  0.000654694
7.2886  -2.3891e-05  -0.000126417  0.000135913  -0.000588985  0.00139462  0.000645811
7.30092  -2.3306e-05  -0.000123766  0.000133272  -0.000579016  0.00137517  0.00063705
7.31323  -2.27353e-05  -0.000121171  0.000130682  -0.000569219  0.00135599  0.00062841
7.32554  -2.21786e-05  -0.000118631  0.000128143  -0.000559589  0.00133709  0.00061989
7.33785  -2.16356e-05  -0.000116144  0.000125654  -0.000550123  0.00131845  0.000611488
7.35016  -2.11058e-05  -0.000113709  0.000123212  -0.00054082  0.00130007  0.000603201
7.36247  -2.0589e-05  -0.000111325  0.000120818  -0.000531676  0.00128195  0.00059503
7.37479  -2.00849e-05  -0.000108992  0.000118471  -0.000522688  0.00126409  0.000586971
7.3871  -1.95931e-05  -0.000106708  0.00011617  -0.000513854  0.00124648  0.000579023
7.39941  -1.91134e-05  -0.000104471  0.000113913  -0.000505171  0.00122911  0.000571186
7.41172  -1.86454e-05  -0.000102282  0.0001117  -0.000496637  0.001212  0.000563457
7.42403  -1.81889e-05  -0.000100139  0.00010953  -0.000488248  0.00119512  0.000555835
7.43635  -1.77436e-05  -9.80404e-05  0.000107402  -0.000480003  0.00117848  0.000548319
7.44866  -1.73092e-05  -9.59862e-05  0.000105316  -0.000471898  0.00116208  0.000540906
7.46097  -1.68854e-05  -9.39752e-05  0.00010327  -0.000463932  0.0011459  0.000533597
7.47328  -1.6472e-05  -9.20064e-05  0.000101264  -0.000456102  0.00112996  0.000526389
7.48559  -1.60687e-05  -9.0079e-05  9.92972e-05  -0.000448406  0.00111424  0.00051928
7.4979  -1.56753e-05  -8.81921e-05  9.73685e-05  -0.000440842  0.00109874  0.00051227
7.51022  -1.52916e-05  -8.63449e-05  9.54774e-05  -0.000433406  0.00108347  0.000505358
7.52253  -1.49172e-05  -8.45364e-05  9.36231e-05  -0.000426098  0.0010684  0.000498541
7.53484  -1.45521e-05  -8.2766e-05  9.18048e-05  -0.000418914  0.00105355  0.000491819
7.54715  -1.41958e-05  -8.10328e-05  9.00219e-05  -0.000411853  0.00103891  0.00048519
7.55946  -1.38483e-05  -7.93359e-05  8.82738e-05  -0.000404912  0.00102448  0.000478653
7.57178  -1.35093e-05  -7.76747e-05  8.65596e-05  -0.00039809  0.00101025  0.000472207
7.58409  -1.31786e-05  -7.60485e-05  8.48788e-05  -0.000391384  0.00099622  0.000465851
7.5964  -1.28561e-05  -7.44563e-05  8.32307e-05  -0.000384793  0.00098239  0.000459583
7.60871  -1.25414e-05  -7.28976e-05  8.16147e-05  -0.000378314  0.000968755  0.000453402
7.62102  -1.22344e-05  -7.13717e-05  8.00302e-05  -0.000371945  0.000955312  0.000447308
7.63333  -1.19349e-05  -6.98778e-05  7.84765e-05  -0.000365685  0.00094206  0.000441298
7.64565  -1.16428e-05  -6.84153e-05  7.69531e-05  -0.000359532  0.000928996  0.000435372
7.65796  -1.13578e-05  -6.69834e-05  7.54593e-05  -0.000353484  0.000916116  0.000429528
7.67027  -1.10799e-05  -6.55817e-05  7.39946e-05  -0.000347539  0.000903418  0.000423766
7.68258  -1.08087e-05  -6.42094e-05  7.25584e-05  -0.000341696  0.000890901  0.000418084
7.69489  -1.05441e-05  -6.28659e-05  7.11501e-05  -0.000335952  0.00087856  0.000412481
7.70721  -1.02861e-05  -6.15507e-05  6.97694e-05  -0.000330305  0.000866394  0.000406957
7.71952  -1.00344e-05  -6.0263e-05  6.84154e-05  -0.000324755  0.0008544  0.00040151
7.73183  -9.78879e-06  -5.90024e-05  6.70879e-05  -0.0003193  0.000842577  0.000396139
7.74414  -9.54924e-06  -5.77683e-05  6.57862e-05  -0.000313938  0.000830921  0.000390843
7.75645  -9.31555e-06  -5.656e-05  6.45099e-05  -0.000308667  0.00081943  0.000385621
7.76876  -9.08759e-06  -5.53772e-05  6.32585e-05  -0.000303486  0.000808102  0.000380472
7.78108  -8.86521e-06  -5.42191e-05  6.20314e-05  -0.000298393  0.000796934  0.000375396
7.79339  -8.64829e-06  -5.30854e-05  6.08282e-05  -0.000293387  0.000785925  0.00037039
7.8057  -8.43667e-06  -5.19755e-05  5.96485e-05  -0.000288466  0.000775073  0.000365455
7.81801  -8.23024e-06  -5.08889e-05  5.84918e-05  -0.000283629  0.000764374  0.000360589
7.83032  -8.02886e-06  -4.98252e-05  5.73576e-05  -0.000278874  0.000753827  0.000355791
7.84264  -7.83242e-06  -4.87837e-05  5.62456e-05  -0.0002742  0.000743431  0.000351061
7.85495  -7.64079e-06  -4.77641e-05  5.51552e-05  -0.000269606  0.000733181  0.000346397
7.86726  -7.45386e-06  -4.67659e-05  5.40861e-05  -0.000265091  0.000723078  0.000341799
7.87957  -7.2715e-06  -4.57887e-05  5.30378e-05  -0.000260652  0.000713118  0.000337265
7.89188  -7.09361e-06  -4.4832e-05  5.201e-05  -0.000256288  0.0007033  0.000332796
7.90419  -6.92008e-06  -4.38954e-05  5.10022e-05  -0.000251999  0.000693622  0.000328389
7.91651  -6.7508e-06  -4.29785e-05  5.00141e-05  -0.000247783  0.000684081  0.000324045
7.92882  -6.58566e-06  -4.20808e-05  4.90453e-05  -0.000243639  0.000674677  0.000319762
7.94113  -6.42458e-06  -4.12019e-05  4.80953e-05  -0.000239566  0.000665406  0.000315539
7.95344  -6.26743e-06  -4.03415e-05  4.71639e-05  -0.000235562  0.000656268  0.000311377
7.96575  -6.11414e-06  -3.94992e-05  4.62507e-05  -0.000231626  0.00064726  0.000307273
7.97807  -5.96461e-06  -3.86745e-05  4.53553e-05  -0.000227757  0.00063838  0.000303228
7.99038  -5.81873e-06  -3.78672e-05  4.44774e-05  -0.000223954  0.000629627  0.000299239
8.00269  -5.67644e-06  -3.70768e-05  4.36167e-05  -0.000220215  0.000620999  0.000295308
8.015  -5.53762e-06  -3.63031e-05  4.27727e-05  -0.000216541  0.000612495  0.000291432
8.02731  -5.40221e-06  -3.55455e-05  4.19453e-05  -0.000212929  0.000604112  0.000287612
8.03962  -5.27012e-06  -3.48039e-05  4.1134e-05  -0.000209378  0.000595849  0.000283846
8.05194  -5.14126e-06  -3.40779e-05  4.03386e-05  -0.000205888  0.000587705  0.000280134
8.06425  -5.01556e-06  -3.33671e-05  3.95587e-05  -0.000202458  0.000579677  0.000276474
8.07656  -4.89295e-06  -3.26712e-05  3.87941e-05  -0.000199086  0.000571764  0.000272868
8.08887  -4.77333e-06  -3.199e-05  3.80444e-05  -0.000195771  0.000563964  0.000269312
8.10118  -4.65665e-06  -3.13231e-05  3.73094e-05  -0.000192513  0.000556277  0.000265808
8.1135  -4.54283e-06  -3.06701e-05  3.65888e-05  -0.000189311  0.0005487  0.000262354
8.12581  -4.43179e-06  -3.00309e-05  3.58823e-05  -0.000186163  0.000541232  0.000258949
8.13812  -4.32348e-06  -2.94052e-05  3.51896e-05  -0.000183068  0.000533871  0.000255594
8.15043  -4.21783e-06  -2.87925e-05  3.45105e-05  -0.000180027  0.000526616  0.000252287
8.16274  -4.11476e-06  -2.81928e-05  3.38447e-05  -0.000177037  0.000519466  0.000249027
8.17505  -4.01422e-06  -2.76056e-05  3.31919e-05  -0.000174099  0.000512418  0.000245815
8.18737  -3.91614e-06  -2.70308e-05  3.2552e-05  -0.00017121  0.000505473  0.000242649
8.19968  -3.82047e-06  -2.64681e-05  3.19245e-05  -0.000168371  0.000498627  0.000239529
8.21199  -3.72715e-06  -2.59172e-05  3.13094e-05  -0.00016558  0.000491881  0.000236455
8.2243  -3.63611e-06  -2.53779e-05  3.07064e-05  -0.000162837  0.000485232  0.000233425
8.23661  -3.54731e-06  -2.485e-05  3.01152e-05  -0.000160141  0.000478679  0.000230439
8.24893  -3.46068e-06  -2.43331e-05  2.95356e-05  -0.000157491  0.000472221  0.000227497
8.26124  -3.37618e-06  -2.38271e-05  2.89674e-05  -0.000154886  0.000465857  0.000224598
8.27355  -3.29375e-06  -2.33318e-05  2.84103e-05  -0.000152325  0.000459586  0.000221741
8.28586  -3.21334e-06  -2.28469e-05  2.78642e-05  -0.000149809  0.000453405  0.000218926
8.29817  -3.13491e-06  -2.23722e-05  2.73289e-05  -0.000147335  0.000447314  0.000216153
8.31048  -3.0584e-06  -2.19075e-05  2.68041e-05  -0.000144904  0.000441312  0.00021342
8.3228  -2.98376e-06  -2.14526e-05  2.62896e-05  -0.000142514  0.000435398  0.000210728
8.33511  -2.91096e-06  -2.10072e-05  2.57853e-05  -0.000140166  0.000429569  0.000208075
8.34742  -2.83995e-06  -2.05712e-05  2.52909e-05  -0.000137857  0.000423826  0.000205462
8.35973  -2.77068e-06  -2.01445e-05  2.48062e-05  -0.000135588  0.000418167  0.000202888
8.37204  -2.70311e-06  -1.97267e-05  2.43311e-05  -0.000133358  0.000412591  0.000200352
8.38436  -2.6372e-06  -1.93177e-05  2.38654e-05  -0.000131166  0.000407097  0.000197854
8.39667  -2.57291e-06  -1.89173e-05  2.34089e-05  -0.000129012  0.000401683  0.000195393
8.40898  -2.51019e-06  -1.85254e-05  2.29614e-05  -0.000126895  0.000396349  0.000192969
8.42129  -2.44902e-06  -1.81418e-05  2.25228e-05  -0.000124814  0.000391093  0.000190582
8.4336  -2.38935e-06  -1.77662e-05  2.20928e-05  -0.000122769  0.000385915  0.00018823
8.44591  -2.33115e-06  -1.73986e-05  2.16714e-05  -0.000120759  0.000380813  0.000185915
8.45823  -2.27438e-06  -1.70388e-05  2.12583e-05  -0.000118783  0.000375787  0.000183634
8.47054  -2.219e-06  -1.66865e-05  2.08534e-05  -0.000116842  0.000370835  0.000181388
8.48285  -2.16499e-06  -1.63417e-05  2.04566e-05  -0.000114934  0.000365957  0.000179176
8.49516  -2.1123e-06  -1.60042e-05  2.00676e-05  -0.000113058  0.000361151  0.000176998
8.50747  -2.06091e-06  -1.56738e-05  1.96864e-05  -0.000111216  0.000356417  0.000174853
8.51979  -2.01079e-06  -1.53504e-05  1.93128e-05  -0.000109405  0.000351753  0.000172742
8.5321  -1.9619e-06  -1.50339e-05  1.89466e-05  -0.000107625  0.000347159  0.000170663
8.54441  -1.91421e-06  -1.47241e-05  1.85877e-05  -0.000105876  0.000342634  0.000168616
8.55672  -1.8677e-06  -1.44208e-05  1.8236e-05  -0.000104157  0.000338176  0.000166601
8.56903  -1.82234e-06  -1.4124e-05  1.78913e-05  -0.000102468  0.000333786  0.000164618
8.58134  -1.77809e-06  -1.38334e-05  1.75536e-05  -0.000100809  0.000329461  0.000162666
8.59366  -1.73493e-06  -1.35491e-05  1.72225e-05  -9.91777e-05  0.000325202  0.000160744
8.60597  -1.69284e-06  -1.32707e-05  1.68982e-05  -9.7575e-05  0.000321007  0.000158852
8.61828  -1.65179e-06  -1.29983e-05  1.65803e-05  -9.60003e-05  0.000316876  0.000156991
8.63059  -1.61175e-06  -1.27317e-05  1.62688e-05  -9.44529e-05  0.000312807  0.000155159
8.6429  -1.5727e-06  -1.24707e-05  1.59636e-05  -9.29324e-05  0.000308801  0.000153357
8.65522  -1.53461e-06  -1.22154e-05  1.56646e-05  -9.14385e-05  0.000304855  0.000151583
8.66753  -1.49747e-06  -1.19654e-05  1.53716e-05  -8.99706e-05  0.00030097  0.000149838
8.67984  -1.46124e-06  -1.17208e-05  1.50845e-05  -8.85283e-05  0.000297144  0.000148122
8.69215  -1.42591e-06  -1.14814e-05  1.48032e-05  -8.71113e-05  0.000293378  0.000146433
8.70446  -1.39146e-06  -1.12471e-05  1.45277e-05  -8.57191e-05  0.000289669  0.000144772
8.71677  -1.35786e-06  -1.10179e-05  1.42577e-05  -8.43513e-05  0.000286017  0.000143138
8.72909  -1.32509e-06  -1.07935e-05  1.39933e-05  -8.30076e-05  0.000282422  0.000141531
8.7414  -1.29314e-06  -1.05739e-05  1.37342e-05  -8.16874e-05  0.000278883  0.000139951
8.75371  -1.26198e-06  -1.03591e-05  1.34804e-05  -8.03905e-05  0.0002754  0.000138397
8.76602  -1.23159e-06  -1.01489e-05  1.32318e-05  -7.91165e-05  0.00027197  0.00013687
8.77833  -1.20196e-06  -9.94317e-06  1.29884e-05  -7.7865e-05  0.000268595  0.000135368
8.79065  -1.17306e-06  -9.74189e-06  1.27499e-05  -7.66356e-05  0.000265272  0.000133892
8.80296  -1.14489e-06  -9.54494e-06  1.25164e-05  -7.5428e-05  0.000262002  0.00013244
8.81527  -1.11742e-06  -9.35225e-06  1.22876e-05  -7.42419e-05  0.000258784  0.000131014
8.82758  -1.09063e-06  -9.16372e-06  1.20637e-05  -7.30769e-05  0.000255617  0.000129613
8.83989  -1.06451e-06  -8.97927e-06  1.18443e-05  -7.19326e-05  0.000252501  0.000128236
8.8522  -1.03905e-06  -8.79881e-06  1.16296e-05  -7.08088e-05  0.000249435  0.000126883
8.86452  -1.01422e-06  -8.62228e-06  1.14193e-05  -6.9705e-05  0.000246417  0.000125554
8.87683  -9.90012e-07  -8.44958e-06  1.12134e-05  -6.86211e-05  0.000243449  0.000124249
8.88914  -9.66414e-07  -8.28064e-06  1.10118e-05  -6.75566e-05  0.000240529  0.000122967
8.90145  -9.43408e-07  -8.11538e-06  1.08145e-05  -6.65114e-05  0.000237656  0.000121709
8.91376  -9.20981e-07  -7.95374e-06  1.06214e-05  -6.5485e-05  0.00023483  0.000120473
8.92608  -8.99119e-07  -7.79563e-06  1.04323e-05  -6.44771e-05  0.000232051  0.00011926
8.93839  -8.77808e-07  -7.64099e-06  1.02473e-05  -6.34876e-05  0.000229318  0.000118069
8.9507  -8.57036e-07  -7.48976e-06  1.00662e-05  -6.2516e-05  0.00022663  0.000116901
8.96301  -8.36789e-07  -7.34185e-06  9.88901e-06  -6.15622e-05  0.000223986  0.000115755
8.97532  -8.17055e-07  -7.19721e-06  9.71563e-06  -6.06258e-05  0.000221387  0.00011463
8.98763  -7.97823e-07  -7.05577e-06  9.54599e-06  -5.97067e-05  0.000218832  0.000113528
8.99995  -7.7908e-07  -6.91747e-06  9.38003e-06  -5.88044e-05  0.00021632  0.000112446
9.01226  -7.60814e-07  -6.78225e-06  9.21769e-06  -5.79188e-05  0.000213851  0.000111386
9.02457  -7.43015e-07  -6.65004e-06  9.0589e-06  -5.70496e-05  0.000211423  0.000110347
9.03688  -7.25672e-07  -6.52079e-06  8.90361e-06  -5.61965e-05  0.000209038  0.000109328
9.04919  -7.08774e-07  -6.39443e-06  8.75174e-06  -5.53593e-05  0.000206694  0.00010833
9.06151  -6.9231e-07  -6.27092e-06  8.60326e-06  -5.45379e-05  0.000204391  0.000107353
9.07382  -6.76271e-07  -6.1502e-06  8.45808e-06  -5.37318e-05  0.000202128  0.000106395
9.08613  -6.60646e-07  -6.03222e-06  8.31617e-06  -5.29409e-05  0.000199906  0.000105458
9.09844  -6.45427e-07  -5.91691e-06  8.17747e-06  -5.21651e-05  0.000197722  0.000104541
9.11075  -6.30603e-07  -5.80423e-06  8.04192e-06  -5.14039e-05  0.000195578  0.000103643
9.12306  -6.16166e-07  -5.69414e-06  7.90946e-06  -5.06573e-05  0.000193472  0.000102765
9.13538  -6.02107e-07  -5.58657e-06  7.78006e-06  -4.99251e-05  0.000191405  0.000101906
9.14769  -5.88417e-07  -5.48149e-06  7.65366e-06  -4.92069e-05  0.000189375  0.000101066
9.16  -5.75088e-07  -5.37884e-06  7.53021e-06  -4.85026e-05  0.000187383  0.000100245
9.17231  -5.62111e-07  -5.27858e-06  7.40966e-06  -4.7812e-05  0.000185428  9.94435e-05
9.18462  -5.49479e-07  -5.18067e-06  7.29196e-06  -4.7135e-05  0.000183509  9.86604e-05
9.19694  -5.37184e-07  -5.08506e-06  7.17708e-06  -4.64712e-05  0.000181627  9.78959e-05
9.20925  -5.25218e-07  -4.99171e-06  7.06497e-06  -4.58206e-05  0.000179781  9.71498e-05
9.22156  -5.13575e-07  -4.90057e-06  6.95558e-06  -4.51829e-05  0.00017797  9.64219e-05
9.23387  -5.02246e-07  -4.81162e-06  6.84887e-06  -4.45579e-05  0.000176194  9.57123e-05
9.24618  -4.91225e-07  -4.72479e-06  6.7448e-06  -4.39456e-05  0.000174453  9.50206e-05
9.25849  -4.80505e-07  -4.64007e-06  6.64333e-06  -4.33456e-05  0.000172746  9.43468e-05
9.27081  -4.70079e-07  -4.55741e-06  6.54443e-06  -4.27578e-05  0.000171074  9.36908e-05
9.28312  -4.59942e-07  -4.47677e-06  6.44804e-06  -4.21821e-05  0.000169435  9.30524e-05
9.29543  -4.50087e-07  -4.39812e-06  6.35415e-06  -4.16183e-05  0.000167829  9.24315e-05
9.30774  -4.40508e-07  -4.32143e-06  6.2627e-06  -4.10662e-05  0.000166257  9.1828e-05
9.32005  -4.31199e-07  -4.24665e-06  6.17366e-06  -4.05257e-05  0.000164718  9.12418e-05
9.33237  -4.22154e-07  -4.17376e-06  6.08701e-06  -3.99966e-05  0.000163211  9.06727e-05
9.34468  -4.13368e-07  -4.10272e-06  6.0027e-06  -3.94788e-05  0.000161736  9.01207e-05
9.35699  -4.04835e-07  -4.0335e-06  5.92071e-06  -3.89721e-05  0.000160294  8.95856e-05
9.3693  -3.9655e-07  -3.96607e-06  5.841e-06  -3.84763e-05  0.000158883  8.90674e-05
9.38161  -3.88509e-07  -3.9004e-06  5.76354e-06  -3.79914e-05  0.000157503  8.85659e-05
9.39392  -3.80705e-07  -3.83647e-06  5.68831e-06  -3.75172e-05  0.000156154  8.80811e-05
9.40624  -3.73135e-07  -3.77423e-06  5.61527e-06  -3.70536e-05  0.000154836  8.76129e-05
9.41855  -3.65794e-07  -3.71367e-06  5.54439e-06  -3.66003e-05  0.000153549  8.71611e-05
9.43086  -3.58677e-07  -3.65476e-06  5.47565e-06  -3.61574e-05  0.000152292  8.67257e-05
9.44317  -3.51779e-07  -3.59747e-06  5.40902e-06  -3.57247e-05  0.000151065  8.63066e-05
9.45548  -3.45098e-07  -3.54178e-06  5.34447e-06  -3.53019e-05  0.000149868  8.59038e-05
9.4678  -3.38628e-07  -3.48765e-06  5.28199e-06  -3.48891e-05  0.0001487  8.55171e-05
9.48011  -3.32365e-07  -3.43508e-06  5.22154e-06  -3.44862e-05  0.000147562  8.51465e-05
9.49242  -3.26306e-07  -3.38403e-06  5.16311e-06  -3.40929e-05  0.000146453  8.47919e-05
9.50473  -3.20447e-07  -3.33448e-06  5.10667e-06  -3.37092e-05  0.000145373  8.44532e-05
9.51704  -3.14784e-07  -3.28641e-06  5.05219e-06  -3.33349e-05  0.000144321  8.41304e-05
9.52935  -3.09315e-07  -3.23979e-06  4.99967e-06  -3.297e-05  0.000143298  8.38234e-05
9.54167  -3.04035e-07  -3.19462e-06  4.94907e-06  -3.26144e-05  0.000142303  8.35322e-05
9.55398  -2.98941e-07  -3.15086e-06  4.90038e-06  -3.2268e-05  0.000141336  8.32567e-05
9.56629  -2.9403e-07  -3.1085e-06  4.85357e-06  -3.19306e-05  0.000140397  8.29968e-05
9.5786  -2.893e-07  -3.06751e-06  4.80864e-06  -3.16021e-05  0.000139486  8.27525e-05
9.59091  -2.84747e-07  -3.02789e-06  4.76557e-06  -3.12825e-05  0.000138602  8.25238e-05
9.60323  -2.80368e-07  -2.98961e-06  4.72433e-06  -3.09717e-05  0.000137746  8.23106e-05
9.61554  -2.76161e-07  -2.95265e-06  4.68491e-06  -3.06696e-05  0.000136917  8.21128e-05
9.62785  -2.72124e-07  -2.917e-06  4.6473e-06  -3.03761e-05  0.000136114  8.19305e-05
9.64016  -2.68253e-07  -2.88265e-06  4.61148e-06  -3.00911e-05  0.000135339  8.17635e-05
9.65247  -2.64546e-07  -2.84957e-06  4.57744e-06  -2.98146e-05  0.00013459  8.1612e-05
9.66478  -2.61002e-07  -2.81776e-06  4.54516e-06  -2.95464e-05  0.000133868  8.14757e-05
9.6771  -2.57618e-07  -2.7872e-06  4.51463e-06  -2.92865e-05  0.000133172  8.13548e-05
9.68941  -2.54391e-07  -2.75787e-06  4.48585e-06  -2.90348e-05  0.000132502  8.12491e-05
9.70172  -2.5132e-07  -2.72976e-06  4.45879e-06  -2.87912e-05  0.000131859  8.11587e-05
9.71403  -2.48404e-07  -2.70287e-06  4.43346e-06  -2.85557e-05  0.000131241  8.10836e-05
9.72634  -2.45639e-07  -2.67717e-06  4.40983e-06  -2.83282e-05  0.00013065  8.10237e-05
9.73866  -2.43025e-07  -2.65265e-06  4.3879e-06  -2.81086e-05  0.000130084  8.0979e-05
9.75097  -2.4056e-07  -2.62932e-06  4.36767e-06  -2.78969e-05  0.000129544  8.09495e-05
9.76328  -2.38242e-07  -2.60714e-06  4.34912e-06  -2.7693e-05  0.000129029  8.09352e-05
9.77559  -2.36071e-07  -2.58613e-06  4.33224e-06  -2.74969e-05  0.00012854  8.09361e-05
9.7879  -2.34043e-07  -2.56626e-06  4.31704e-06  -2.73084e-05  0.000128076  8.09523e-05
9.80021  -2.3216e-07  -2.54752e-06  4.3035e-06  -2.71276e-05  0.000127637  8.09836e-05
9.81253  -2.30418e-07  -2.52991e-06  4.29162e-06  -2.69544e-05  0.000127224  8.10301e-05
9.82484  -2.28818e-07  -2.51343e-06  4.28139e-06  -2.67887e-05  0.000126835  8.10918e-05
9.83715  -2.27358e-07  -2.49806e-06  4.27282e-06  -2.66305e-05  0.000126472  8.11688e-05
9.84946  -2.26037e-07  -2.48379e-06  4.26589e-06  -2.64798e-05  0.000126133  8.1261e-05
