-8.3685  4.69194  0
-8.2715  4.70871  0
-8.44005  4.70761  0
-8.29626  4.70955  0
-8.22617  4.70228  0
-8.33409  4.69687  0
-8.25307  4.71349  0
-8.30801  4.69903  0
-8.28063  4.69712  0
-8.36407  4.7066  0
-8.40552  4.69572  0
-8.33236  4.70497  0
-8.34267  4.70727  0
-8.30772  4.69314  0
-8.40699  4.70592  0
-8.38486  4.70671  0
-8.30142  4.7017  0
-8.35418  4.69782  0
-8.28096  4.7006  0
-8.33321  4.70024  0
-8.21011  4.70519  0
-8.33764  4.69383  0
-8.47544  4.70429  0
-8.453  4.69664  0
-8.30603  4.6937  0
-8.28081  4.69558  0
-8.34476  4.69222  0
-8.46135  4.71068  0
-8.3041  4.70274  0
-8.3579  4.70026  0
-8.3642  4.70614  0
-8.31877  4.70511  0
-8.36289  4.70907  0
-8.39569  4.70218  0
-8.43295  4.68497  0
-8.44609  4.71698  0
-8.48485  4.69569  0
-8.38414  4.70132  0
-8.26332  4.70047  0
-8.30837  4.70211  0
-8.31708  4.69707  0
-8.34047  4.6883  0
-8.33516  4.69942  0
-8.34628  4.6956  0
-8.34759  4.71358  0
-8.36748  4.70398  0
-8.31594  4.69744  0
-8.23131  4.69392  0
-8.26507  4.70656  0
-8.40523  4.70478  0
