-8.39033  4.70031  0
-8.23699  4.70757  0
-8.38264  4.69833  0
-8.38626  4.70854  0
-8.29211  4.70085  0
-8.29088  4.70236  0
-8.37109  4.70722  0
-8.36658  4.70484  0
-8.3563  4.69993  0
-8.3025  4.70147  0
-8.41816  4.71279  0
-8.41521  4.70131  0
-8.33795  4.71768  0
-8.285  4.708  0
-8.38352  4.70125  0
-8.35493  4.69551  0
-8.30851  4.70864  0
-8.34826  4.69752  0
-8.36627  4.70772  0
-8.34167  4.70538  0
-8.3376  4.70414  0
-8.32912  4.70876  0
-8.34788  4.71196  0
-8.3046  4.71231  0
-8.32902  4.70616  0
-8.33624  4.69963  0
-8.41603  4.69358  0
-8.3822  4.70431  0
-8.44938  4.69275  0
-8.38698  4.68971  0
-8.36324  4.70748  0
-8.39367  4.70146  0
-8.33606  4.71462  0
-8.3534  4.71922  0
-8.42407  4.69742  0
-8.34156  4.71374  0
-8.3524  4.70066  0
-8.25102  4.70326  0
-8.41522  4.70229  0
-8.3599  4.69664  0
-8.38678  4.70796  0
-8.43045  4.69552  0
-8.33707  4.69975  0
-8.39714  4.69963  0
-8.40162  4.69858  0
-8.35448  4.71228  0
-8.43707  4.68833  0
-8.31575  4.70843  0
-8.3113  4.70674  0
-8.33624  4.70974  0
