-57.6697  0  0  0.5  1  1  1s1;2
-49.4354  0  1  1.5  2  1  1p3;2
-48.6574  0  1  0.5  -1  1  1p1;2
-39.5512  0  2  2.5  3  1  1d5;2
-37.4111  0  2  1.5  -2  1  1d3;2
-33.2013  1  0  0.5  1  1  2s1;2
-28.7785  0  3  3.5  4  1  1f7;2
-24.7682  0  3  2.5  -3  1  1f5;2
-20.8812  1  1  1.5  2  1  2p3;2
-19.6621  1  1  0.5  -1  1  2p1;2
-17.7195  0  4  4.5  5  1  1g9;2
-11.7572  0  4  3.5  -4  1  1g7;2
-10.0436  1  2  2.5  3  1  2d5;2
-8.36269  1  2  1.5  -2  1  2d3;2
-8.15296  2  0  0.5  1  1  3s1;2
-6.87836  0  5  5.5  6  1  1h11;2
