8.00000e-06
2.01709e-02
4.03338e-02
6.04967e-02
8.06596e-02
1.00822e-01
1.20985e-01
1.41148e-01
1.61311e-01
1.81474e-01
2.01637e-01
2.21800e-01
2.41963e-01
2.62126e-01
2.82289e-01
3.02451e-01
3.22614e-01
3.42777e-01
3.62940e-01
3.83103e-01
4.03266e-01
4.23429e-01
4.43592e-01
4.63755e-01
4.83918e-01
5.04080e-01
5.24243e-01
5.44406e-01
5.64569e-01
5.84732e-01
6.04895e-01
6.25058e-01
6.45221e-01
6.65384e-01
6.85547e-01
7.05709e-01
7.25872e-01
7.46035e-01
7.66198e-01
7.86361e-01
8.06524e-01
8.26687e-01
8.46850e-01
8.67013e-01
8.87176e-01
9.07338e-01
9.27501e-01
9.47664e-01
9.67827e-01
9.87990e-01
1.00815e+00
1.02832e+00
1.04848e+00
1.06864e+00
1.08880e+00
1.10897e+00
1.12913e+00
1.14929e+00
1.16946e+00
1.18962e+00
1.20978e+00
1.22994e+00
1.25011e+00
1.27027e+00
1.29043e+00
1.31060e+00
1.33076e+00
1.35092e+00
1.37109e+00
1.39125e+00
1.41141e+00
1.43157e+00
1.45174e+00
1.47190e+00
1.49206e+00
1.51223e+00
1.53239e+00
1.55255e+00
1.57271e+00
1.59288e+00
1.61304e+00
1.63320e+00
1.65337e+00
1.67353e+00
1.69369e+00
1.71385e+00
1.73402e+00
1.75418e+00
1.77434e+00
1.79451e+00
1.81467e+00
1.83483e+00
1.85499e+00
1.87516e+00
1.89532e+00
1.91548e+00
1.93565e+00
1.95581e+00
1.97597e+00
1.99613e+00
2.01630e+00
2.03646e+00
2.05662e+00
2.07679e+00
2.09695e+00
2.11711e+00
2.13728e+00
2.15744e+00
2.17760e+00
2.19776e+00
2.21793e+00
2.23809e+00
2.25825e+00
2.27842e+00
2.29858e+00
2.31874e+00
2.33890e+00
2.35907e+00
2.37923e+00
2.39939e+00
2.41956e+00
2.43972e+00
2.45988e+00
2.48004e+00
2.50021e+00
2.52037e+00
2.54053e+00
2.56070e+00
2.58086e+00
2.60102e+00
2.62118e+00
2.64135e+00
2.66151e+00
2.68167e+00
2.70184e+00
2.72200e+00
2.74216e+00
2.76232e+00
2.78249e+00
2.80265e+00
2.82281e+00
2.84298e+00
2.86314e+00
2.88330e+00
2.90347e+00
2.92363e+00
2.94379e+00
2.96395e+00
2.98412e+00
3.00428e+00
3.02444e+00
3.04461e+00
3.06477e+00
3.08493e+00
3.10509e+00
3.12526e+00
3.14542e+00
3.16558e+00
3.18575e+00
3.20591e+00
3.22607e+00
3.24623e+00
3.26640e+00
3.28656e+00
3.30672e+00
3.32689e+00
3.34705e+00
3.36721e+00
3.38737e+00
3.40754e+00
3.42770e+00
3.44786e+00
3.46803e+00
3.48819e+00
3.50835e+00
3.52852e+00
3.54868e+00
3.56884e+00
3.58900e+00
3.60917e+00
3.62933e+00
3.64949e+00
3.66966e+00
3.68982e+00
3.70998e+00
3.73014e+00
3.75031e+00
3.77047e+00
3.79063e+00
3.81080e+00
3.83096e+00
3.85112e+00
3.87128e+00
3.89145e+00
3.91161e+00
3.93177e+00
3.95194e+00
3.97210e+00
3.99226e+00
4.01242e+00
4.03259e+00
4.05275e+00
4.07291e+00
4.09308e+00
4.11324e+00
4.13340e+00
4.15356e+00
4.17373e+00
4.19389e+00
4.21405e+00
4.23422e+00
4.25438e+00
4.27454e+00
4.29471e+00
4.31487e+00
4.33503e+00
4.35519e+00
4.37536e+00
4.39552e+00
4.41568e+00
4.43585e+00
4.45601e+00
4.47617e+00
4.49633e+00
4.51650e+00
4.53666e+00
4.55682e+00
4.57699e+00
4.59715e+00
4.61731e+00
4.63747e+00
4.65764e+00
4.67780e+00
4.69796e+00
4.71813e+00
4.73829e+00
4.75845e+00
4.77861e+00
4.79878e+00
4.81894e+00
4.83910e+00
4.85927e+00
4.87943e+00
4.89959e+00
4.91976e+00
4.93992e+00
4.96008e+00
4.98024e+00
5.00041e+00
5.02057e+00
5.04073e+00
5.06090e+00
5.08106e+00
5.10122e+00
5.12138e+00
5.14155e+00
5.16171e+00
5.18187e+00
5.20204e+00
5.22220e+00
5.24236e+00
5.26252e+00
5.28269e+00
5.30285e+00
5.32301e+00
5.34318e+00
5.36334e+00
5.38350e+00
5.40366e+00
5.42383e+00
5.44399e+00
5.46415e+00
5.48432e+00
5.50448e+00
5.52464e+00
5.54480e+00
5.56497e+00
5.58513e+00
5.60529e+00
5.62546e+00
5.64562e+00
5.66578e+00
5.68595e+00
5.70611e+00
5.72627e+00
5.74643e+00
5.76660e+00
5.78676e+00
5.80692e+00
5.82709e+00
5.84725e+00
5.86741e+00
5.88757e+00
5.90774e+00
5.92790e+00
5.94806e+00
5.96823e+00
5.98839e+00
6.00855e+00
6.02871e+00
6.04888e+00
6.06904e+00
6.08920e+00
6.10937e+00
6.12953e+00
6.14969e+00
6.16985e+00
6.19002e+00
6.21018e+00
6.23034e+00
6.25051e+00
6.27067e+00
6.29083e+00
6.31099e+00
6.33116e+00
6.35132e+00
6.37148e+00
6.39165e+00
6.41181e+00
6.43197e+00
6.45214e+00
6.47230e+00
6.49246e+00
6.51262e+00
6.53279e+00
6.55295e+00
6.57311e+00
6.59328e+00
6.61344e+00
6.63360e+00
6.65376e+00
6.67393e+00
6.69409e+00
6.71425e+00
6.73442e+00
6.75458e+00
6.77474e+00
6.79490e+00
6.81507e+00
6.83523e+00
6.85539e+00
6.87556e+00
6.89572e+00
6.91588e+00
6.93604e+00
6.95621e+00
6.97637e+00
6.99653e+00
7.01670e+00
7.03686e+00
7.05702e+00
7.07719e+00
7.09735e+00
7.11751e+00
7.13767e+00
7.15784e+00
7.17800e+00
7.19816e+00
7.21833e+00
7.23849e+00
7.25865e+00
7.27881e+00
7.29898e+00
7.31914e+00
7.33930e+00
7.35947e+00
7.37963e+00
7.39979e+00
7.41995e+00
7.44012e+00
7.46028e+00
7.48044e+00
7.50061e+00
7.52077e+00
7.54093e+00
7.56109e+00
7.58126e+00
7.60142e+00
7.62158e+00
7.64175e+00
7.66191e+00
7.68207e+00
7.70223e+00
7.72240e+00
7.74256e+00
7.76272e+00
7.78289e+00
7.80305e+00
7.82321e+00
7.84338e+00
7.86354e+00
7.88370e+00
7.90386e+00
7.92403e+00
7.94419e+00
7.96435e+00
7.98452e+00
8.00468e+00
8.02484e+00
8.04500e+00
8.06517e+00
8.08533e+00
8.10549e+00
8.12566e+00
8.14582e+00
8.16598e+00
8.18614e+00
8.20631e+00
8.22647e+00
8.24663e+00
8.26680e+00
8.28696e+00
8.30712e+00
8.32728e+00
8.34745e+00
8.36761e+00
8.38777e+00
8.40794e+00
8.42810e+00
8.44826e+00
8.46843e+00
8.48859e+00
8.50875e+00
8.52891e+00
8.54908e+00
8.56924e+00
8.58940e+00
8.60957e+00
8.62973e+00
8.64989e+00
8.67005e+00
8.69022e+00
8.71038e+00
8.73054e+00
8.75071e+00
8.77087e+00
8.79103e+00
8.81119e+00
8.83136e+00
8.85152e+00
8.87168e+00
8.89185e+00
8.91201e+00
8.93217e+00
8.95233e+00
8.97250e+00
8.99266e+00
9.01282e+00
9.03299e+00
9.05315e+00
9.07331e+00
9.09347e+00
9.11364e+00
9.13380e+00
9.15396e+00
9.17413e+00
9.19429e+00
9.21445e+00
9.23462e+00
9.25478e+00
9.27494e+00
9.29510e+00
9.31527e+00
9.33543e+00
9.35559e+00
9.37576e+00
9.39592e+00
9.41608e+00
9.43624e+00
9.45641e+00
9.47657e+00
9.49673e+00
9.51690e+00
9.53706e+00
9.55722e+00
9.57738e+00
9.59755e+00
9.61771e+00
9.63787e+00
9.65804e+00
9.67820e+00
9.69836e+00
9.71852e+00
9.73869e+00
9.75885e+00
9.77901e+00
9.79918e+00
9.81934e+00
9.83950e+00
9.85966e+00
9.87983e+00
9.89999e+00
9.92015e+00
9.94032e+00
9.96048e+00
9.98064e+00
1.00008e+01
1.00210e+01
1.00411e+01
1.00613e+01
1.00815e+01
1.01016e+01
1.01218e+01
1.01419e+01
1.01621e+01
1.01823e+01
1.02024e+01
1.02226e+01
1.02428e+01
1.02629e+01
1.02831e+01
1.03032e+01
1.03234e+01
1.03436e+01
1.03637e+01
1.03839e+01
1.04041e+01
1.04242e+01
1.04444e+01
1.04646e+01
1.04847e+01
1.05049e+01
1.05250e+01
1.05452e+01
1.05654e+01
1.05855e+01
1.06057e+01
1.06259e+01
1.06460e+01
1.06662e+01
1.06863e+01
1.07065e+01
1.07267e+01
1.07468e+01
1.07670e+01
1.07872e+01
1.08073e+01
1.08275e+01
1.08476e+01
1.08678e+01
1.08880e+01
1.09081e+01
1.09283e+01
1.09485e+01
1.09686e+01
1.09888e+01
1.10090e+01
1.10291e+01
1.10493e+01
1.10694e+01
1.10896e+01
1.11098e+01
1.11299e+01
1.11501e+01
1.11703e+01
1.11904e+01
1.12106e+01
1.12307e+01
1.12509e+01
1.12711e+01
1.12912e+01
1.13114e+01
1.13316e+01
1.13517e+01
1.13719e+01
1.13920e+01
1.14122e+01
1.14324e+01
1.14525e+01
1.14727e+01
1.14929e+01
1.15130e+01
1.15332e+01
1.15533e+01
1.15735e+01
1.15937e+01
1.16138e+01
1.16340e+01
1.16542e+01
1.16743e+01
1.16945e+01
1.17147e+01
1.17348e+01
1.17550e+01
1.17751e+01
1.17953e+01
1.18155e+01
1.18356e+01
1.18558e+01
1.18760e+01
1.18961e+01
1.19163e+01
1.19364e+01
1.19566e+01
1.19768e+01
1.19969e+01
1.20171e+01
1.20373e+01
1.20574e+01
1.20776e+01
1.20977e+01
1.21179e+01
1.21381e+01
1.21582e+01
1.21784e+01
1.21986e+01
1.22187e+01
1.22389e+01
1.22590e+01
1.22792e+01
1.22994e+01
1.23195e+01
1.23397e+01
1.23599e+01
1.23800e+01
1.24002e+01
1.24204e+01
1.24405e+01
1.24607e+01
1.24808e+01
1.25010e+01
1.25212e+01
1.25413e+01
1.25615e+01
1.25817e+01
1.26018e+01
1.26220e+01
1.26421e+01
1.26623e+01
1.26825e+01
1.27026e+01
1.27228e+01
1.27430e+01
1.27631e+01
1.27833e+01
1.28034e+01
1.28236e+01
1.28438e+01
1.28639e+01
1.28841e+01
1.29043e+01
1.29244e+01
1.29446e+01
1.29648e+01
1.29849e+01
1.30051e+01
1.30252e+01
1.30454e+01
1.30656e+01
1.30857e+01
1.31059e+01
1.31261e+01
1.31462e+01
1.31664e+01
1.31865e+01
1.32067e+01
1.32269e+01
1.32470e+01
1.32672e+01
1.32874e+01
1.33075e+01
1.33277e+01
1.33478e+01
1.33680e+01
1.33882e+01
1.34083e+01
1.34285e+01
1.34487e+01
1.34688e+01
1.34890e+01
1.35091e+01
1.35293e+01
1.35495e+01
1.35696e+01
1.35898e+01
1.36100e+01
1.36301e+01
1.36503e+01
1.36705e+01
1.36906e+01
1.37108e+01
1.37309e+01
1.37511e+01
1.37713e+01
1.37914e+01
1.38116e+01
1.38318e+01
1.38519e+01
1.38721e+01
1.38922e+01
1.39124e+01
1.39326e+01
1.39527e+01
1.39729e+01
1.39931e+01
1.40132e+01
1.40334e+01
1.40535e+01
1.40737e+01
1.40939e+01
1.41140e+01
1.41342e+01
1.41544e+01
1.41745e+01
1.41947e+01
1.42149e+01
1.42350e+01
1.42552e+01
1.42753e+01
1.42955e+01
1.43157e+01
1.43358e+01
1.43560e+01
1.43762e+01
1.43963e+01
1.44165e+01
1.44366e+01
1.44568e+01
1.44770e+01
1.44971e+01
1.45173e+01
1.45375e+01
1.45576e+01
1.45778e+01
1.45979e+01
1.46181e+01
1.46383e+01
1.46584e+01
1.46786e+01
1.46988e+01
1.47189e+01
1.47391e+01
1.47592e+01
1.47794e+01
1.47996e+01
1.48197e+01
1.48399e+01
1.48601e+01
1.48802e+01
1.49004e+01
1.49206e+01
1.49407e+01
1.49609e+01
1.49810e+01
1.50012e+01
1.50214e+01
1.50415e+01
1.50617e+01
1.50819e+01
1.51020e+01
1.51222e+01
1.51423e+01
1.51625e+01
1.51827e+01
1.52028e+01
1.52230e+01
1.52432e+01
1.52633e+01
1.52835e+01
1.53036e+01
1.53238e+01
1.53440e+01
1.53641e+01
1.53843e+01
1.54045e+01
1.54246e+01
1.54448e+01
1.54650e+01
1.54851e+01
1.55053e+01
1.55254e+01
1.55456e+01
1.55658e+01
1.55859e+01
1.56061e+01
1.56263e+01
1.56464e+01
1.56666e+01
1.56867e+01
1.57069e+01
1.57271e+01
1.57472e+01
1.57674e+01
1.57876e+01
1.58077e+01
1.58279e+01
1.58480e+01
1.58682e+01
1.58884e+01
1.59085e+01
1.59287e+01
1.59489e+01
1.59690e+01
1.59892e+01
1.60093e+01
1.60295e+01
1.60497e+01
1.60698e+01
1.60900e+01
1.61102e+01
1.61303e+01
