-8.57798  3.44473  0
-8.43459  3.45526  0
-8.59674  3.43951  0
-8.5307  3.45119  0
-8.46987  3.45202  0
-8.42998  3.45461  0
-8.536  3.45168  0
-8.47877  3.46109  0
-8.54898  3.44378  0
-8.47514  3.44555  0
-8.55425  3.45875  0
-8.56937  3.44751  0
-8.51221  3.46112  0
-8.47189  3.45732  0
-8.56849  3.4434  0
-8.51626  3.44389  0
-8.47702  3.4578  0
-8.52586  3.44742  0
-8.52588  3.45399  0
-8.49801  3.45601  0
-8.50525  3.45099  0
-8.53657  3.45168  0
-8.51106  3.45466  0
-8.42106  3.45814  0
-8.488  3.45855  0
-8.50761  3.44904  0
-8.56118  3.44861  0
-8.52593  3.44731  0
-8.62668  3.43797  0
-8.53914  3.44435  0
-8.52611  3.4535  0
-8.53413  3.44909  0
-8.55173  3.45315  0
-8.45966  3.46491  0
-8.60378  3.44569  0
-8.4458  3.46526  0
-8.52674  3.45105  0
-8.43906  3.46275  0
-8.57071  3.44864  0
-8.5176  3.45037  0
-8.58007  3.4534  0
-8.60007  3.44458  0
-8.51789  3.45215  0
-8.56284  3.4528  0
-8.55036  3.44083  0
-8.57032  3.45175  0
-8.56342  3.44395  0
-8.51609  3.4544  0
-8.49863  3.45328  0
-8.40226  3.46322  0
