-8.5955  3.45129  0
-8.47001  3.46715  0
-8.6262  3.46493  0
-8.62349  3.46017  0
-8.52265  3.4558  0
-8.5551  3.45162  0
-8.50802  3.47039  0
-8.5601  3.45527  0
-8.5401  3.452  0
-8.55946  3.45868  0
-8.51882  3.45887  0
-8.5755  3.45984  0
-8.51006  3.46561  0
-8.54278  3.44893  0
-8.59132  3.46046  0
-8.53203  3.46727  0
-8.47385  3.46173  0
-8.55821  3.45938  0
-8.5453  3.45585  0
-8.53755  3.46133  0
-8.51007  3.45931  0
-8.57666  3.45432  0
-8.61539  3.45592  0
-8.53967  3.4578  0
-8.45932  3.45962  0
-8.51858  3.44575  0
-8.55473  3.45013  0
-8.55554  3.46536  0
-8.51783  3.46131  0
-8.56735  3.45683  0
-8.55196  3.46321  0
-8.51573  3.46094  0
-8.59613  3.46063  0
-8.5868  3.45524  0
-8.62594  3.44293  0
-8.63847  3.46546  0
-8.57921  3.45149  0
-8.60692  3.45781  0
-8.54034  3.45961  0
-8.57377  3.45751  0
-8.59592  3.45154  0
-8.52665  3.44659  0
-8.51297  3.46055  0
-8.51009  3.45452  0
-8.53914  3.46578  0
-8.5254  3.46515  0
-8.5372  3.45082  0
-8.46909  3.4549  0
-8.48824  3.47475  0
-8.5907  3.45799  0
