8.0000000000e-06
1.3550999498e-02
2.7093998995e-02
4.0636998493e-02
5.4179997991e-02
6.7722997488e-02
8.1265996986e-02
9.4808996484e-02
1.0835199598e-01
1.2189499548e-01
1.3543799498e-01
1.4898099447e-01
1.6252399397e-01
1.7606699347e-01
1.8960999297e-01
2.0315299247e-01
2.1669599196e-01
2.3023899146e-01
2.4378199096e-01
2.5732499046e-01
2.7086798995e-01
2.8441098945e-01
2.9795398895e-01
3.1149698845e-01
3.2503998794e-01
3.3858298744e-01
3.5212598694e-01
3.6566898644e-01
3.7921198594e-01
3.9275498543e-01
4.0629798493e-01
4.1984098443e-01
4.3338398393e-01
4.4692698342e-01
4.6046998292e-01
4.7401298242e-01
4.8755598192e-01
5.0109898141e-01
5.1464198091e-01
5.2818498041e-01
5.4172797991e-01
5.5527097940e-01
5.6881397890e-01
5.8235697840e-01
5.9589997790e-01
6.0944297740e-01
6.2298597689e-01
6.3652897639e-01
6.5007197589e-01
6.6361497539e-01
6.7715797488e-01
6.9070097438e-01
7.0424397388e-01
7.1778697338e-01
7.3132997287e-01
7.4487297237e-01
7.5841597187e-01
7.7195897137e-01
7.8550197087e-01
7.9904497036e-01
8.1258796986e-01
8.2613096936e-01
8.3967396886e-01
8.5321696835e-01
8.6675996785e-01
8.8030296735e-01
8.9384596685e-01
9.0738896634e-01
9.2093196584e-01
9.3447496534e-01
9.4801796484e-01
9.6156096434e-01
9.7510396383e-01
9.8864696333e-01
1.0021899628e+00
1.0157329623e+00
1.0292759618e+00
1.0428189613e+00
1.0563619608e+00
1.0699049603e+00
1.0834479598e+00
1.0969909593e+00
1.1105339588e+00
1.1240769583e+00
1.1376199578e+00
1.1511629573e+00
1.1647059568e+00
1.1782489563e+00
1.1917919558e+00
1.2053349553e+00
1.2188779548e+00
1.2324209543e+00
1.2459639538e+00
1.2595069533e+00
1.2730499528e+00
1.2865929523e+00
1.3001359518e+00
1.3136789513e+00
1.3272219508e+00
1.3407649503e+00
1.3543079498e+00
1.3678509493e+00
1.3813939488e+00
1.3949369483e+00
1.4084799478e+00
1.4220229473e+00
1.4355659468e+00
1.4491089463e+00
1.4626519457e+00
1.4761949452e+00
1.4897379447e+00
1.5032809442e+00
1.5168239437e+00
1.5303669432e+00
1.5439099427e+00
1.5574529422e+00
1.5709959417e+00
1.5845389412e+00
1.5980819407e+00
1.6116249402e+00
1.6251679397e+00
1.6387109392e+00
1.6522539387e+00
1.6657969382e+00
1.6793399377e+00
1.6928829372e+00
1.7064259367e+00
1.7199689362e+00
1.7335119357e+00
1.7470549352e+00
1.7605979347e+00
1.7741409342e+00
1.7876839337e+00
1.8012269332e+00
1.8147699327e+00
1.8283129322e+00
1.8418559317e+00
1.8553989312e+00
1.8689419307e+00
1.8824849302e+00
1.8960279297e+00
1.9095709292e+00
1.9231139287e+00
1.9366569282e+00
1.9501999277e+00
1.9637429272e+00
1.9772859267e+00
1.9908289262e+00
2.0043719257e+00
2.0179149252e+00
2.0314579247e+00
2.0450009241e+00
2.0585439236e+00
2.0720869231e+00
2.0856299226e+00
2.0991729221e+00
2.1127159216e+00
2.1262589211e+00
2.1398019206e+00
2.1533449201e+00
2.1668879196e+00
2.1804309191e+00
2.1939739186e+00
2.2075169181e+00
2.2210599176e+00
2.2346029171e+00
2.2481459166e+00
2.2616889161e+00
2.2752319156e+00
2.2887749151e+00
2.3023179146e+00
2.3158609141e+00
2.3294039136e+00
2.3429469131e+00
2.3564899126e+00
2.3700329121e+00
2.3835759116e+00
2.3971189111e+00
2.4106619106e+00
2.4242049101e+00
2.4377479096e+00
2.4512909091e+00
2.4648339086e+00
2.4783769081e+00
2.4919199076e+00
2.5054629071e+00
2.5190059066e+00
2.5325489061e+00
2.5460919056e+00
2.5596349051e+00
2.5731779046e+00
2.5867209041e+00
2.6002639036e+00
2.6138069031e+00
2.6273499025e+00
2.6408929020e+00
2.6544359015e+00
2.6679789010e+00
2.6815219005e+00
2.6950649000e+00
2.7086078995e+00
2.7221508990e+00
2.7356938985e+00
2.7492368980e+00
2.7627798975e+00
2.7763228970e+00
2.7898658965e+00
2.8034088960e+00
2.8169518955e+00
2.8304948950e+00
2.8440378945e+00
2.8575808940e+00
2.8711238935e+00
2.8846668930e+00
2.8982098925e+00
2.9117528920e+00
2.9252958915e+00
2.9388388910e+00
2.9523818905e+00
2.9659248900e+00
2.9794678895e+00
2.9930108890e+00
3.0065538885e+00
3.0200968880e+00
3.0336398875e+00
3.0471828870e+00
3.0607258865e+00
3.0742688860e+00
3.0878118855e+00
3.1013548850e+00
3.1148978845e+00
3.1284408840e+00
3.1419838835e+00
3.1555268830e+00
3.1690698825e+00
3.1826128820e+00
3.1961558815e+00
3.2096988810e+00
3.2232418804e+00
3.2367848799e+00
3.2503278794e+00
3.2638708789e+00
3.2774138784e+00
3.2909568779e+00
3.3044998774e+00
3.3180428769e+00
3.3315858764e+00
3.3451288759e+00
3.3586718754e+00
3.3722148749e+00
3.3857578744e+00
3.3993008739e+00
3.4128438734e+00
3.4263868729e+00
3.4399298724e+00
3.4534728719e+00
3.4670158714e+00
3.4805588709e+00
3.4941018704e+00
3.5076448699e+00
3.5211878694e+00
3.5347308689e+00
3.5482738684e+00
3.5618168679e+00
3.5753598674e+00
3.5889028669e+00
3.6024458664e+00
3.6159888659e+00
3.6295318654e+00
3.6430748649e+00
3.6566178644e+00
3.6701608639e+00
3.6837038634e+00
3.6972468629e+00
3.7107898624e+00
3.7243328619e+00
3.7378758614e+00
3.7514188609e+00
3.7649618604e+00
3.7785048599e+00
3.7920478594e+00
3.8055908588e+00
3.8191338583e+00
3.8326768578e+00
3.8462198573e+00
3.8597628568e+00
3.8733058563e+00
3.8868488558e+00
3.9003918553e+00
3.9139348548e+00
3.9274778543e+00
3.9410208538e+00
3.9545638533e+00
3.9681068528e+00
3.9816498523e+00
3.9951928518e+00
4.0087358513e+00
4.0222788508e+00
4.0358218503e+00
4.0493648498e+00
4.0629078493e+00
4.0764508488e+00
4.0899938483e+00
4.1035368478e+00
4.1170798473e+00
4.1306228468e+00
4.1441658463e+00
4.1577088458e+00
4.1712518453e+00
4.1847948448e+00
4.1983378443e+00
4.2118808438e+00
4.2254238433e+00
4.2389668428e+00
4.2525098423e+00
4.2660528418e+00
4.2795958413e+00
4.2931388408e+00
4.3066818403e+00
4.3202248398e+00
4.3337678393e+00
4.3473108388e+00
4.3608538383e+00
4.3743968378e+00
4.3879398372e+00
4.4014828367e+00
4.4150258362e+00
4.4285688357e+00
4.4421118352e+00
4.4556548347e+00
4.4691978342e+00
4.4827408337e+00
4.4962838332e+00
4.5098268327e+00
4.5233698322e+00
4.5369128317e+00
4.5504558312e+00
4.5639988307e+00
4.5775418302e+00
4.5910848297e+00
4.6046278292e+00
4.6181708287e+00
4.6317138282e+00
4.6452568277e+00
4.6587998272e+00
4.6723428267e+00
4.6858858262e+00
4.6994288257e+00
4.7129718252e+00
4.7265148247e+00
4.7400578242e+00
4.7536008237e+00
4.7671438232e+00
4.7806868227e+00
4.7942298222e+00
4.8077728217e+00
4.8213158212e+00
4.8348588207e+00
4.8484018202e+00
4.8619448197e+00
4.8754878192e+00
4.8890308187e+00
4.9025738182e+00
4.9161168177e+00
4.9296598172e+00
4.9432028167e+00
4.9567458162e+00
4.9702888156e+00
4.9838318151e+00
4.9973748146e+00
5.0109178141e+00
5.0244608136e+00
5.0380038131e+00
5.0515468126e+00
5.0650898121e+00
5.0786328116e+00
5.0921758111e+00
5.1057188106e+00
5.1192618101e+00
5.1328048096e+00
5.1463478091e+00
5.1598908086e+00
5.1734338081e+00
5.1869768076e+00
5.2005198071e+00
5.2140628066e+00
5.2276058061e+00
5.2411488056e+00
5.2546918051e+00
5.2682348046e+00
5.2817778041e+00
5.2953208036e+00
5.3088638031e+00
5.3224068026e+00
5.3359498021e+00
5.3494928016e+00
5.3630358011e+00
5.3765788006e+00
5.3901218001e+00
5.4036647996e+00
5.4172077991e+00
5.4307507986e+00
5.4442937981e+00
5.4578367976e+00
5.4713797971e+00
5.4849227966e+00
5.4984657961e+00
5.5120087956e+00
5.5255517951e+00
5.5390947946e+00
5.5526377940e+00
5.5661807935e+00
5.5797237930e+00
5.5932667925e+00
5.6068097920e+00
5.6203527915e+00
5.6338957910e+00
5.6474387905e+00
5.6609817900e+00
5.6745247895e+00
5.6880677890e+00
5.7016107885e+00
5.7151537880e+00
5.7286967875e+00
5.7422397870e+00
5.7557827865e+00
5.7693257860e+00
5.7828687855e+00
5.7964117850e+00
5.8099547845e+00
5.8234977840e+00
5.8370407835e+00
5.8505837830e+00
5.8641267825e+00
5.8776697820e+00
5.8912127815e+00
5.9047557810e+00
5.9182987805e+00
5.9318417800e+00
5.9453847795e+00
5.9589277790e+00
5.9724707785e+00
5.9860137780e+00
5.9995567775e+00
6.0130997770e+00
6.0266427765e+00
6.0401857760e+00
6.0537287755e+00
6.0672717750e+00
6.0808147745e+00
6.0943577740e+00
6.1079007735e+00
6.1214437730e+00
6.1349867724e+00
6.1485297719e+00
6.1620727714e+00
6.1756157709e+00
6.1891587704e+00
6.2027017699e+00
6.2162447694e+00
6.2297877689e+00
6.2433307684e+00
6.2568737679e+00
6.2704167674e+00
6.2839597669e+00
6.2975027664e+00
6.3110457659e+00
6.3245887654e+00
6.3381317649e+00
6.3516747644e+00
6.3652177639e+00
6.3787607634e+00
6.3923037629e+00
6.4058467624e+00
6.4193897619e+00
6.4329327614e+00
6.4464757609e+00
6.4600187604e+00
6.4735617599e+00
6.4871047594e+00
6.5006477589e+00
6.5141907584e+00
6.5277337579e+00
6.5412767574e+00
6.5548197569e+00
6.5683627564e+00
6.5819057559e+00
6.5954487554e+00
6.6089917549e+00
6.6225347544e+00
6.6360777539e+00
6.6496207534e+00
6.6631637529e+00
6.6767067524e+00
6.6902497519e+00
6.7037927514e+00
6.7173357508e+00
6.7308787503e+00
6.7444217498e+00
6.7579647493e+00
6.7715077488e+00
6.7850507483e+00
6.7985937478e+00
6.8121367473e+00
6.8256797468e+00
6.8392227463e+00
6.8527657458e+00
6.8663087453e+00
6.8798517448e+00
6.8933947443e+00
6.9069377438e+00
6.9204807433e+00
6.9340237428e+00
6.9475667423e+00
6.9611097418e+00
6.9746527413e+00
6.9881957408e+00
7.0017387403e+00
7.0152817398e+00
7.0288247393e+00
7.0423677388e+00
7.0559107383e+00
7.0694537378e+00
7.0829967373e+00
7.0965397368e+00
7.1100827363e+00
7.1236257358e+00
7.1371687353e+00
7.1507117348e+00
7.1642547343e+00
7.1777977338e+00
7.1913407333e+00
7.2048837328e+00
7.2184267323e+00
7.2319697318e+00
7.2455127313e+00
7.2590557308e+00
7.2725987303e+00
7.2861417298e+00
7.2996847292e+00
7.3132277287e+00
7.3267707282e+00
7.3403137277e+00
7.3538567272e+00
7.3673997267e+00
7.3809427262e+00
7.3944857257e+00
7.4080287252e+00
7.4215717247e+00
7.4351147242e+00
7.4486577237e+00
7.4622007232e+00
7.4757437227e+00
7.4892867222e+00
7.5028297217e+00
7.5163727212e+00
7.5299157207e+00
7.5434587202e+00
7.5570017197e+00
7.5705447192e+00
7.5840877187e+00
7.5976307182e+00
7.6111737177e+00
7.6247167172e+00
7.6382597167e+00
7.6518027162e+00
7.6653457157e+00
7.6788887152e+00
7.6924317147e+00
7.7059747142e+00
7.7195177137e+00
7.7330607132e+00
7.7466037127e+00
7.7601467122e+00
7.7736897117e+00
7.7872327112e+00
7.8007757107e+00
7.8143187102e+00
7.8278617097e+00
7.8414047092e+00
7.8549477087e+00
7.8684907082e+00
7.8820337076e+00
7.8955767071e+00
7.9091197066e+00
7.9226627061e+00
7.9362057056e+00
7.9497487051e+00
7.9632917046e+00
7.9768347041e+00
7.9903777036e+00
8.0039207031e+00
8.0174637026e+00
8.0310067021e+00
8.0445497016e+00
8.0580927011e+00
8.0716357006e+00
8.0851787001e+00
8.0987216996e+00
8.1122646991e+00
8.1258076986e+00
8.1393506981e+00
8.1528936976e+00
8.1664366971e+00
8.1799796966e+00
8.1935226961e+00
8.2070656956e+00
8.2206086951e+00
8.2341516946e+00
8.2476946941e+00
8.2612376936e+00
8.2747806931e+00
8.2883236926e+00
8.3018666921e+00
8.3154096916e+00
8.3289526911e+00
8.3424956906e+00
8.3560386901e+00
8.3695816896e+00
8.3831246891e+00
8.3966676886e+00
8.4102106881e+00
8.4237536876e+00
8.4372966871e+00
8.4508396866e+00
8.4643826860e+00
8.4779256855e+00
8.4914686850e+00
8.5050116845e+00
8.5185546840e+00
8.5320976835e+00
8.5456406830e+00
8.5591836825e+00
8.5727266820e+00
8.5862696815e+00
8.5998126810e+00
8.6133556805e+00
8.6268986800e+00
8.6404416795e+00
8.6539846790e+00
8.6675276785e+00
8.6810706780e+00
8.6946136775e+00
8.7081566770e+00
8.7216996765e+00
8.7352426760e+00
8.7487856755e+00
8.7623286750e+00
8.7758716745e+00
8.7894146740e+00
8.8029576735e+00
8.8165006730e+00
8.8300436725e+00
8.8435866720e+00
8.8571296715e+00
8.8706726710e+00
8.8842156705e+00
8.8977586700e+00
8.9113016695e+00
8.9248446690e+00
8.9383876685e+00
8.9519306680e+00
8.9654736675e+00
8.9790166670e+00
8.9925596665e+00
9.0061026660e+00
9.0196456655e+00
9.0331886650e+00
9.0467316644e+00
9.0602746639e+00
9.0738176634e+00
9.0873606629e+00
9.1009036624e+00
9.1144466619e+00
9.1279896614e+00
9.1415326609e+00
9.1550756604e+00
9.1686186599e+00
9.1821616594e+00
9.1957046589e+00
9.2092476584e+00
9.2227906579e+00
9.2363336574e+00
9.2498766569e+00
9.2634196564e+00
9.2769626559e+00
9.2905056554e+00
9.3040486549e+00
9.3175916544e+00
9.3311346539e+00
9.3446776534e+00
9.3582206529e+00
9.3717636524e+00
9.3853066519e+00
9.3988496514e+00
9.4123926509e+00
9.4259356504e+00
9.4394786499e+00
9.4530216494e+00
9.4665646489e+00
9.4801076484e+00
9.4936506479e+00
9.5071936474e+00
9.5207366469e+00
9.5342796464e+00
9.5478226459e+00
9.5613656454e+00
9.5749086449e+00
9.5884516444e+00
9.6019946439e+00
9.6155376434e+00
9.6290806428e+00
9.6426236423e+00
9.6561666418e+00
9.6697096413e+00
9.6832526408e+00
9.6967956403e+00
9.7103386398e+00
9.7238816393e+00
9.7374246388e+00
9.7509676383e+00
9.7645106378e+00
9.7780536373e+00
9.7915966368e+00
9.8051396363e+00
9.8186826358e+00
9.8322256353e+00
9.8457686348e+00
9.8593116343e+00
9.8728546338e+00
9.8863976333e+00
9.8999406328e+00
9.9134836323e+00
9.9270266318e+00
9.9405696313e+00
9.9541126308e+00
9.9676556303e+00
9.9811986298e+00
9.9947416293e+00
1.0008284629e+01
1.0021827628e+01
1.0035370628e+01
1.0048913627e+01
1.0062456627e+01
1.0075999626e+01
1.0089542626e+01
1.0103085625e+01
1.0116628625e+01
1.0130171624e+01
1.0143714624e+01
1.0157257623e+01
1.0170800623e+01
1.0184343622e+01
1.0197886622e+01
1.0211429621e+01
1.0224972621e+01
1.0238515620e+01
1.0252058620e+01
1.0265601619e+01
1.0279144619e+01
1.0292687618e+01
1.0306230618e+01
1.0319773617e+01
1.0333316617e+01
1.0346859616e+01
1.0360402616e+01
1.0373945615e+01
1.0387488615e+01
1.0401031614e+01
1.0414574614e+01
1.0428117613e+01
1.0441660613e+01
1.0455203612e+01
1.0468746612e+01
1.0482289611e+01
1.0495832611e+01
1.0509375610e+01
1.0522918610e+01
1.0536461609e+01
1.0550004609e+01
1.0563547608e+01
1.0577090608e+01
1.0590633607e+01
1.0604176607e+01
1.0617719606e+01
1.0631262606e+01
1.0644805605e+01
1.0658348605e+01
1.0671891604e+01
1.0685434604e+01
1.0698977603e+01
1.0712520603e+01
1.0726063602e+01
1.0739606602e+01
1.0753149601e+01
1.0766692601e+01
1.0780235600e+01
1.0793778600e+01
1.0807321599e+01
1.0820864599e+01
1.0834407598e+01
