66.6328  67.8052  68.0449  68.9787  69.4383  69.4582  70.0729  
66.6354  67.7869  68.0216  68.945  69.3983  69.428  70.0309  
66.577  67.7612  68.0059  68.955  69.4322  69.4683  70.0697  
66.6448  67.8021  68.0374  68.962  69.4134  69.4359  70.0473  
66.6715  67.8292  68.0611  68.9895  69.4344  69.4566  70.0744  
66.6005  67.768  68.0073  68.9432  69.409  69.4414  70.0421  
66.582  67.7532  67.9921  68.934  69.4002  69.4362  70.0389  
66.5778  67.744  67.985  68.9217  69.3934  69.4331  70.025  
66.5781  67.7443  67.9837  68.9235  69.392  69.4344  70.0299  
66.56  67.7381  67.9879  68.9186  69.3974  69.4199  70.0203  
66.561  67.7441  67.9905  68.936  69.4173  69.4522  70.0485  
66.6334  67.7952  68.0366  68.9563  69.4166  69.4334  70.0413  
66.6107  67.7674  67.9999  68.9352  69.3866  69.4253  70.0337  
66.6086  67.7758  68.0149  68.9503  69.4153  69.4472  70.0482  
66.6958  67.8394  68.069  68.9843  69.4218  69.4414  70.0579  
66.6197  67.7884  68.0274  68.9618  69.425  69.4517  70.0571  
66.5485  67.7418  67.9927  68.9386  69.4248  69.4495  70.0507  
66.6227  67.7861  68.0239  68.9558  69.4164  69.4458  70.0495  
66.6035  67.7804  68.0175  68.9697  69.4331  69.4743  70.083  
66.535  67.7192  67.9701  68.9117  69.4004  69.4343  70.0242  
66.6447  67.8107  68.0496  68.9759  69.4314  69.4477  70.0639  
66.6492  67.8234  68.0606  68.9998  69.4571  69.4789  70.0963  
66.5901  67.7663  68.0057  68.9558  69.4276  69.4708  70.0675  
66.5644  67.7348  67.9755  68.922  69.4  69.4503  70.034  
66.5615  67.7401  67.9869  68.9307  69.4127  69.4532  70.0442  
66.6084  67.7687  68.0062  68.9381  69.3998  69.4349  70.035  
66.6402  67.8002  68.0386  68.9624  69.4188  69.4405  70.0491  
66.6309  67.7967  68.0393  68.9598  69.4226  69.4356  70.0434  
66.5916  67.7647  68.009  68.9409  69.4096  69.4336  70.0405  
66.6334  67.7993  68.0338  68.976  69.4339  69.4718  70.0778  
66.6175  67.7838  68.0202  68.9593  69.421  69.4562  70.0594  
66.5555  67.7258  67.9708  68.9053  69.3822  69.4178  70.0094  
66.552  67.7344  67.978  68.928  69.4061  69.4454  70.0432  
66.5937  67.7637  68.0041  68.94  69.4052  69.4349  70.0402  
66.5817  67.7448  67.982  68.9202  69.3843  69.4255  70.0232  
66.5907  67.7611  67.9994  68.9388  69.4015  69.4331  70.0406  
66.5548  67.7357  67.9811  68.9254  69.4043  69.4392  70.0366  
66.6326  67.7962  68.0344  68.9636  69.4217  69.4465  70.0555  
66.6093  67.7708  68.007  68.9414  69.401  69.4359  70.0378  
66.6436  67.8097  68.0524  68.9744  69.437  69.4521  70.0611  
66.6441  67.7962  68.0291  68.9574  69.409  69.4436  70.048  
66.638  67.7889  68.0208  68.9454  69.39  69.418  70.0326  
66.6907  67.8556  68.097  69.0136  69.4687  69.4737  70.0917  
66.549  67.728  67.9765  68.9129  69.3923  69.4217  70.0208  
66.5755  67.7477  67.9926  68.9224  69.3931  69.4158  70.0192  
66.6115  67.7838  68.0206  68.9658  69.4288  69.4647  70.0708  
66.5672  67.735  67.9754  68.9131  69.3824  69.4201  70.0168  
66.6607  67.8188  68.0514  68.9788  69.4243  69.4455  70.0643  
66.6184  67.7847  68.0252  68.9543  69.4182  69.4425  70.0465  
66.604  67.7827  68.0243  68.9655  69.4347  69.4601  70.0661  
